9 -0.06 -0.045 -0.03 -0.015 0 0.015 0.03 0.045 0.06
9 -0.06 -0.045 -0.03 -0.015 0 0.015 0.03 0.045 0.06
31 0 0.05 0.1 0.15 0.2 0.25 0.3 0.35 0.4 0.45 0.5 0.55 0.6000000000000001 0.65 0.7000000000000001 0.75 0.8 0.8500000000000001 0.9 0.9500000000000001 1 1.05 1.1 1.15 1.2 1.25 1.3 1.35 1.4 1.45 1.5
0 0 0 0 0 0 0 0 0
0 0 0 0 0 0 0 0 0
0 0 0 0 0 0 0 0 0
0 0 0 0 0 0 0 0 0
0 0 0 0 -0.7216731216533532 0 0 0 0
0 0 0 0 0 0 0 0 0
0 0 0 0 0 0 0 0 0
0 0 0 0 0 0 0 0 0
0 0 0 0 0 0 0 0 0
0 0 -0.9712925552901338 -1.218297793374725 -1.290432298511713 -1.218297793374725 -0.9712925552901338 0 0
0 -1.140710411735546 -1.471102854498682 -1.540457930730619 -1.536203362181008 -1.540457930730619 -1.471102854498682 -1.140710411735546 0
-0.9712925552901338 -1.471102854498682 -1.514675886428882 -1.356759558501339 -1.279501245083865 -1.356759558501339 -1.514675886428882 -1.471102854498682 -0.9712925552901338
-1.218297793374725 -1.540457930730619 -1.356759558501339 -1.125728147804404 -1.053975624000492 -1.125728147804404 -1.356759558501339 -1.540457930730619 -1.218297793374725
-1.290432298511713 -1.536203362181008 -1.279501245083865 -1.053975624000492 -0.987192352519108 -1.053975624000492 -1.279501245083865 -1.536203362181008 -1.290432298511713
-1.218297793374725 -1.540457930730619 -1.356759558501339 -1.125728147804404 -1.053975624000492 -1.125728147804404 -1.356759558501339 -1.540457930730619 -1.218297793374725
-0.9712925552901338 -1.471102854498682 -1.514675886428882 -1.356759558501339 -1.279501245083865 -1.356759558501339 -1.514675886428882 -1.471102854498682 -0.9712925552901338
0 -1.140710411735546 -1.471102854498682 -1.540457930730619 -1.536203362181008 -1.540457930730619 -1.471102854498682 -1.140710411735546 0
0 0 -0.9712925552901338 -1.218297793374725 -1.290432298511713 -1.218297793374725 -0.9712925552901338 0 0
-0.9118419845611057 -0.758332195483391 -0.5007737491543007 -0.2796798912384307 -0.1936468559722977 -0.2796798912384307 -0.5007737491543007 -0.758332195483391 -0.9118419845611057
-0.758332195483391 -0.3593632176832217 0 0 0 0 0 -0.3593632176832217 -0.758332195483391
-0.5007737491543007 0 0 -0.1051484814309607 -0.1651335512114674 -0.1051484814309607 0 0 -0.5007737491543007
-0.2796798912384307 0 -0.1051484814309607 -0.2787031739469975 -0.3269405425892541 -0.2787031739469975 -0.1051484814309607 0 -0.2796798912384307
-0.1936468559722977 0 -0.1651335512114674 -0.3269405425892541 -0.3684061479714918 -0.3269405425892541 -0.1651335512114674 0 -0.1936468559722977
-0.2796798912384307 0 -0.1051484814309607 -0.2787031739469975 -0.3269405425892541 -0.2787031739469975 -0.1051484814309607 0 -0.2796798912384307
-0.5007737491543007 0 0 -0.1051484814309607 -0.1651335512114674 -0.1051484814309607 0 0 -0.5007737491543007
-0.758332195483391 -0.3593632176832217 0 0 0 0 0 -0.3593632176832217 -0.758332195483391
-0.9118419845611057 -0.758332195483391 -0.5007737491543007 -0.2796798912384307 -0.1936468559722977 -0.2796798912384307 -0.5007737491543007 -0.758332195483391 -0.9118419845611057
0 0 0 0 0 0 0 0 0
0 0 0 0 0 0 0 0 0
0 0 0 -0.008199521999878365 -0.01540220998361773 -0.008199521999878365 0 0 0
0 0 -0.008199521999878365 -0.0313248145742286 -0.04021437029493008 -0.0313248145742286 -0.008199521999878365 0 0
0 0 -0.01540220998361773 -0.04021437029493008 -0.0496569391362071 -0.04021437029493008 -0.01540220998361773 0 0
0 0 -0.008199521999878365 -0.0313248145742286 -0.04021437029493008 -0.0313248145742286 -0.008199521999878365 0 0
0 0 0 -0.008199521999878365 -0.01540220998361773 -0.008199521999878365 0 0 0
0 0 0 0 0 0 0 0 0
0 0 0 0 0 0 0 0 0
0 0 0 0 0 0 0 0 0
0 0 0 0 0 0 0 0 0
0 0 0 0 -0.0009320589684889273 0 0 0 0
0 0 0 -0.003092704406527918 -0.004275280716885313 -0.003092704406527918 0 0 0
0 0 -0.0009320589684889273 -0.004275280716885313 -0.005539421744076302 -0.004275280716885313 -0.0009320589684889273 0 0
0 0 0 -0.003092704406527918 -0.004275280716885313 -0.003092704406527918 0 0 0
0 0 0 0 -0.0009320589684889273 0 0 0 0
0 0 0 0 0 0 0 0 0
0 0 0 0 0 0 0 0 0
0 0 0 0 0 0 0 0 0
0 0 0 0 0 0 0 0 0
0 0 0 0 -4.226928990079614e-05 0 0 0 0
0 0 0 -0.0002750620263458149 -0.0004077746538045353 -0.0002750620263458149 0 0 0
0 0 -4.226928990079614e-05 -0.0004077746538045353 -0.0005519913229666271 -0.0004077746538045353 -4.226928990079614e-05 0 0
0 0 0 -0.0002750620263458149 -0.0004077746538045353 -0.0002750620263458149 0 0 0
0 0 0 0 -4.226928990079614e-05 0 0 0 0
0 0 0 0 0 0 0 0 0
0 0 0 0 0 0 0 0 0
0 0 0 0 0 0 0 0 0
0 0 0 0 0 0 0 0 0
0 0 0 0 -2.127818953762107e-05 0 0 0 0
0 0 0 -0.0001385215567699197 -0.0002054094754990899 -0.0001385215567699197 0 0 0
0 0 -2.127818953762107e-05 -0.0002054094754990899 -0.0002781290123913204 -0.0002054094754990899 -2.127818953762107e-05 0 0
0 0 0 -0.0001385215567699197 -0.0002054094754990899 -0.0001385215567699197 0 0 0
0 0 0 0 -2.127818953762107e-05 0 0 0 0
0 0 0 0 0 0 0 0 0
0 0 0 0 0 0 0 0 0
0 0 0 0 0 0 0 0 0
0 0 0 0 0 0 0 0 0
0 0 0 0 -2.87089174533321e-07 0 0 0 0
0 0 0 -1.981087194071733e-06 -3.044297193826321e-06 -1.981087194071733e-06 0 0 0
0 0 -2.87089174533321e-07 -3.044297193826321e-06 -4.266701816231944e-06 -3.044297193826321e-06 -2.87089174533321e-07 0 0
0 0 0 -1.981087194071733e-06 -3.044297193826321e-06 -1.981087194071733e-06 0 0 0
0 0 0 0 -2.87089174533321e-07 0 0 0 0
0 0 0 0 0 0 0 0 0
0 0 0 0 0 0 0 0 0
0 0 0 0 0 0 0 0 0
0 0 0 0 0 0 0 0 0
0 0 0 0 8.171470653630422e-06 0 0 0 0
0 0 0 5.306474605263793e-05 7.85628570674747e-05 5.306474605263793e-05 0 0 0
0 0 8.171470653630422e-06 7.85628570674747e-05 0.0001062058475857339 7.85628570674747e-05 8.171470653630422e-06 0 0
0 0 0 5.306474605263793e-05 7.85628570674747e-05 5.306474605263793e-05 0 0 0
0 0 0 0 8.171470653630422e-06 0 0 0 0
0 0 0 0 0 0 0 0 0
0 0 0 0 0 0 0 0 0
0 0 0 0 0 0 0 0 0
0 0 0 0 0 0 0 0 0
0 0 0 0 3.745282580999628e-06 0 0 0 0
0 0 0 2.432566422644595e-05 3.601827270345261e-05 2.432566422644595e-05 0 0 0
0 0 3.745282580999628e-06 3.601827270345261e-05 4.869682322640437e-05 3.601827270345261e-05 3.745282580999628e-06 0 0
0 0 0 2.432566422644595e-05 3.601827270345261e-05 2.432566422644595e-05 0 0 0
0 0 0 0 3.745282580999628e-06 0 0 0 0
0 0 0 0 0 0 0 0 0
0 0 0 0 0 0 0 0 0
0 0 0 0 0 0 0 0 0
0 0 0 0 0 0 0 0 0
0 0 0 0 -6.809054915865999e-07 0 0 0 0
0 0 0 -4.413417599731474e-06 -6.526311660511275e-06 -4.413417599731474e-06 0 0 0
0 0 -6.809054915865999e-07 -6.526311660511275e-06 -8.812201132823248e-06 -6.526311660511275e-06 -6.809054915865999e-07 0 0
0 0 0 -4.413417599731474e-06 -6.526311660511275e-06 -4.413417599731474e-06 0 0 0
0 0 0 0 -6.809054915865999e-07 0 0 0 0
0 0 0 0 0 0 0 0 0
0 0 0 0 0 0 0 0 0
0 0 0 0 0 0 0 0 0
0 0 0 0 0 0 0 0 0
0 0 0 0 -3.407087047925415e-06 0 0 0 0
0 0 0 -2.211581352935718e-05 -3.273378644453225e-05 -2.211581352935718e-05 0 0 0
0 0 -3.407087047925415e-06 -3.273378644453225e-05 -4.423953563455143e-05 -3.273378644453225e-05 -3.407087047925415e-06 0 0
0 0 0 -2.211581352935718e-05 -3.273378644453225e-05 -2.211581352935718e-05 0 0 0
0 0 0 0 -3.407087047925415e-06 0 0 0 0
0 0 0 0 0 0 0 0 0
0 0 0 0 0 0 0 0 0
0 0 0 0 0 0 0 0 0
0 0 0 0 0 0 0 0 0
0 0 0 0 -1.706706035405659e-06 0 0 0 0
0 0 0 -1.108033098312444e-05 -1.640187266993796e-05 -1.108033098312444e-05 0 0 0
0 0 -1.706706035405659e-06 -1.640187266993796e-05 -2.216945419018157e-05 -1.640187266993796e-05 -1.706706035405659e-06 0 0
0 0 0 -1.108033098312444e-05 -1.640187266993796e-05 -1.108033098312444e-05 0 0 0
0 0 0 0 -1.706706035405659e-06 0 0 0 0
0 0 0 0 0 0 0 0 0
0 0 0 0 0 0 0 0 0
0 0 0 0 0 0 0 0 0
0 0 0 0 0 0 0 0 0
0 0 0 0 -6.325022801320301e-09 0 0 0 0
0 0 0 -4.484843683894724e-08 -6.995889546736222e-08 -4.484843683894724e-08 0 0 0
0 0 -6.325022801320301e-09 -6.995889546736222e-08 -9.937274584081023e-08 -6.995889546736222e-08 -6.325022801320301e-09 0 0
0 0 0 -4.484843683894724e-08 -6.995889546736222e-08 -4.484843683894724e-08 0 0 0
0 0 0 0 -6.325022801320301e-09 0 0 0 0
0 0 0 0 0 0 0 0 0
0 0 0 0 0 0 0 0 0
0 0 0 0 0 0 0 0 0
0 0 0 0 0 0 0 0 0
0 0 0 0 1.545616087884241e-06 0 0 0 0
0 0 0 1.002741018679217e-05 1.483657919720573e-05 1.002741018679217e-05 0 0 0
0 0 1.545616087884241e-06 1.483657919720573e-05 2.004472482093297e-05 1.483657919720573e-05 1.545616087884241e-06 0 0
0 0 0 1.002741018679217e-05 1.483657919720573e-05 1.002741018679217e-05 0 0 0
0 0 0 0 1.545616087884241e-06 0 0 0 0
0 0 0 0 0 0 0 0 0
0 0 0 0 0 0 0 0 0
0 0 0 0 0 0 0 0 0
0 0 0 0 0 0 0 0 0
0 0 0 0 8.47569203162493e-07 0 0 0 0
0 0 0 5.499536117473326e-06 8.137887598277356e-06 5.499536117473326e-06 0 0 0
0 0 8.47569203162493e-07 8.137887598277356e-06 1.099558962188894e-05 8.137887598277356e-06 8.47569203162493e-07 0 0
0 0 0 5.499536117473326e-06 8.137887598277356e-06 5.499536117473326e-06 0 0 0
0 0 0 0 8.47569203162493e-07 0 0 0 0
0 0 0 0 0 0 0 0 0
0 0 0 0 0 0 0 0 0
0 0 0 0 0 0 0 0 0
0 0 0 0 0 0 0 0 0
0 0 0 0 1.495223184138012e-07 0 0 0 0
0 0 0 9.716620482213328e-07 1.439195999177098e-06 9.716620482213328e-07 0 0 0
0 0 1.495223184138012e-07 1.439195999177098e-06 1.946454422897659e-06 1.439195999177098e-06 1.495223184138012e-07 0 0
0 0 0 9.716620482213328e-07 1.439195999177098e-06 9.716620482213328e-07 0 0 0
0 0 0 0 1.495223184138012e-07 0 0 0 0
0 0 0 0 0 0 0 0 0
0 0 0 0 0 0 0 0 0
0 0 0 0 0 0 0 0 0
0 0 0 0 0 0 0 0 0
0 0 0 0 -5.485245663076057e-07 0 0 0 0
0 0 0 -3.556212021154351e-06 -5.259495599806747e-06 -3.556212021154351e-06 0 0 0
0 0 -5.485245663076057e-07 -5.259495599806747e-06 -7.102680776151828e-06 -5.259495599806747e-06 -5.485245663076057e-07 0 0
0 0 0 -3.556212021154351e-06 -5.259495599806747e-06 -3.556212021154351e-06 0 0 0
0 0 0 0 -5.485245663076057e-07 0 0 0 0
0 0 0 0 0 0 0 0 0
0 0 0 0 0 0 0 0 0
0 0 0 0 0 0 0 0 0
0 0 0 0 0 0 0 0 0
0 0 0 0 -4.115740206452756e-07 0 0 0 0
0 0 0 -2.668855469717528e-06 -3.947626121453536e-06 -2.668855469717528e-06 0 0 0
0 0 -4.115740206452756e-07 -3.947626121453536e-06 -5.331734949053498e-06 -3.947626121453536e-06 -4.115740206452756e-07 0 0
0 0 0 -2.668855469717528e-06 -3.947626121453536e-06 -2.668855469717528e-06 0 0 0
0 0 0 0 -4.115740206452756e-07 0 0 0 0
0 0 0 0 0 0 0 0 0
0 0 0 0 0 0 0 0 0
0 0 0 0 0 0 0 0 0
0 0 0 0 0 0 0 0 0
0 0 0 0 -1.229761808281182e-07 0 0 0 0
0 0 0 -7.980167649511714e-07 -1.180925923894641e-06 -7.980167649511714e-07 0 0 0
0 0 -1.229761808281182e-07 -1.180925923894641e-06 -1.595710008463357e-06 -1.180925923894641e-06 -1.229761808281182e-07 0 0
0 0 0 -7.980167649511714e-07 -1.180925923894641e-06 -7.980167649511714e-07 0 0 0
0 0 0 0 -1.229761808281182e-07 0 0 0 0
0 0 0 0 0 0 0 0 0
0 0 0 0 0 0 0 0 0
0 0 0 0 0 0 0 0 0
0 0 0 0 0 0 0 0 0
0 0 0 0 1.6562165900541e-07 0 0 0 0
0 0 0 1.072821939786081e-06 1.585774273606038e-06 1.072821939786081e-06 0 0 0
0 0 1.6562165900541e-07 1.585774273606038e-06 2.140314932039473e-06 1.585774273606038e-06 1.6562165900541e-07 0 0
0 0 0 1.072821939786081e-06 1.585774273606038e-06 1.072821939786081e-06 0 0 0
0 0 0 0 1.6562165900541e-07 0 0 0 0
0 0 0 0 0 0 0 0 0
0 0 0 0 0 0 0 0 0
0 0 0 0 0 0 0 0 0
0 0 0 0 0 0 0 0 0
0 0 0 0 1.960035785778018e-07 0 0 0 0
0 0 0 1.270127444349782e-06 1.877893888936155e-06 1.270127444349782e-06 0 0 0
0 0 1.960035785778018e-07 1.877893888936155e-06 2.535227724263677e-06 1.877893888936155e-06 1.960035785778018e-07 0 0
0 0 0 1.270127444349782e-06 1.877893888936155e-06 1.270127444349782e-06 0 0 0
0 0 0 0 1.960035785778018e-07 0 0 0 0
0 0 0 0 0 0 0 0 0
0 0 0 0 0 0 0 0 0
0 0 0 0 0 0 0 0 0
0 0 0 0 0 0 0 0 0
0 0 0 0 7.519594687983044e-08 0 0 0 0
0 0 0 4.875524931630935e-07 7.211069941155514e-07 4.875524931630935e-07 0 0 0
0 0 7.519594687983044e-08 7.211069941155514e-07 9.73865915031638e-07 7.211069941155514e-07 7.519594687983044e-08 0 0
0 0 0 4.875524931630935e-07 7.211069941155514e-07 4.875524931630935e-07 0 0 0
0 0 0 0 7.519594687983044e-08 0 0 0 0
0 0 0 0 0 0 0 0 0
0 0 0 0 0 0 0 0 0
0 0 0 0 0 0 0 0 0
0 0 0 0 0 0 0 0 0
0 0 0 0 -4.561168482177891e-08 0 0 0 0
0 0 0 -2.950224579544738e-07 -4.356799006613947e-07 -2.950224579544738e-07 0 0 0
0 0 -4.561168482177891e-08 -4.356799006613947e-07 -5.874958942295052e-07 -4.356799006613947e-07 -4.561168482177891e-08 0 0
0 0 0 -2.950224579544738e-07 -4.356799006613947e-07 -2.950224579544738e-07 0 0 0
0 0 0 0 -4.561168482177891e-08 0 0 0 0
0 0 0 0 0 0 0 0 0
0 0 0 0 0 0 0 0 0
0 0 0 0 0 0 0 0 0
0 0 0 0 0 0 0 0 0
0 0 0 0 -9.377965101612063e-08 0 0 0 0
0 0 0 -6.072034083481412e-07 -8.972853756242597e-07 -6.072034083481412e-07 0 0 0
0 0 -9.377965101612063e-08 -8.972853756242597e-07 -1.210738530382514e-06 -8.972853756242597e-07 -9.377965101612063e-08 0 0
0 0 0 -6.072034083481412e-07 -8.972853756242597e-07 -6.072034083481412e-07 0 0 0
0 0 0 0 -9.377965101612063e-08 0 0 0 0
0 0 0 0 0 0 0 0 0
0 0 0 0 0 0 0 0 0
0 0 0 0 0 0 0 0 0
0 0 0 0 0 0 0 0 0
0 0 0 0 -3.960212062520441e-08 0 0 0 0
0 0 0 -2.566237679493497e-07 -3.794165216452025e-07 -2.566237679493497e-07 0 0 0
0 0 -3.960212062520441e-08 -3.794165216452025e-07 -5.12220225558849e-07 -3.794165216452025e-07 -3.960212062520441e-08 0 0
0 0 0 -2.566237679493497e-07 -3.794165216452025e-07 -2.566237679493497e-07 0 0 0
0 0 0 0 -3.960212062520441e-08 0 0 0 0
0 0 0 0 0 0 0 0 0
0 0 0 0 0 0 0 0 0
0 0 0 0 0 0 0 0 0
0 0 0 0 0 0 0 0 0
0 0 0 0 1.457540976844029e-08 0 0 0 0
0 0 0 9.395587228937074e-08 1.384523324502673e-07 9.395587228937074e-08 0 0 0
0 0 1.457540976844029e-08 1.384523324502673e-07 1.862980792066082e-07 1.384523324502673e-07 1.457540976844029e-08 0 0
0 0 0 9.395587228937074e-08 1.384523324502673e-07 9.395587228937074e-08 0 0 0
0 0 0 0 1.457540976844029e-08 0 0 0 0
0 0 0 0 0 0 0 0 0
0 0 0 0 0 0 0 0 0
0 0 0 0 0 0 0 0 0
0 0 0 0 0 0 0 0 0
0 0 0 0 5.059265236741339e-08 0 0 0 0
0 0 0 3.271224571308266e-07 4.82975464975385e-07 3.271224571308266e-07 0 0 0
0 0 5.059265236741339e-08 4.82975464975385e-07 6.511280237609753e-07 4.82975464975385e-07 5.059265236741339e-08 0 0
0 0 0 3.271224571308266e-07 4.82975464975385e-07 3.271224571308266e-07 0 0 0
0 0 0 0 5.059265236741339e-08 0 0 0 0
0 0 0 0 0 0 0 0 0
0 0 0 0 0 0 0 0 0
0 0 0 0 0 0 0 0 0
0 0 0 0 0 0 0 0 0
0 0 0 0 1.375417369854404e-08 0 0 0 0
0 0 0 8.924954230315051e-08 1.320675706964245e-07 8.924954230315051e-08 0 0 0
0 0 1.375417369854404e-08 1.320675706964245e-07 1.784434167202562e-07 1.320675706964245e-07 1.375417369854404e-08 0 0
0 0 0 8.924954230315051e-08 1.320675706964245e-07 8.924954230315051e-08 0 0 0
0 0 0 0 1.375417369854404e-08 0 0 0 0
0 0 0 0 0 0 0 0 0
0 0 0 0 0 0 0 0 0
0 0 0 0 0 0 0 0 0
0 0 0 0 0 0 0 0 0
0 0 0 0 -2.308430504490388e-08 0 0 0 0
0 0 0 -1.486233723699115e-07 -2.188403236116514e-07 -1.486233723699115e-07 0 0 0
0 0 -2.308430504490388e-08 -2.188403236116514e-07 -2.942411904223263e-07 -2.188403236116514e-07 -2.308430504490388e-08 0 0
0 0 0 -1.486233723699115e-07 -2.188403236116514e-07 -1.486233723699115e-07 0 0 0
0 0 0 0 -2.308430504490388e-08 0 0 0 0
0 0 0 0 0 0 0 0 0
0 0 0 0 0 0 0 0 0
0 0 0 0 0 0 0 0 0
0 0 0 0 0 0 0 0 0
0 0 0 0 -5.992278369376435e-08 0 0 0 0
0 0 0 -3.864962872467004e-07 -5.697482178323909e-07 -3.864962872467004e-07 0 0 0
0 0 -5.992278369376435e-08 -5.697482178323909e-07 -7.669257975649088e-07 -5.697482178323909e-07 -5.992278369376435e-08 0 0
0 0 0 -3.864962872467004e-07 -5.697482178323909e-07 -3.864962872467004e-07 0 0 0
0 0 0 0 -5.992278369376435e-08 0 0 0 0
0 0 0 0 0 0 0 0 0
0 0 0 0 0 0 0 0 0
