17 -0.06 -0.0525 -0.045 -0.0375 -0.03 -0.0225 -0.015 -0.0075 0 0.0075 0.015 0.0225 0.03 0.0375 0.045 0.0525 0.06
17 -0.06 -0.0525 -0.045 -0.0375 -0.03 -0.0225 -0.015 -0.0075 0 0.0075 0.015 0.0225 0.03 0.0375 0.045 0.0525 0.06
61 0 0.025 0.05 0.07500000000000001 0.1 0.125 0.15 0.175 0.2 0.225 0.25 0.275 0.3 0.325 0.35 0.375 0.4 0.425 0.45 0.475 0.5 0.525 0.55 0.5750000000000001 0.6000000000000001 0.625 0.65 0.675 0.7000000000000001 0.7250000000000001 0.75 0.775 0.8 0.8250000000000001 0.8500000000000001 0.875 0.9 0.925 0.9500000000000001 0.9750000000000001 1 1.025 1.05 1.075 1.1 1.125 1.15 1.175 1.2 1.225 1.25 1.275 1.3 1.325 1.35 1.375 1.4 1.425 1.45 1.475 1.5
0 0 0 0 0 0 0 0 0 0 0 0 0 0 0 0 0
0 0 0 0 0 0 0 0 0 0 0 0 0 0 0 0 0
0 0 0 0 0 0 0 0 0 0 0 0 0 0 0 0 0
0 0 0 0 0 0 0 0 0 0 0 0 0 0 0 0 0
0 0 0 0 0 0 0 0 0 0 0 0 0 0 0 0 0
0 0 0 0 0 0 0 0 0 0 0 0 0 0 0 0 0
0 0 0 0 0 0 0 0 0 0 0 0 0 0 0 0 0
0 0 0 0 0 0 0 0 0 0 0 0 0 0 0 0 0
0 0 0 0 0 0 0 0 -0.7216731216533532 0 0 0 0 0 0 0 0
0 0 0 0 0 0 0 0 0 0 0 0 0 0 0 0 0
0 0 0 0 0 0 0 0 0 0 0 0 0 0 0 0 0
0 0 0 0 0 0 0 0 0 0 0 0 0 0 0 0 0
0 0 0 0 0 0 0 0 0 0 0 0 0 0 0 0 0
0 0 0 0 0 0 0 0 0 0 0 0 0 0 0 0 0
0 0 0 0 0 0 0 0 0 0 0 0 0 0 0 0 0
0 0 0 0 0 0 0 0 0 0 0 0 0 0 0 0 0
0 0 0 0 0 0 0 0 0 0 0 0 0 0 0 0 0
0 0 0 0 -0.2041024671510107 -0.3924440246515935 -0.5178630264341865 -0.5810592923628722 -0.5984819422280914 -0.5810592923628722 -0.5178630264341865 -0.3924440246515935 -0.2041024671510107 0 0 0 0
0 0 0 -0.3641338992556181 -0.5810592923628722 -0.6876512385061363 -0.7295051411242907 -0.7594756854610704 -0.768750547705577 -0.7594756854610704 -0.7295051411242907 -0.6876512385061363 -0.5810592923628722 -0.3641338992556181 0 0 0
0 0 -0.4184168575272529 -0.6335466101553276 -0.7398626192250589 -0.802614454099756 -0.8356507849690165 -0.8517714435287915 -0.8568473071884287 -0.8517714435287915 -0.8356507849690165 -0.802614454099756 -0.7398626192250589 -0.6335466101553276 -0.4184168575272529 0 0
0 -0.3641338992556181 -0.6335466101553276 -0.75947568546107 -0.8299960635962339 -0.8665205092060133 -0.8869506357391103 -0.8959042666455993 -0.8985959752769372 -0.8959042666455993 -0.8869506357391103 -0.8665205092060133 -0.8299960635962339 -0.75947568546107 -0.6335466101553276 -0.3641338992556181 0
-0.2041024671510107 -0.5810592923628722 -0.7398626192250589 -0.8299960635962339 -0.87551668544606 -0.8985959752769372 -0.9105768066701488 -0.9141470611635282 -0.9149452979248871 -0.9141470611635282 -0.9105768066701488 -0.8985959752769372 -0.87551668544606 -0.8299960635962339 -0.7398626192250589 -0.5810592923628722 -0.2041024671510107
-0.3924440246515935 -0.6876512385061363 -0.802614454099756 -0.8665205092060133 -0.8985959752769372 -0.9131515773818415 -0.9161347468397198 -0.9148358436346875 -0.91402171106706 -0.9148358436346875 -0.9161347468397198 -0.9131515773818415 -0.8985959752769372 -0.8665205092060133 -0.802614454099756 -0.6876512385061363 -0.3924440246515935
-0.5178630264341865 -0.7295051411242907 -0.8356507849690165 -0.8869506357391103 -0.9105768066701488 -0.9161347468397198 -0.9130258756816425 -0.9086290329724578 -0.9067691843960792 -0.9086290329724578 -0.9130258756816425 -0.9161347468397198 -0.9105768066701488 -0.8869506357391103 -0.8356507849690165 -0.7295051411242907 -0.5178630264341865
-0.5810592923628722 -0.7594756854610704 -0.8517714435287915 -0.8959042666455993 -0.9141470611635282 -0.9148358436346875 -0.9086290329724578 -0.9024457541358403 -0.9000012283880174 -0.9024457541358403 -0.9086290329724578 -0.9148358436346875 -0.9141470611635282 -0.8959042666455993 -0.8517714435287915 -0.7594756854610704 -0.5810592923628722
-0.5984819422280914 -0.768750547705577 -0.8568473071884287 -0.8985959752769372 -0.9149452979248871 -0.91402171106706 -0.9067691843960792 -0.9000012283880174 -0.8973990860013438 -0.9000012283880174 -0.9067691843960792 -0.91402171106706 -0.9149452979248871 -0.8985959752769372 -0.8568473071884287 -0.768750547705577 -0.5984819422280914
-0.5810592923628722 -0.7594756854610704 -0.8517714435287915 -0.8959042666455993 -0.9141470611635282 -0.9148358436346875 -0.9086290329724578 -0.9024457541358403 -0.9000012283880174 -0.9024457541358403 -0.9086290329724578 -0.9148358436346875 -0.9141470611635282 -0.8959042666455993 -0.8517714435287915 -0.7594756854610704 -0.5810592923628722
-0.5178630264341865 -0.7295051411242907 -0.8356507849690165 -0.8869506357391103 -0.9105768066701488 -0.9161347468397198 -0.9130258756816425 -0.9086290329724578 -0.9067691843960792 -0.9086290329724578 -0.9130258756816425 -0.9161347468397198 -0.9105768066701488 -0.8869506357391103 -0.8356507849690165 -0.7295051411242907 -0.5178630264341865
-0.3924440246515935 -0.6876512385061363 -0.802614454099756 -0.8665205092060133 -0.8985959752769372 -0.9131515773818415 -0.9161347468397198 -0.9148358436346875 -0.91402171106706 -0.9148358436346875 -0.9161347468397198 -0.9131515773818415 -0.8985959752769372 -0.8665205092060133 -0.802614454099756 -0.6876512385061363 -0.3924440246515935
-0.2041024671510107 -0.5810592923628722 -0.7398626192250589 -0.8299960635962339 -0.87551668544606 -0.8985959752769372 -0.9105768066701488 -0.9141470611635282 -0.9149452979248871 -0.9141470611635282 -0.9105768066701488 -0.8985959752769372 -0.87551668544606 -0.8299960635962339 -0.7398626192250589 -0.5810592923628722 -0.2041024671510107
0 -0.3641338992556181 -0.6335466101553276 -0.75947568546107 -0.8299960635962339 -0.8665205092060133 -0.8869506357391103 -0.8959042666455993 -0.8985959752769372 -0.8959042666455993 -0.8869506357391103 -0.8665205092060133 -0.8299960635962339 -0.75947568546107 -0.6335466101553276 -0.3641338992556181 0
0 0 -0.4184168575272529 -0.6335466101553276 -0.7398626192250589 -0.802614454099756 -0.8356507849690165 -0.8517714435287915 -0.8568473071884287 -0.8517714435287915 -0.8356507849690165 -0.802614454099756 -0.7398626192250589 -0.6335466101553276 -0.4184168575272529 0 0
0 0 0 -0.3641338992556181 -0.5810592923628722 -0.6876512385061363 -0.7295051411242907 -0.7594756854610704 -0.768750547705577 -0.7594756854610704 -0.7295051411242907 -0.6876512385061363 -0.5810592923628722 -0.3641338992556181 0 0 0
0 0 0 0 -0.2041024671510107 -0.3924440246515935 -0.5178630264341865 -0.5810592923628722 -0.5984819422280914 -0.5810592923628722 -0.5178630264341865 -0.3924440246515935 -0.2041024671510107 0 0 0 0
0 0 0 -0.7574512088272237 -0.9712925552901338 -1.120917750569698 -1.218297793374725 -1.273484129628944 -1.290432298511713 -1.273484129628944 -1.218297793374725 -1.120917750569698 -0.9712925552901338 -0.7574512088272237 0 0 0
0 -0.5243135314175613 -0.8567645028378017 -1.100580022476412 -1.273484129628944 -1.387935813380307 -1.458934973671061 -1.492827163632311 -1.500957851503873 -1.492827163632311 -1.458934973671061 -1.387935813380307 -1.273484129628944 -1.100580022476412 -0.8567645028378017 -0.5243135314175613 0
0 -0.8567645028378017 -1.140710411735546 -1.340443240098914 -1.471102854498682 -1.525256778596465 -1.540457930730619 -1.538926312997497 -1.536203362181008 -1.538926312997497 -1.540457930730619 -1.525256778596465 -1.471102854498682 -1.340443240098914 -1.140710411735546 -0.8567645028378017 0
-0.7574512088272237 -1.100580022476412 -1.340443240098914 -1.492827163632305 -1.539025153739569 -1.526768377256534 -1.485938513127303 -1.452554112512089 -1.440485235124739 -1.452554112512089 -1.485938513127303 -1.526768377256534 -1.539025153739569 -1.492827163632305 -1.340443240098914 -1.100580022476412 -0.7574512088272237
-0.9712925552901338 -1.273484129628944 -1.471102854498682 -1.539025153739569 -1.514675886428882 -1.440485235124739 -1.356759558501339 -1.299415343900888 -1.279501245083865 -1.299415343900888 -1.356759558501339 -1.440485235124739 -1.514675886428882 -1.539025153739569 -1.471102854498682 -1.273484129628944 -0.9712925552901338
-1.120917750569698 -1.387935813380307 -1.525256778596465 -1.526768377256534 -1.440485235124739 -1.318520240715751 -1.220669867497707 -1.163211807399984 -1.144321080677557 -1.163211807399984 -1.220669867497707 -1.318520240715751 -1.440485235124739 -1.526768377256534 -1.525256778596465 -1.387935813380307 -1.120917750569698
-1.218297793374725 -1.458934973671061 -1.540457930730619 -1.485938513127303 -1.356759558501339 -1.220669867497707 -1.125728147804404 -1.07147873306764 -1.053975624000492 -1.07147873306764 -1.125728147804404 -1.220669867497707 -1.356759558501339 -1.485938513127303 -1.540457930730619 -1.458934973671061 -1.218297793374725
-1.273484129628944 -1.492827163632311 -1.538926312997497 -1.452554112512089 -1.299415343900888 -1.163211807399984 -1.07147873306764 -1.019859434210812 -1.003331128772518 -1.019859434210812 -1.07147873306764 -1.163211807399984 -1.299415343900888 -1.452554112512089 -1.538926312997497 -1.492827163632311 -1.273484129628944
-1.290432298511713 -1.500957851503873 -1.536203362181008 -1.440485235124739 -1.279501245083865 -1.144321080677557 -1.053975624000492 -1.003331128772518 -0.987192352519108 -1.003331128772518 -1.053975624000492 -1.144321080677557 -1.279501245083865 -1.440485235124739 -1.536203362181008 -1.500957851503873 -1.290432298511713
-1.273484129628944 -1.492827163632311 -1.538926312997497 -1.452554112512089 -1.299415343900888 -1.163211807399984 -1.07147873306764 -1.019859434210812 -1.003331128772518 -1.019859434210812 -1.07147873306764 -1.163211807399984 -1.299415343900888 -1.452554112512089 -1.538926312997497 -1.492827163632311 -1.273484129628944
-1.218297793374725 -1.458934973671061 -1.540457930730619 -1.485938513127303 -1.356759558501339 -1.220669867497707 -1.125728147804404 -1.07147873306764 -1.053975624000492 -1.07147873306764 -1.125728147804404 -1.220669867497707 -1.356759558501339 -1.485938513127303 -1.540457930730619 -1.458934973671061 -1.218297793374725
-1.120917750569698 -1.387935813380307 -1.525256778596465 -1.526768377256534 -1.440485235124739 -1.318520240715751 -1.220669867497707 -1.163211807399984 -1.144321080677557 -1.163211807399984 -1.220669867497707 -1.318520240715751 -1.440485235124739 -1.526768377256534 -1.525256778596465 -1.387935813380307 -1.120917750569698
-0.9712925552901338 -1.273484129628944 -1.471102854498682 -1.539025153739569 -1.514675886428882 -1.440485235124739 -1.356759558501339 -1.299415343900888 -1.279501245083865 -1.299415343900888 -1.356759558501339 -1.440485235124739 -1.514675886428882 -1.539025153739569 -1.471102854498682 -1.273484129628944 -0.9712925552901338
-0.7574512088272237 -1.100580022476412 -1.340443240098914 -1.492827163632305 -1.539025153739569 -1.526768377256534 -1.485938513127303 -1.452554112512089 -1.440485235124739 -1.452554112512089 -1.485938513127303 -1.526768377256534 -1.539025153739569 -1.492827163632305 -1.340443240098914 -1.100580022476412 -0.7574512088272237
0 -0.8567645028378017 -1.140710411735546 -1.340443240098914 -1.471102854498682 -1.525256778596465 -1.540457930730619 -1.538926312997497 -1.536203362181008 -1.538926312997497 -1.540457930730619 -1.525256778596465 -1.471102854498682 -1.340443240098914 -1.140710411735546 -0.8567645028378017 0
0 -0.5243135314175613 -0.8567645028378017 -1.100580022476412 -1.273484129628944 -1.387935813380307 -1.458934973671061 -1.492827163632311 -1.500957851503873 -1.492827163632311 -1.458934973671061 -1.387935813380307 -1.273484129628944 -1.100580022476412 -0.8567645028378017 -0.5243135314175613 0
0 0 0 -0.7574512088272237 -0.9712925552901338 -1.120917750569698 -1.218297793374725 -1.273484129628944 -1.290432298511713 -1.273484129628944 -1.218297793374725 -1.120917750569698 -0.9712925552901338 -0.7574512088272237 0 0 0
-3.239394226199774 -2.782336828033529 -2.311524535381717 -1.989958700947483 -1.788074027562047 -1.678396906834138 -1.635078437187999 -1.629362539594695 -1.62415044668133 -1.629362539594695 -1.635078437187999 -1.678396906834138 -1.788074027562047 -1.989958700947483 -2.311524535381717 -2.782336828033529 -3.239394226199774
-2.782336828033529 -2.246075125377878 -1.893245717943605 -1.697082426229082 -1.629362539594695 -1.719273778141584 0 0 0 0 0 -1.719273778141584 -1.629362539594695 -1.697082426229082 -1.893245717943605 -2.246075125377878 -2.782336828033529
-2.311524535381717 -1.893245717943605 -1.659124564937282 -1.622049824641614 0 0 0 0 0 0 0 0 0 -1.622049824641614 -1.659124564937282 -1.893245717943605 -2.311524535381717
-1.989958700947483 -1.697082426229082 -1.622049824641614 0 0 0 -1.029318569674447 -1.001127445405081 -0.9960584681087694 -1.001127445405081 -1.029318569674447 0 0 0 -1.622049824641614 -1.697082426229082 -1.989958700947483
-1.788074027562047 -1.629362539594695 0 0 0 -0.9960584681087694 -0.956741097965734 -0.9241059176447782 -0.9130562153680576 -0.9241059176447782 -0.956741097965734 -0.9960584681087694 0 0 0 -1.629362539594695 -1.788074027562047
-1.678396906834138 -1.719273778141584 0 0 -0.9960584681087694 -0.9352688294550087 -0.8803237543369087 -0.849256572339897 -0.8393289852752731 -0.849256572339897 -0.8803237543369087 -0.9352688294550087 -0.9960584681087694 0 0 -1.719273778141584 -1.678396906834138
-1.635078437187999 0 0 -1.029318569674447 -0.956741097965734 -0.8803237543369087 -0.8296129137423141 -0.8015935893091825 -0.7926264790195754 -0.8015935893091825 -0.8296129137423141 -0.8803237543369087 -0.956741097965734 -1.029318569674447 0 0 -1.635078437187999
-1.629362539594695 0 0 -1.001127445405081 -0.9241059176447782 -0.849256572339897 -0.8015935893091825 -0.7752305313955303 -0.7667851086346346 -0.7752305313955303 -0.8015935893091825 -0.849256572339897 -0.9241059176447782 -1.001127445405081 0 0 -1.629362539594695
-1.62415044668133 0 0 -0.9960584681087694 -0.9130562153680576 -0.8393289852752731 -0.7926264790195754 -0.7667851086346346 -0.7585054291744455 -0.7667851086346346 -0.7926264790195754 -0.8393289852752731 -0.9130562153680576 -0.9960584681087694 0 0 -1.62415044668133
-1.629362539594695 0 0 -1.001127445405081 -0.9241059176447782 -0.849256572339897 -0.8015935893091825 -0.7752305313955303 -0.7667851086346346 -0.7752305313955303 -0.8015935893091825 -0.849256572339897 -0.9241059176447782 -1.001127445405081 0 0 -1.629362539594695
-1.635078437187999 0 0 -1.029318569674447 -0.956741097965734 -0.8803237543369087 -0.8296129137423141 -0.8015935893091825 -0.7926264790195754 -0.8015935893091825 -0.8296129137423141 -0.8803237543369087 -0.956741097965734 -1.029318569674447 0 0 -1.635078437187999
-1.678396906834138 -1.719273778141584 0 0 -0.9960584681087694 -0.9352688294550087 -0.8803237543369087 -0.849256572339897 -0.8393289852752731 -0.849256572339897 -0.8803237543369087 -0.9352688294550087 -0.9960584681087694 0 0 -1.719273778141584 -1.678396906834138
-1.788074027562047 -1.629362539594695 0 0 0 -0.9960584681087694 -0.956741097965734 -0.9241059176447782 -0.9130562153680576 -0.9241059176447782 -0.956741097965734 -0.9960584681087694 0 0 0 -1.629362539594695 -1.788074027562047
-1.989958700947483 -1.697082426229082 -1.622049824641614 0 0 0 -1.029318569674447 -1.001127445405081 -0.9960584681087694 -1.001127445405081 -1.029318569674447 0 0 0 -1.622049824641614 -1.697082426229082 -1.989958700947483
-2.311524535381717 -1.893245717943605 -1.659124564937282 -1.622049824641614 0 0 0 0 0 0 0 0 0 -1.622049824641614 -1.659124564937282 -1.893245717943605 -2.311524535381717
-2.782336828033529 -2.246075125377878 -1.893245717943605 -1.697082426229082 -1.629362539594695 -1.719273778141584 0 0 0 0 0 -1.719273778141584 -1.629362539594695 -1.697082426229082 -1.893245717943605 -2.246075125377878 -2.782336828033529
-3.239394226199774 -2.782336828033529 -2.311524535381717 -1.989958700947483 -1.788074027562047 -1.678396906834138 -1.635078437187999 -1.629362539594695 -1.62415044668133 -1.629362539594695 -1.635078437187999 -1.678396906834138 -1.788074027562047 -1.989958700947483 -2.311524535381717 -2.782336828033529 -3.239394226199774
-0.9118419845611057 -0.8575467327680627 -0.758332195483391 -0.6331345426323631 -0.5007737491543007 -0.3783707848806096 -0.2796798912384307 -0.2156410581357449 -0.1936468559722977 -0.2156410581357449 -0.2796798912384307 -0.3783707848806096 -0.5007737491543007 -0.6331345426323631 -0.758332195483391 -0.8575467327680627 -0.9118419845611057
-0.8575467327680627 -0.7385949603528643 -0.5778467514575418 -0.3970362006032771 -0.2156410581357449 -0.06048105401667953 0 0 0 0 0 -0.06048105401667953 -0.2156410581357449 -0.3970362006032771 -0.5778467514575418 -0.7385949603528643 -0.8575467327680627
-0.758332195483391 -0.5778467514575418 -0.3593632176832217 -0.1271914103735432 0 0 0 0 0 0 0 0 0 -0.1271914103735432 -0.3593632176832217 -0.5778467514575418 -0.758332195483391
-0.6331345426323631 -0.3970362006032771 -0.1271914103735432 0 0 0 0 -0.0318488731865026 -0.04199683273202123 -0.0318488731865026 0 0 0 0 -0.1271914103735432 -0.3970362006032771 -0.6331345426323631
-0.5007737491543007 -0.2156410581357449 0 0 0 -0.04199683273202123 -0.1051484814309607 -0.1498929904520711 -0.1651335512114674 -0.1498929904520711 -0.1051484814309607 -0.04199683273202123 0 0 0 -0.2156410581357449 -0.5007737491543007
-0.3783707848806096 -0.06048105401667953 0 0 -0.04199683273202123 -0.1347331378491894 -0.2097905076069225 -0.2521987090078844 -0.2656405060743187 -0.2521987090078844 -0.2097905076069225 -0.1347331378491894 -0.04199683273202123 0 0 -0.06048105401667953 -0.3783707848806096
-0.2796798912384307 0 0 0 -0.1051484814309607 -0.2097905076069225 -0.2787031739469975 -0.315509504336976 -0.3269405425892541 -0.315509504336976 -0.2787031739469975 -0.2097905076069225 -0.1051484814309607 0 0 0 -0.2796798912384307
-0.2156410581357449 0 0 -0.0318488731865026 -0.1498929904520711 -0.2521987090078844 -0.315509504336976 -0.3485131332818424 -0.3586746925150676 -0.3485131332818424 -0.315509504336976 -0.2521987090078844 -0.1498929904520711 -0.0318488731865026 0 0 -0.2156410581357449
-0.1936468559722977 0 0 -0.04199683273202123 -0.1651335512114674 -0.2656405060743187 -0.3269405425892541 -0.3586746925150676 -0.3684061479714918 -0.3586746925150676 -0.3269405425892541 -0.2656405060743187 -0.1651335512114674 -0.04199683273202123 0 0 -0.1936468559722977
-0.2156410581357449 0 0 -0.0318488731865026 -0.1498929904520711 -0.2521987090078844 -0.315509504336976 -0.3485131332818424 -0.3586746925150676 -0.3485131332818424 -0.315509504336976 -0.2521987090078844 -0.1498929904520711 -0.0318488731865026 0 0 -0.2156410581357449
-0.2796798912384307 0 0 0 -0.1051484814309607 -0.2097905076069225 -0.2787031739469975 -0.315509504336976 -0.3269405425892541 -0.315509504336976 -0.2787031739469975 -0.2097905076069225 -0.1051484814309607 0 0 0 -0.2796798912384307
-0.3783707848806096 -0.06048105401667953 0 0 -0.04199683273202123 -0.1347331378491894 -0.2097905076069225 -0.2521987090078844 -0.2656405060743187 -0.2521987090078844 -0.2097905076069225 -0.1347331378491894 -0.04199683273202123 0 0 -0.06048105401667953 -0.3783707848806096
-0.5007737491543007 -0.2156410581357449 0 0 0 -0.04199683273202123 -0.1051484814309607 -0.1498929904520711 -0.1651335512114674 -0.1498929904520711 -0.1051484814309607 -0.04199683273202123 0 0 0 -0.2156410581357449 -0.5007737491543007
-0.6331345426323631 -0.3970362006032771 -0.1271914103735432 0 0 0 0 -0.0318488731865026 -0.04199683273202123 -0.0318488731865026 0 0 0 0 -0.1271914103735432 -0.3970362006032771 -0.6331345426323631
-0.758332195483391 -0.5778467514575418 -0.3593632176832217 -0.1271914103735432 0 0 0 0 0 0 0 0 0 -0.1271914103735432 -0.3593632176832217 -0.5778467514575418 -0.758332195483391
-0.8575467327680627 -0.7385949603528643 -0.5778467514575418 -0.3970362006032771 -0.2156410581357449 -0.06048105401667953 0 0 0 0 0 -0.06048105401667953 -0.2156410581357449 -0.3970362006032771 -0.5778467514575418 -0.7385949603528643 -0.8575467327680627
-0.9118419845611057 -0.8575467327680627 -0.758332195483391 -0.6331345426323631 -0.5007737491543007 -0.3783707848806096 -0.2796798912384307 -0.2156410581357449 -0.1936468559722977 -0.2156410581357449 -0.2796798912384307 -0.3783707848806096 -0.5007737491543007 -0.6331345426323631 -0.758332195483391 -0.8575467327680627 -0.9118419845611057
-0.3596136492642396 -0.3287643855672802 -0.2832527951157821 -0.2296978416750833 -0.1751364169463369 -0.1259421520598024 -0.08745697270531849 -0.06296974827613705 -0.05462097516919148 -0.06296974827613705 -0.08745697270531849 -0.1259421520598024 -0.1751364169463369 -0.2296978416750833 -0.2832527951157821 -0.3287643855672802 -0.3596136492642396
-0.3287643855672802 -0.2745493468065451 -0.2066044020719865 -0.1332952256330039 -0.06296974827613705 0 0 0 0 0 0 0 -0.06296974827613705 -0.1332952256330039 -0.2066044020719865 -0.2745493468065451 -0.3287643855672802
-0.2832527951157821 -0.2066044020719865 -0.1184785130149869 -0.0289797434349102 0 0 0 0 0 0 0 0 0 -0.0289797434349102 -0.1184785130149869 -0.2066044020719865 -0.2832527951157821
-0.2296978416750833 -0.1332952256330039 -0.0289797434349102 0 0 0 0 0 0 0 0 0 0 0 -0.0289797434349102 -0.1332952256330039 -0.2296978416750833
-0.1751364169463369 -0.06296974827613705 0 0 0 0 -0.03073959289158923 -0.04619338287158946 -0.0514509624297964 -0.04619338287158946 -0.03073959289158923 0 0 0 0 -0.06296974827613705 -0.1751364169463369
-0.1259421520598024 0 0 0 0 -0.04099039252902015 -0.06749743734414465 -0.08397541173477761 -0.08955800977131399 -0.08397541173477761 -0.06749743734414465 -0.04099039252902015 0 0 0 0 -0.1259421520598024
-0.08745697270531849 0 0 0 -0.03073959289158923 -0.06749743734414465 -0.09518455363008961 -0.1123013080950986 -0.1180832407928997 -0.1123013080950986 -0.09518455363008961 -0.06749743734414465 -0.03073959289158923 0 0 0 -0.08745697270531849
-0.06296974827613705 0 0 0 -0.04619338287158946 -0.08397541173477761 -0.1123013080950986 -0.1297525005906636 -0.1356340343820929 -0.1297525005906636 -0.1123013080950986 -0.08397541173477761 -0.04619338287158946 0 0 0 -0.06296974827613705
-0.05462097516919148 0 0 0 -0.0514509624297964 -0.08955800977131399 -0.1180832407928997 -0.1356340343820929 -0.1415452844635299 -0.1356340343820929 -0.1180832407928997 -0.08955800977131399 -0.0514509624297964 0 0 0 -0.05462097516919148
-0.06296974827613705 0 0 0 -0.04619338287158946 -0.08397541173477761 -0.1123013080950986 -0.1297525005906636 -0.1356340343820929 -0.1297525005906636 -0.1123013080950986 -0.08397541173477761 -0.04619338287158946 0 0 0 -0.06296974827613705
-0.08745697270531849 0 0 0 -0.03073959289158923 -0.06749743734414465 -0.09518455363008961 -0.1123013080950986 -0.1180832407928997 -0.1123013080950986 -0.09518455363008961 -0.06749743734414465 -0.03073959289158923 0 0 0 -0.08745697270531849
-0.1259421520598024 0 0 0 0 -0.04099039252902015 -0.06749743734414465 -0.08397541173477761 -0.08955800977131399 -0.08397541173477761 -0.06749743734414465 -0.04099039252902015 0 0 0 0 -0.1259421520598024
-0.1751364169463369 -0.06296974827613705 0 0 0 0 -0.03073959289158923 -0.04619338287158946 -0.0514509624297964 -0.04619338287158946 -0.03073959289158923 0 0 0 0 -0.06296974827613705 -0.1751364169463369
-0.2296978416750833 -0.1332952256330039 -0.0289797434349102 0 0 0 0 0 0 0 0 0 0 0 -0.0289797434349102 -0.1332952256330039 -0.2296978416750833
-0.2832527951157821 -0.2066044020719865 -0.1184785130149869 -0.0289797434349102 0 0 0 0 0 0 0 0 0 -0.0289797434349102 -0.1184785130149869 -0.2066044020719865 -0.2832527951157821
-0.3287643855672802 -0.2745493468065451 -0.2066044020719865 -0.1332952256330039 -0.06296974827613705 0 0 0 0 0 0 0 -0.06296974827613705 -0.1332952256330039 -0.2066044020719865 -0.2745493468065451 -0.3287643855672802
-0.3596136492642396 -0.3287643855672802 -0.2832527951157821 -0.2296978416750833 -0.1751364169463369 -0.1259421520598024 -0.08745697270531849 -0.06296974827613705 -0.05462097516919148 -0.06296974827613705 -0.08745697270531849 -0.1259421520598024 -0.1751364169463369 -0.2296978416750833 -0.2832527951157821 -0.3287643855672802 -0.3596136492642396
0 0 0 0 0 0 0 0 0 0 0 0 0 0 0 0 0
0 0 0 0 0 0 0 0 0 0 0 0 0 0 0 0 0
0 0 0 0 0 0 0 0 0 0 0 0 0 0 0 0 0
0 0 0 0 0 0 0 0 0 0 0 0 0 0 0 0 0
0 0 0 0 0 0 -0.008199521999878365 -0.01362409411297189 -0.01540220998361773 -0.01362409411297189 -0.008199521999878365 0 0 0 0 0 0
0 0 0 0 0 -0.01185073998491379 -0.02107064725432001 -0.02710241024816698 -0.02919362701343669 -0.02710241024816698 -0.02107064725432001 -0.01185073998491379 0 0 0 0 0
0 0 0 0 -0.008199521999878365 -0.02107064725432001 -0.0313248145742286 -0.03793784367751758 -0.04021437029493008 -0.03793784367751758 -0.0313248145742286 -0.02107064725432001 -0.008199521999878365 0 0 0 0
0 0 0 0 -0.01362409411297189 -0.02710241024816698 -0.03793784367751758 -0.04487109840364172 -0.0472477844537626 -0.04487109840364172 -0.03793784367751758 -0.02710241024816698 -0.01362409411297189 0 0 0 0
0 0 0 0 -0.01540220998361773 -0.02919362701343669 -0.04021437029493008 -0.0472477844537626 -0.0496569391362071 -0.0472477844537626 -0.04021437029493008 -0.02919362701343669 -0.01540220998361773 0 0 0 0
0 0 0 0 -0.01362409411297189 -0.02710241024816698 -0.03793784367751758 -0.04487109840364172 -0.0472477844537626 -0.04487109840364172 -0.03793784367751758 -0.02710241024816698 -0.01362409411297189 0 0 0 0
0 0 0 0 -0.008199521999878365 -0.02107064725432001 -0.0313248145742286 -0.03793784367751758 -0.04021437029493008 -0.03793784367751758 -0.0313248145742286 -0.02107064725432001 -0.008199521999878365 0 0 0 0
0 0 0 0 0 -0.01185073998491379 -0.02107064725432001 -0.02710241024816698 -0.02919362701343669 -0.02710241024816698 -0.02107064725432001 -0.01185073998491379 0 0 0 0 0
0 0 0 0 0 0 -0.008199521999878365 -0.01362409411297189 -0.01540220998361773 -0.01362409411297189 -0.008199521999878365 0 0 0 0 0 0
0 0 0 0 0 0 0 0 0 0 0 0 0 0 0 0 0
0 0 0 0 0 0 0 0 0 0 0 0 0 0 0 0 0
0 0 0 0 0 0 0 0 0 0 0 0 0 0 0 0 0
0 0 0 0 0 0 0 0 0 0 0 0 0 0 0 0 0
0 0 0 0 0 0 0 0 0 0 0 0 0 0 0 0 0
0 0 0 0 0 0 0 0 0 0 0 0 0 0 0 0 0
0 0 0 0 0 0 0 0 0 0 0 0 0 0 0 0 0
0 0 0 0 0 0 0 0 0 0 0 0 0 0 0 0 0
0 0 0 0 0 0 -0.001463775117884506 -0.003498581411459949 -0.004226238259873375 -0.003498581411459949 -0.001463775117884506 0 0 0 0 0 0
0 0 0 0 0 -0.002789939089538995 -0.006419389698874496 -0.008722419428575464 -0.009515009096459501 -0.008722419428575464 -0.006419389698874496 -0.002789939089538995 0 0 0 0 0
0 0 0 0 -0.001463775117884506 -0.006419389698874496 -0.01032029926786327 -0.01281022263748327 -0.01366578366983792 -0.01281022263748327 -0.01032029926786327 -0.006419389698874496 -0.001463775117884506 0 0 0 0
0 0 0 0 -0.003498581411459949 -0.008722419428575464 -0.01281022263748327 -0.01541625612755236 -0.01631083626667659 -0.01541625612755236 -0.01281022263748327 -0.008722419428575464 -0.003498581411459949 0 0 0 0
0 0 0 0 -0.004226238259873375 -0.009515009096459501 -0.01366578366983792 -0.01631083626667659 -0.01721901321795303 -0.01631083626667659 -0.01366578366983792 -0.009515009096459501 -0.004226238259873375 0 0 0 0
0 0 0 0 -0.003498581411459949 -0.008722419428575464 -0.01281022263748327 -0.01541625612755236 -0.01631083626667659 -0.01541625612755236 -0.01281022263748327 -0.008722419428575464 -0.003498581411459949 0 0 0 0
0 0 0 0 -0.001463775117884506 -0.006419389698874496 -0.01032029926786327 -0.01281022263748327 -0.01366578366983792 -0.01281022263748327 -0.01032029926786327 -0.006419389698874496 -0.001463775117884506 0 0 0 0
0 0 0 0 0 -0.002789939089538995 -0.006419389698874496 -0.008722419428575464 -0.009515009096459501 -0.008722419428575464 -0.006419389698874496 -0.002789939089538995 0 0 0 0 0
0 0 0 0 0 0 -0.001463775117884506 -0.003498581411459949 -0.004226238259873375 -0.003498581411459949 -0.001463775117884506 0 0 0 0 0 0
0 0 0 0 0 0 0 0 0 0 0 0 0 0 0 0 0
0 0 0 0 0 0 0 0 0 0 0 0 0 0 0 0 0
0 0 0 0 0 0 0 0 0 0 0 0 0 0 0 0 0
0 0 0 0 0 0 0 0 0 0 0 0 0 0 0 0 0
0 0 0 0 0 0 0 0 0 0 0 0 0 0 0 0 0
0 0 0 0 0 0 0 0 0 0 0 0 0 0 0 0 0
0 0 0 0 0 0 0 0 0 0 0 0 0 0 0 0 0
0 0 0 0 0 0 0 0 0 0 0 0 0 0 0 0 0
0 0 0 0 0 0 0 -0.0006800852800400026 -0.0009320589684889273 -0.0006800852800400026 0 0 0 0 0 0 0
0 0 0 0 0 -0.0004569174763558476 -0.001713948403675997 -0.002528830220564763 -0.002808591773320898 -0.002528830220564763 -0.001713948403675997 -0.0004569174763558476 0 0 0 0 0
0 0 0 0 0 -0.001713948403675997 -0.003092704406527918 -0.003972311992142903 -0.004275280716885313 -0.003972311992142903 -0.003092704406527918 -0.001713948403675997 0 0 0 0 0
0 0 0 0 -0.0006800852800400026 -0.002528830220564763 -0.003972311992142903 -0.004896785006989492 -0.005215333974354588 -0.004896785006989492 -0.003972311992142903 -0.002528830220564763 -0.0006800852800400026 0 0 0 0
0 0 0 0 -0.0009320589684889273 -0.002808591773320898 -0.004275280716885313 -0.005215333974354588 -0.005539421744076302 -0.005215333974354588 -0.004275280716885313 -0.002808591773320898 -0.0009320589684889273 0 0 0 0
0 0 0 0 -0.0006800852800400026 -0.002528830220564763 -0.003972311992142903 -0.004896785006989492 -0.005215333974354588 -0.004896785006989492 -0.003972311992142903 -0.002528830220564763 -0.0006800852800400026 0 0 0 0
0 0 0 0 0 -0.001713948403675997 -0.003092704406527918 -0.003972311992142903 -0.004275280716885313 -0.003972311992142903 -0.003092704406527918 -0.001713948403675997 0 0 0 0 0
0 0 0 0 0 -0.0004569174763558476 -0.001713948403675997 -0.002528830220564763 -0.002808591773320898 -0.002528830220564763 -0.001713948403675997 -0.0004569174763558476 0 0 0 0 0
0 0 0 0 0 0 0 -0.0006800852800400026 -0.0009320589684889273 -0.0006800852800400026 0 0 0 0 0 0 0
0 0 0 0 0 0 0 0 0 0 0 0 0 0 0 0 0
0 0 0 0 0 0 0 0 0 0 0 0 0 0 0 0 0
0 0 0 0 0 0 0 0 0 0 0 0 0 0 0 0 0
0 0 0 0 0 0 0 0 0 0 0 0 0 0 0 0 0
0 0 0 0 0 0 0 0 0 0 0 0 0 0 0 0 0
0 0 0 0 0 0 0 0 0 0 0 0 0 0 0 0 0
0 0 0 0 0 0 0 0 0 0 0 0 0 0 0 0 0
0 0 0 0 0 0 0 0 0 0 0 0 0 0 0 0 0
0 0 0 0 0 0 0 -2.007806346806484e-05 -5.276484008251055e-05 -2.007806346806484e-05 0 0 0 0 0 0 0
0 0 0 0 0 0 -0.0001555154934190957 -0.0002656612952296996 -0.0003040638790716768 -0.0002656612952296996 -0.0001555154934190957 0 0 0 0 0 0
0 0 0 0 0 -0.0001555154934190957 -0.000343332261133608 -0.0004662280053270979 -0.0005089572429570761 -0.0004662280053270979 -0.000343332261133608 -0.0001555154934190957 0 0 0 0 0
0 0 0 0 -2.007806346806484e-05 -0.0002656612952296996 -0.0004662280053270979 -0.0005971338243122736 -0.0006425585996048433 -0.0005971338243122736 -0.0004662280053270979 -0.0002656612952296996 -2.007806346806484e-05 0 0 0 0
0 0 0 0 -5.276484008251055e-05 -0.0003040638790716768 -0.0005089572429570761 -0.0006425585996048433 -0.0006889224782538149 -0.0006425585996048433 -0.0005089572429570761 -0.0003040638790716768 -5.276484008251055e-05 0 0 0 0
0 0 0 0 -2.007806346806484e-05 -0.0002656612952296996 -0.0004662280053270979 -0.0005971338243122736 -0.0006425585996048433 -0.0005971338243122736 -0.0004662280053270979 -0.0002656612952296996 -2.007806346806484e-05 0 0 0 0
0 0 0 0 0 -0.0001555154934190957 -0.000343332261133608 -0.0004662280053270979 -0.0005089572429570761 -0.0004662280053270979 -0.000343332261133608 -0.0001555154934190957 0 0 0 0 0
0 0 0 0 0 0 -0.0001555154934190957 -0.0002656612952296996 -0.0003040638790716768 -0.0002656612952296996 -0.0001555154934190957 0 0 0 0 0 0
0 0 0 0 0 0 0 -2.007806346806484e-05 -5.276484008251055e-05 -2.007806346806484e-05 0 0 0 0 0 0 0
0 0 0 0 0 0 0 0 0 0 0 0 0 0 0 0 0
0 0 0 0 0 0 0 0 0 0 0 0 0 0 0 0 0
0 0 0 0 0 0 0 0 0 0 0 0 0 0 0 0 0
0 0 0 0 0 0 0 0 0 0 0 0 0 0 0 0 0
0 0 0 0 0 0 0 0 0 0 0 0 0 0 0 0 0
0 0 0 0 0 0 0 0 0 0 0 0 0 0 0 0 0
0 0 0 0 0 0 0 0 0 0 0 0 0 0 0 0 0
0 0 0 0 0 0 0 0 0 0 0 0 0 0 0 0 0
0 0 0 0 0 0 0 -1.608515253492544e-05 -4.226928990079614e-05 -1.608515253492544e-05 0 0 0 0 0 0 0
0 0 0 0 0 0 -0.0001245839356371944 -0.0002128300246952804 -0.0002435987871952774 -0.0002128300246952804 -0.0001245839356371944 0 0 0 0 0 0
0 0 0 0 0 -0.0001245839356371944 -0.0002750620263458149 -0.0003735352101336193 -0.0004077746538045353 -0.0003735352101336193 -0.0002750620263458149 -0.0001245839356371944 0 0 0 0 0
0 0 0 0 -1.608515253492544e-05 -0.0002128300246952804 -0.0003735352101336193 -0.0004784340733497811 -0.0005148359848692629 -0.0004784340733497811 -0.0003735352101336193 -0.0002128300246952804 -1.608515253492544e-05 0 0 0 0
0 0 0 0 -4.226928990079614e-05 -0.0002435987871952774 -0.0004077746538045353 -0.0005148359848692629 -0.0005519913229666271 -0.0005148359848692629 -0.0004077746538045353 -0.0002435987871952774 -4.226928990079614e-05 0 0 0 0
0 0 0 0 -1.608515253492544e-05 -0.0002128300246952804 -0.0003735352101336193 -0.0004784340733497811 -0.0005148359848692629 -0.0004784340733497811 -0.0003735352101336193 -0.0002128300246952804 -1.608515253492544e-05 0 0 0 0
0 0 0 0 0 -0.0001245839356371944 -0.0002750620263458149 -0.0003735352101336193 -0.0004077746538045353 -0.0003735352101336193 -0.0002750620263458149 -0.0001245839356371944 0 0 0 0 0
0 0 0 0 0 0 -0.0001245839356371944 -0.0002128300246952804 -0.0002435987871952774 -0.0002128300246952804 -0.0001245839356371944 0 0 0 0 0 0
0 0 0 0 0 0 0 -1.608515253492544e-05 -4.226928990079614e-05 -1.608515253492544e-05 0 0 0 0 0 0 0
0 0 0 0 0 0 0 0 0 0 0 0 0 0 0 0 0
0 0 0 0 0 0 0 0 0 0 0 0 0 0 0 0 0
0 0 0 0 0 0 0 0 0 0 0 0 0 0 0 0 0
0 0 0 0 0 0 0 0 0 0 0 0 0 0 0 0 0
0 0 0 0 0 0 0 0 0 0 0 0 0 0 0 0 0
0 0 0 0 0 0 0 0 0 0 0 0 0 0 0 0 0
0 0 0 0 0 0 0 0 0 0 0 0 0 0 0 0 0
0 0 0 0 0 0 0 0 0 0 0 0 0 0 0 0 0
0 0 0 0 0 0 0 -1.209224160151871e-05 -3.177373971921406e-05 -1.209224160151871e-05 0 0 0 0 0 0 0
0 0 0 0 0 0 -9.365237785516364e-05 -0.0001599987541608098 -0.0001831336953186306 -0.0001599987541608098 -9.365237785516364e-05 0 0 0 0 0 0
0 0 0 0 0 -9.365237785516364e-05 -0.0002067917915579019 -0.0002808424149400307 -0.0003065920646516198 -0.0002808424149400307 -0.0002067917915579019 -9.365237785516364e-05 0 0 0 0 0
0 0 0 0 -1.209224160151871e-05 -0.0001599987541608098 -0.0002808424149400307 -0.0003597343223871721 -0.0003871133701335734 -0.0003597343223871721 -0.0002808424149400307 -0.0001599987541608098 -1.209224160151871e-05 0 0 0 0
0 0 0 0 -3.177373971921406e-05 -0.0001831336953186306 -0.0003065920646516198 -0.0003871133701335734 -0.0004150601676787774 -0.0003871133701335734 -0.0003065920646516198 -0.0001831336953186306 -3.177373971921406e-05 0 0 0 0
0 0 0 0 -1.209224160151871e-05 -0.0001599987541608098 -0.0002808424149400307 -0.0003597343223871721 -0.0003871133701335734 -0.0003597343223871721 -0.0002808424149400307 -0.0001599987541608098 -1.209224160151871e-05 0 0 0 0
0 0 0 0 0 -9.365237785516364e-05 -0.0002067917915579019 -0.0002808424149400307 -0.0003065920646516198 -0.0002808424149400307 -0.0002067917915579019 -9.365237785516364e-05 0 0 0 0 0
0 0 0 0 0 0 -9.365237785516364e-05 -0.0001599987541608098 -0.0001831336953186306 -0.0001599987541608098 -9.365237785516364e-05 0 0 0 0 0 0
0 0 0 0 0 0 0 -1.209224160151871e-05 -3.177373971921406e-05 -1.209224160151871e-05 0 0 0 0 0 0 0
0 0 0 0 0 0 0 0 0 0 0 0 0 0 0 0 0
0 0 0 0 0 0 0 0 0 0 0 0 0 0 0 0 0
0 0 0 0 0 0 0 0 0 0 0 0 0 0 0 0 0
0 0 0 0 0 0 0 0 0 0 0 0 0 0 0 0 0
0 0 0 0 0 0 0 0 0 0 0 0 0 0 0 0 0
0 0 0 0 0 0 0 0 0 0 0 0 0 0 0 0 0
0 0 0 0 0 0 0 0 0 0 0 0 0 0 0 0 0
0 0 0 0 0 0 0 0 0 0 0 0 0 0 0 0 0
0 0 0 0 0 0 0 -8.099330668200764e-06 -2.127818953762107e-05 -8.099330668200764e-06 0 0 0 0 0 0 0
0 0 0 0 0 0 -6.272082007315475e-05 -0.0001071674836265738 -0.0001226686034421004 -0.0001071674836265738 -6.272082007315475e-05 0 0 0 0 0 0
0 0 0 0 0 -6.272082007315475e-05 -0.0001385215567699197 -0.000188149619746473 -0.0002054094754990899 -0.000188149619746473 -0.0001385215567699197 -6.272082007315475e-05 0 0 0 0 0
0 0 0 0 -8.099330668200764e-06 -0.0001071674836265738 -0.000188149619746473 -0.0002410345714247378 -0.0002593907553979275 -0.0002410345714247378 -0.000188149619746473 -0.0001071674836265738 -8.099330668200764e-06 0 0 0 0
0 0 0 0 -2.127818953762107e-05 -0.0001226686034421004 -0.0002054094754990899 -0.0002593907553979275 -0.0002781290123913204 -0.0002593907553979275 -0.0002054094754990899 -0.0001226686034421004 -2.127818953762107e-05 0 0 0 0
0 0 0 0 -8.099330668200764e-06 -0.0001071674836265738 -0.000188149619746473 -0.0002410345714247378 -0.0002593907553979275 -0.0002410345714247378 -0.000188149619746473 -0.0001071674836265738 -8.099330668200764e-06 0 0 0 0
0 0 0 0 0 -6.272082007315475e-05 -0.0001385215567699197 -0.000188149619746473 -0.0002054094754990899 -0.000188149619746473 -0.0001385215567699197 -6.272082007315475e-05 0 0 0 0 0
0 0 0 0 0 0 -6.272082007315475e-05 -0.0001071674836265738 -0.0001226686034421004 -0.0001071674836265738 -6.272082007315475e-05 0 0 0 0 0 0
0 0 0 0 0 0 0 -8.099330668200764e-06 -2.127818953762107e-05 -8.099330668200764e-06 0 0 0 0 0 0 0
0 0 0 0 0 0 0 0 0 0 0 0 0 0 0 0 0
0 0 0 0 0 0 0 0 0 0 0 0 0 0 0 0 0
0 0 0 0 0 0 0 0 0 0 0 0 0 0 0 0 0
0 0 0 0 0 0 0 0 0 0 0 0 0 0 0 0 0
0 0 0 0 0 0 0 0 0 0 0 0 0 0 0 0 0
0 0 0 0 0 0 0 0 0 0 0 0 0 0 0 0 0
0 0 0 0 0 0 0 0 0 0 0 0 0 0 0 0 0
0 0 0 0 0 0 0 0 0 0 0 0 0 0 0 0 0
0 0 0 0 0 0 0 -4.106419734954897e-06 -1.078263935610448e-05 -4.106419734954897e-06 0 0 0 0 0 0 0
0 0 0 0 0 0 -3.178926229117496e-05 -5.433621309218506e-05 -6.220351156564281e-05 -5.433621309218506e-05 -3.178926229117496e-05 0 0 0 0 0 0
0 0 0 0 0 -3.178926229117496e-05 -7.025132198193751e-05 -9.545682455300266e-05 -0.0001042268863464727 -9.545682455300266e-05 -7.025132198193751e-05 -3.178926229117496e-05 0 0 0 0 0
0 0 0 0 -4.106419734954897e-06 -5.433621309218506e-05 -9.545682455300266e-05 -0.0001223348204621871 -0.0001316681406623254 -0.0001223348204621871 -9.545682455300266e-05 -5.433621309218506e-05 -4.106419734954897e-06 0 0 0 0
0 0 0 0 -1.078263935610448e-05 -6.220351156564281e-05 -0.0001042268863464727 -0.0001316681406623254 -0.0001411978571038344 -0.0001316681406623254 -0.0001042268863464727 -6.220351156564281e-05 -1.078263935610448e-05 0 0 0 0
0 0 0 0 -4.106419734954897e-06 -5.433621309218506e-05 -9.545682455300266e-05 -0.0001223348204621871 -0.0001316681406623254 -0.0001223348204621871 -9.545682455300266e-05 -5.433621309218506e-05 -4.106419734954897e-06 0 0 0 0
0 0 0 0 0 -3.178926229117496e-05 -7.025132198193751e-05 -9.545682455300266e-05 -0.0001042268863464727 -9.545682455300266e-05 -7.025132198193751e-05 -3.178926229117496e-05 0 0 0 0 0
0 0 0 0 0 0 -3.178926229117496e-05 -5.433621309218506e-05 -6.220351156564281e-05 -5.433621309218506e-05 -3.178926229117496e-05 0 0 0 0 0 0
0 0 0 0 0 0 0 -4.106419734954897e-06 -1.078263935610448e-05 -4.106419734954897e-06 0 0 0 0 0 0 0
0 0 0 0 0 0 0 0 0 0 0 0 0 0 0 0 0
0 0 0 0 0 0 0 0 0 0 0 0 0 0 0 0 0
0 0 0 0 0 0 0 0 0 0 0 0 0 0 0 0 0
0 0 0 0 0 0 0 0 0 0 0 0 0 0 0 0 0
0 0 0 0 0 0 0 0 0 0 0 0 0 0 0 0 0
0 0 0 0 0 0 0 0 0 0 0 0 0 0 0 0 0
0 0 0 0 0 0 0 0 0 0 0 0 0 0 0 0 0
0 0 0 0 0 0 0 0 0 0 0 0 0 0 0 0 0
0 0 0 0 0 0 0 -1.13508801621947e-07 -2.87089174533321e-07 -1.13508801621947e-07 0 0 0 0 0 0 0
0 0 0 0 0 0 -8.577045091842592e-07 -1.504942557796312e-06 -1.738419689097952e-06 -1.504942557796312e-06 -8.577045091842592e-07 0 0 0 0 0 0
0 0 0 0 0 -8.577045091842592e-07 -1.981087194071733e-06 -2.764029359510459e-06 -3.044297193826321e-06 -2.764029359510459e-06 -1.981087194071733e-06 -8.577045091842592e-07 0 0 0 0 0
0 0 0 0 -1.13508801621947e-07 -1.504942557796312e-06 -2.764029359510459e-06 -3.635069499723613e-06 -3.945525926781351e-06 -3.635069499723613e-06 -2.764029359510459e-06 -1.504942557796312e-06 -1.13508801621947e-07 0 0 0 0
0 0 0 0 -2.87089174533321e-07 -1.738419689097952e-06 -3.044297193826321e-06 -3.945525926781351e-06 -4.266701816231944e-06 -3.945525926781351e-06 -3.044297193826321e-06 -1.738419689097952e-06 -2.87089174533321e-07 0 0 0 0
0 0 0 0 -1.13508801621947e-07 -1.504942557796312e-06 -2.764029359510459e-06 -3.635069499723613e-06 -3.945525926781351e-06 -3.635069499723613e-06 -2.764029359510459e-06 -1.504942557796312e-06 -1.13508801621947e-07 0 0 0 0
0 0 0 0 0 -8.577045091842592e-07 -1.981087194071733e-06 -2.764029359510459e-06 -3.044297193826321e-06 -2.764029359510459e-06 -1.981087194071733e-06 -8.577045091842592e-07 0 0 0 0 0
0 0 0 0 0 0 -8.577045091842592e-07 -1.504942557796312e-06 -1.738419689097952e-06 -1.504942557796312e-06 -8.577045091842592e-07 0 0 0 0 0 0
0 0 0 0 0 0 0 -1.13508801621947e-07 -2.87089174533321e-07 -1.13508801621947e-07 0 0 0 0 0 0 0
0 0 0 0 0 0 0 0 0 0 0 0 0 0 0 0 0
0 0 0 0 0 0 0 0 0 0 0 0 0 0 0 0 0
0 0 0 0 0 0 0 0 0 0 0 0 0 0 0 0 0
0 0 0 0 0 0 0 0 0 0 0 0 0 0 0 0 0
0 0 0 0 0 0 0 0 0 0 0 0 0 0 0 0 0
0 0 0 0 0 0 0 0 0 0 0 0 0 0 0 0 0
0 0 0 0 0 0 0 0 0 0 0 0 0 0 0 0 0
