9 -0.06 -0.045 -0.03 -0.015 0 0.015 0.03 0.045 0.06
9 -0.06 -0.045 -0.03 -0.015 0 0.015 0.03 0.045 0.06
31 0 0.05 0.1 0.15 0.2 0.25 0.3 0.35 0.4 0.45 0.5 0.55 0.6000000000000001 0.65 0.7000000000000001 0.75 0.8 0.8500000000000001 0.9 0.9500000000000001 1 1.05 1.1 1.15 1.2 1.25 1.3 1.35 1.4 1.45 1.5
0 0 0 0 0 0 0 0 0
0 0 0 0 0 0 0 0 0
0 0 0 0 0 0 0 0 0
0 0 0 0 0 0 0 0 0
0 0 0 0 -0.7218659457443174 0 0 0 0
0 0 0 0 0 0 0 0 0
0 0 0 0 0 0 0 0 0
0 0 0 0 0 0 0 0 0
0 0 0 0 0 0 0 0 0
0 0 -0.9706362225399707 -1.217671054349779 -1.290180055420497 -1.217671054349779 -0.9706362225399707 0 0
0 -1.14017655549145 -1.466566774238115 -1.542360738125227 -1.535829758313989 -1.542360738125227 -1.466566774238115 -1.14017655549145 0
-0.9706362225399707 -1.466566774238115 -1.51187200372608 -1.350418358789017 -1.278313710005401 -1.350418358789017 -1.51187200372608 -1.466566774238115 -0.9706362225399707
-1.217671054349779 -1.542360738125227 -1.350418358789017 -1.128427674675024 -1.056729646496612 -1.128427674675024 -1.350418358789017 -1.542360738125227 -1.217671054349779
-1.290180055420497 -1.535829758313989 -1.278313710005401 -1.056729646496612 -0.9886363283830396 -1.056729646496612 -1.278313710005401 -1.535829758313989 -1.290180055420497
-1.217671054349779 -1.542360738125227 -1.350418358789017 -1.128427674675024 -1.056729646496612 -1.128427674675024 -1.350418358789017 -1.542360738125227 -1.217671054349779
-0.9706362225399707 -1.466566774238115 -1.51187200372608 -1.350418358789017 -1.278313710005401 -1.350418358789017 -1.51187200372608 -1.466566774238115 -0.9706362225399707
0 -1.14017655549145 -1.466566774238115 -1.542360738125227 -1.535829758313989 -1.542360738125227 -1.466566774238115 -1.14017655549145 0
0 0 -0.9706362225399707 -1.217671054349779 -1.290180055420497 -1.217671054349779 -0.9706362225399707 0 0
-0.9057079244146803 -0.7552674738799892 -0.500804838005207 -0.2820543684534514 -0.197834612007285 -0.2820543684534514 -0.500804838005207 -0.7552674738799892 -0.9057079244146803
-0.7552674738799892 -0.3607073536965935 0 0 0 0 0 -0.3607073536965935 -0.7552674738799892
-0.500804838005207 0 0 -0.1171461453545094 -0.1730015187676767 -0.1171461453545094 0 0 -0.500804838005207
-0.2820543684534514 0 -0.1171461453545094 -0.2780262384869863 -0.324332340974994 -0.2780262384869863 -0.1171461453545094 0 -0.2820543684534514
-0.197834612007285 0 -0.1730015187676767 -0.324332340974994 -0.365292903708768 -0.324332340974994 -0.1730015187676767 0 -0.197834612007285
-0.2820543684534514 0 -0.1171461453545094 -0.2780262384869863 -0.324332340974994 -0.2780262384869863 -0.1171461453545094 0 -0.2820543684534514
-0.500804838005207 0 0 -0.1171461453545094 -0.1730015187676767 -0.1171461453545094 0 0 -0.500804838005207
-0.7552674738799892 -0.3607073536965935 0 0 0 0 0 -0.3607073536965935 -0.7552674738799892
-0.9057079244146803 -0.7552674738799892 -0.500804838005207 -0.2820543684534514 -0.197834612007285 -0.2820543684534514 -0.500804838005207 -0.7552674738799892 -0.9057079244146803
0 0 0 0 0 0 0 0 0
0 0 0 0 0 0 0 0 0
0 0 0 -0.00759798086434789 -0.01509534297453076 -0.00759798086434789 0 0 0
0 0 -0.00759798086434789 -0.03151226708772872 -0.0404425937595825 -0.03151226708772872 -0.00759798086434789 0 0
0 0 -0.01509534297453076 -0.0404425937595825 -0.04986065987167507 -0.0404425937595825 -0.01509534297453076 0 0
0 0 -0.00759798086434789 -0.03151226708772872 -0.0404425937595825 -0.03151226708772872 -0.00759798086434789 0 0
0 0 0 -0.00759798086434789 -0.01509534297453076 -0.00759798086434789 0 0 0
0 0 0 0 0 0 0 0 0
0 0 0 0 0 0 0 0 0
0 0 0 0 0 0 0 0 0
0 0 0 0 0 0 0 0 0
0 0 0 0 -0.0009738263416853533 0 0 0 0
0 0 0 -0.003028856215570122 -0.004172481572793673 -0.003028856215570122 0 0 0
0 0 -0.0009738263416853533 -0.004172481572793673 -0.0053972756143976 -0.004172481572793673 -0.0009738263416853533 0 0
0 0 0 -0.003028856215570122 -0.004172481572793673 -0.003028856215570122 0 0 0
0 0 0 0 -0.0009738263416853533 0 0 0 0
0 0 0 0 0 0 0 0 0
0 0 0 0 0 0 0 0 0
0 0 0 0 0 0 0 0 0
0 0 0 0 0 0 0 0 0
0 0 0 0 -3.197550279815914e-05 0 0 0 0
0 0 0 -0.0002132584142297273 -0.0003194736533297389 -0.0002132584142297273 0 0 0
0 0 -3.197550279815914e-05 -0.0003194736533297389 -0.0004362895571731497 -0.0003194736533297389 -3.197550279815914e-05 0 0
0 0 0 -0.0002132584142297273 -0.0003194736533297389 -0.0002132584142297273 0 0 0
0 0 0 0 -3.197550279815914e-05 0 0 0 0
0 0 0 0 0 0 0 0 0
0 0 0 0 0 0 0 0 0
0 0 0 0 0 0 0 0 0
0 0 0 0 0 0 0 0 0
0 0 0 0 -4.601482077407126e-06 0 0 0 0
0 0 0 -2.695524231434683e-05 -3.855161227861723e-05 -2.695524231434683e-05 0 0 0
0 0 -4.601482077407126e-06 -3.855161227861723e-05 -5.071291198808467e-05 -3.855161227861723e-05 -4.601482077407126e-06 0 0
0 0 0 -2.695524231434683e-05 -3.855161227861723e-05 -2.695524231434683e-05 0 0 0
0 0 0 0 -4.601482077407126e-06 0 0 0 0
0 0 0 0 0 0 0 0 0
0 0 0 0 0 0 0 0 0
0 0 0 0 0 0 0 0 0
0 0 0 0 0 0 0 0 0
0 0 0 0 2.039131522760726e-07 0 0 0 0
0 0 0 5.409865395049564e-07 4.049726830191957e-07 5.409865395049564e-07 0 0 0
0 0 2.039131522760726e-07 4.049726830191957e-07 1.182051606010646e-07 4.049726830191957e-07 2.039131522760726e-07 0 0
0 0 0 5.409865395049564e-07 4.049726830191957e-07 5.409865395049564e-07 0 0 0
0 0 0 0 2.039131522760726e-07 0 0 0 0
0 0 0 0 0 0 0 0 0
0 0 0 0 0 0 0 0 0
0 0 0 0 0 0 0 0 0
0 0 0 0 0 0 0 0 0
0 0 0 0 -7.686632615514099e-08 0 0 0 0
0 0 0 -4.14749720483087e-07 -5.726422967616145e-07 -4.14749720483087e-07 0 0 0
0 0 -7.686632615514099e-08 -5.726422967616145e-07 -7.299114076886326e-07 -5.726422967616145e-07 -7.686632615514099e-08 0 0
0 0 0 -4.14749720483087e-07 -5.726422967616145e-07 -4.14749720483087e-07 0 0 0
0 0 0 0 -7.686632615514099e-08 0 0 0 0
0 0 0 0 0 0 0 0 0
0 0 0 0 0 0 0 0 0
0 0 0 0 0 0 0 0 0
0 0 0 0 0 0 0 0 0
0 0 0 0 -2.214898116653785e-08 0 0 0 0
0 0 0 -8.125486632343381e-08 -9.351903278684403e-08 -8.125486632343381e-08 0 0 0
0 0 -2.214898116653785e-08 -9.351903278684403e-08 -1.0107560781762e-07 -9.351903278684403e-08 -2.214898116653785e-08 0 0
0 0 0 -8.125486632343381e-08 -9.351903278684403e-08 -8.125486632343381e-08 0 0 0
0 0 0 0 -2.214898116653785e-08 0 0 0 0
0 0 0 0 0 0 0 0 0
0 0 0 0 0 0 0 0 0
0 0 0 0 0 0 0 0 0
0 0 0 0 0 0 0 0 0
0 0 0 0 1.388816407416016e-08 0 0 0 0
0 0 0 4.653967107878998e-08 5.035858279273953e-08 4.653967107878998e-08 0 0 0
0 0 1.388816407416016e-08 5.035858279273953e-08 5.063332917052321e-08 5.035858279273953e-08 1.388816407416016e-08 0 0
0 0 0 4.653967107878998e-08 5.035858279273953e-08 4.653967107878998e-08 0 0 0
0 0 0 0 1.388816407416016e-08 0 0 0 0
0 0 0 0 0 0 0 0 0
0 0 0 0 0 0 0 0 0
0 0 0 0 0 0 0 0 0
0 0 0 0 0 0 0 0 0
0 0 0 0 -3.251688933232799e-09 0 0 0 0
0 0 0 -1.016881639952771e-08 -1.053636336712316e-08 -1.016881639952771e-08 0 0 0
0 0 -3.251688933232799e-09 -1.053636336712316e-08 -1.010493654757738e-08 -1.053636336712316e-08 -3.251688933232799e-09 0 0
0 0 0 -1.016881639952771e-08 -1.053636336712316e-08 -1.016881639952771e-08 0 0 0
0 0 0 0 -3.251688933232799e-09 0 0 0 0
0 0 0 0 0 0 0 0 0
0 0 0 0 0 0 0 0 0
0 0 0 0 0 0 0 0 0
0 0 0 0 0 0 0 0 0
0 0 0 0 4.311726661399006e-10 0 0 0 0
0 0 0 1.327604462858289e-09 1.352681352273066e-09 1.327604462858289e-09 0 0 0
0 0 4.311726661399006e-10 1.352681352273066e-09 1.264217076823115e-09 1.352681352273066e-09 4.311726661399006e-10 0 0
0 0 0 1.327604462858289e-09 1.352681352273066e-09 1.327604462858289e-09 0 0 0
0 0 0 0 4.311726661399006e-10 0 0 0 0
0 0 0 0 0 0 0 0 0
0 0 0 0 0 0 0 0 0
0 0 0 0 0 0 0 0 0
0 0 0 0 0 0 0 0 0
0 0 0 0 1.56190013512969e-10 0 0 0 0
0 0 0 3.087639342993498e-10 2.099914738664665e-10 3.087639342993498e-10 0 0 0
0 0 1.56190013512969e-10 2.099914738664665e-10 9.251898154616356e-11 2.099914738664665e-10 1.56190013512969e-10 0 0
0 0 0 3.087639342993498e-10 2.099914738664665e-10 3.087639342993498e-10 0 0 0
0 0 0 0 1.56190013512969e-10 0 0 0 0
0 0 0 0 0 0 0 0 0
0 0 0 0 0 0 0 0 0
0 0 0 0 0 0 0 0 0
0 0 0 0 0 0 0 0 0
0 0 0 0 -1.354075502604246e-10 0 0 0 0
0 0 0 -2.734958834480494e-10 -1.929091448857889e-10 -2.734958834480494e-10 0 0 0
0 0 -1.354075502604246e-10 -1.929091448857889e-10 -9.667986887507141e-11 -1.929091448857889e-10 -1.354075502604246e-10 0 0
0 0 0 -2.734958834480494e-10 -1.929091448857889e-10 -2.734958834480494e-10 0 0 0
0 0 0 0 -1.354075502604246e-10 0 0 0 0
0 0 0 0 0 0 0 0 0
0 0 0 0 0 0 0 0 0
0 0 0 0 0 0 0 0 0
0 0 0 0 0 0 0 0 0
0 0 0 0 3.361329436302185e-11 0 0 0 0
0 0 0 6.291639874689281e-11 4.031060734632774e-11 6.291639874689281e-11 0 0 0
0 0 3.361329436302185e-11 4.031060734632774e-11 1.5067751519382e-11 4.031060734632774e-11 3.361329436302185e-11 0 0
0 0 0 6.291639874689281e-11 4.031060734632774e-11 6.291639874689281e-11 0 0 0
0 0 0 0 3.361329436302185e-11 0 0 0 0
0 0 0 0 0 0 0 0 0
0 0 0 0 0 0 0 0 0
0 0 0 0 0 0 0 0 0
0 0 0 0 0 0 0 0 0
0 0 0 0 -4.969129804521799e-12 0 0 0 0
0 0 0 -9.229988791048526e-12 -5.680132289853646e-12 -9.229988791048526e-12 0 0 0
0 0 -4.969129804521799e-12 -5.680132289853646e-12 -1.754844561219215e-12 -5.680132289853646e-12 -4.969129804521799e-12 0 0
0 0 0 -9.229988791048526e-12 -5.680132289853646e-12 -9.229988791048526e-12 0 0 0
0 0 0 0 -4.969129804521799e-12 0 0 0 0
0 0 0 0 0 0 0 0 0
0 0 0 0 0 0 0 0 0
0 0 0 0 0 0 0 0 0
0 0 0 0 0 0 0 0 0
0 0 0 0 -1.617067027837038e-12 0 0 0 0
0 0 0 -1.927197445183992e-12 -6.202146778377937e-13 -1.927197445183992e-12 0 0 0
0 0 -1.617067027837038e-12 -6.202146778377937e-13 4.866160452365875e-13 -6.202146778377937e-13 -1.617067027837038e-12 0 0
0 0 0 -1.927197445183992e-12 -6.202146778377937e-13 -1.927197445183992e-12 0 0 0
0 0 0 0 -1.617067027837038e-12 0 0 0 0
0 0 0 0 0 0 0 0 0
0 0 0 0 0 0 0 0 0
0 0 0 0 0 0 0 0 0
0 0 0 0 0 0 0 0 0
0 0 0 0 1.776381395757198e-12 0 0 0 0
0 0 0 2.194130502175539e-12 7.725986534978801e-13 2.194130502175539e-12 0 0 0
0 0 1.776381395757198e-12 7.725986534978801e-13 -4.670437192544341e-13 7.725986534978801e-13 1.776381395757198e-12 0 0
0 0 0 2.194130502175539e-12 7.725986534978801e-13 2.194130502175539e-12 0 0 0
0 0 0 0 1.776381395757198e-12 0 0 0 0
0 0 0 0 0 0 0 0 0
0 0 0 0 0 0 0 0 0
0 0 0 0 0 0 0 0 0
0 0 0 0 0 0 0 0 0
0 0 0 0 -4.191533662378788e-13 0 0 0 0
0 0 0 -4.770408850163221e-13 -9.252255495084682e-14 -4.770408850163221e-13 0 0 0
0 0 -4.191533662378788e-13 -9.252255495084682e-14 2.364395186305046e-13 -9.252255495084682e-14 -4.191533662378788e-13 0 0
0 0 0 -4.770408850163221e-13 -9.252255495084682e-14 -4.770408850163221e-13 0 0 0
0 0 0 0 -4.191533662378788e-13 0 0 0 0
0 0 0 0 0 0 0 0 0
0 0 0 0 0 0 0 0 0
0 0 0 0 0 0 0 0 0
0 0 0 0 0 0 0 0 0
0 0 0 0 3.757304511964321e-14 0 0 0 0
0 0 0 3.92901711165905e-14 -3.226273292966652e-14 3.92901711165905e-14 0 0 0
0 0 3.757304511964321e-14 -3.226273292966652e-14 -1.040752977132797e-13 -3.226273292966652e-14 3.757304511964321e-14 0 0
0 0 0 3.92901711165905e-14 -3.226273292966652e-14 3.92901711165905e-14 0 0 0
0 0 0 0 3.757304511964321e-14 0 0 0 0
0 0 0 0 0 0 0 0 0
0 0 0 0 0 0 0 0 0
0 0 0 0 0 0 0 0 0
0 0 0 0 0 0 0 0 0
0 0 0 0 3.16067598760128e-14 0 0 0 0
0 0 0 2.89292074739933e-14 1.992430043173954e-14 2.89292074739933e-14 0 0 0
0 0 3.16067598760128e-14 1.992430043173954e-14 3.026798367500305e-14 1.992430043173954e-14 3.16067598760128e-14 0 0
0 0 0 2.89292074739933e-14 1.992430043173954e-14 2.89292074739933e-14 0 0 0
0 0 0 0 3.16067598760128e-14 0 0 0 0
0 0 0 0 0 0 0 0 0
0 0 0 0 0 0 0 0 0
0 0 0 0 0 0 0 0 0
0 0 0 0 0 0 0 0 0
0 0 0 0 -4.228422767482698e-14 0 0 0 0
0 0 0 -1.662374415900558e-14 1.44370773114133e-14 -1.662374415900558e-14 0 0 0
0 0 -4.228422767482698e-14 1.44370773114133e-14 3.120658220723271e-14 1.44370773114133e-14 -4.228422767482698e-14 0 0
0 0 0 -1.662374415900558e-14 1.44370773114133e-14 -1.662374415900558e-14 0 0 0
0 0 0 0 -4.228422767482698e-14 0 0 0 0
0 0 0 0 0 0 0 0 0
0 0 0 0 0 0 0 0 0
0 0 0 0 0 0 0 0 0
0 0 0 0 0 0 0 0 0
0 0 0 0 4.99130692332983e-15 0 0 0 0
0 0 0 -9.429641067981719e-15 -2.353453965042718e-14 -9.429641067981719e-15 0 0 0
0 0 4.99130692332983e-15 -2.353453965042718e-14 -3.771856427192688e-14 -2.353453965042718e-14 4.99130692332983e-15 0 0
0 0 0 -9.429641067981719e-15 -2.353453965042718e-14 -9.429641067981719e-15 0 0 0
0 0 0 0 4.99130692332983e-15 0 0 0 0
0 0 0 0 0 0 0 0 0
0 0 0 0 0 0 0 0 0
0 0 0 0 0 0 0 0 0
0 0 0 0 0 0 0 0 0
0 0 0 0 2.377782948315143e-14 0 0 0 0
0 0 0 1.903390511870384e-14 1.724515641399193e-14 1.903390511870384e-14 0 0 0
0 0 2.377782948315143e-14 1.724515641399193e-14 4.656612873077392e-15 1.724515641399193e-14 2.377782948315143e-14 0 0
0 0 0 1.903390511870384e-14 1.724515641399193e-14 1.903390511870384e-14 0 0 0
0 0 0 0 2.377782948315143e-14 0 0 0 0
0 0 0 0 0 0 0 0 0
0 0 0 0 0 0 0 0 0
0 0 0 0 0 0 0 0 0
0 0 0 0 0 0 0 0 0
0 0 0 0 -4.202593117952347e-14 0 0 0 0
0 0 0 -2.764863893389702e-14 -1.619878275960218e-14 -2.764863893389702e-14 0 0 0
0 0 -4.202593117952347e-14 -1.619878275960218e-14 1.6065314412117e-14 -1.619878275960218e-14 -4.202593117952347e-14 0 0
0 0 0 -2.764863893389702e-14 -1.619878275960218e-14 -2.764863893389702e-14 0 0 0
0 0 0 0 -4.202593117952347e-14 0 0 0 0
0 0 0 0 0 0 0 0 0
0 0 0 0 0 0 0 0 0
0 0 0 0 0 0 0 0 0
0 0 0 0 0 0 0 0 0
0 0 0 0 2.626188688736874e-14 0 0 0 0
0 0 0 4.512867235462181e-14 4.290153654551432e-14 4.512867235462181e-14 0 0 0
0 0 2.626188688736874e-14 4.290153654551432e-14 2.974411472678184e-14 4.290153654551432e-14 2.626188688736874e-14 0 0
0 0 0 4.512867235462181e-14 4.290153654551432e-14 4.512867235462181e-14 0 0 0
0 0 0 0 2.626188688736874e-14 0 0 0 0
0 0 0 0 0 0 0 0 0
0 0 0 0 0 0 0 0 0
0 0 0 0 0 0 0 0 0
0 0 0 0 0 0 0 0 0
0 0 0 0 1.220905687659979e-14 0 0 0 0
0 0 0 -1.769512891769409e-14 -2.703154677874408e-14 -1.769512891769409e-14 0 0 0
0 0 1.220905687659979e-14 -2.703154677874408e-14 -3.702007234096527e-14 -2.703154677874408e-14 1.220905687659979e-14 0 0
0 0 0 -1.769512891769409e-14 -2.703154677874408e-14 -1.769512891769409e-14 0 0 0
0 0 0 0 1.220905687659979e-14 0 0 0 0
0 0 0 0 0 0 0 0 0
0 0 0 0 0 0 0 0 0
0 0 0 0 0 0 0 0 0
0 0 0 0 0 0 0 0 0
0 0 0 0 1.405715011060238e-14 0 0 0 0
0 0 0 4.909816198050976e-14 6.536515684274491e-14 4.909816198050976e-14 0 0 0
0 0 1.405715011060238e-14 6.536515684274491e-14 7.636845111846924e-14 6.536515684274491e-14 1.405715011060238e-14 0 0
0 0 0 4.909816198050976e-14 6.536515684274491e-14 4.909816198050976e-14 0 0 0
0 0 0 0 1.405715011060238e-14 0 0 0 0
0 0 0 0 0 0 0 0 0
0 0 0 0 0 0 0 0 0
0 0 0 0 0 0 0 0 0
0 0 0 0 0 0 0 0 0
0 0 0 0 -7.473863661289215e-14 0 0 0 0
0 0 0 -8.35862010717392e-14 -8.948609320214018e-14 -8.35862010717392e-14 0 0 0
0 0 -7.473863661289215e-14 -8.948609320214018e-14 -7.241033017635345e-14 -8.948609320214018e-14 -7.473863661289215e-14 0 0
0 0 0 -8.35862010717392e-14 -8.948609320214018e-14 -8.35862010717392e-14 0 0 0
0 0 0 0 -7.473863661289215e-14 0 0 0 0
0 0 0 0 0 0 0 0 0
0 0 0 0 0 0 0 0 0
0 0 0 0 0 0 0 0 0
0 0 0 0 0 0 0 0 0
0 0 0 0 3.878958523273468e-13 0 0 0 0
0 0 0 2.498272806406021e-13 2.083411345665809e-13 2.498272806406021e-13 0 0 0
0 0 3.878958523273468e-13 2.083411345665809e-13 1.350417733192444e-13 2.083411345665809e-13 3.878958523273468e-13 0 0
0 0 0 2.498272806406021e-13 2.083411345665809e-13 2.498272806406021e-13 0 0 0
0 0 0 0 3.878958523273468e-13 0 0 0 0
0 0 0 0 0 0 0 0 0
0 0 0 0 0 0 0 0 0
