# Created by Octave 4.4.1, Wed Mar 27 17:23:25 2019 CET <peter@peter-ThinkPad>
# name: E
# type: matrix
# ndims: 4
 10 10 20 3
 -5.3324607108581351e-40
 0
 0
 0
 0
 0
 0
 0
 0
 0
 0
 0
 0
 0
 0
 0
 0
 0
 0
 0
 0
 0
 0
 0
 0
 0
 0
 0
 0
 0
 0
 0
 0
 0
 0
 0
 0
 0
 0
 0
 0
 0
 0
 0
 0
 0
 0
 0
 0
 0
 0
 0
 0
 0
 0
 0
 0
 0
 0
 0
 0
 0
 0
 0
 0
 0
 0
 0
 0
 0
 0
 0
 0
 0
 0
 0
 0
 0
 0
 0
 0
 0
 0
 0
 0
 0
 0
 0
 0
 0
 0
 0
 0
 0
 0
 0
 0
 0
 0
 0
 19.850059024262009
 48445.055200563205
 98771.405967426545
 152527.21900257235
 210414.91280659463
 271405.08494564908
 331989.19533723849
 386580.7959483153
 425131.08432447736
 0
 2.9664040892943283e-12
 48804.714390537672
 99487.213194088021
 153442.58445502282
 211172.32684346009
 272008.50656223006
 332068.46960193396
 386179.84924105549
 423409.93692334805
 0
 6.0480043082646347e-12
 49743.606597044025
 101201.06327261885
 155885.72963462493
 213913.2461157252
 273903.1490843349
 332091.9602289343
 384485.30591832392
 419096.65243741998
 0
 9.3395985267173791e-12
 51147.528151674283
 103923.81975641662
 159127.01493407029
 217124.06795651928
 276295.08425691986
 332003.61799055163
 380079.10835702391
 0
 0
 1.2884197473073277e-11
 52793.081710865008
 106956.62305786263
 162843.05096738948
 220485.17677055145
 276662.97983555711
 330112.39021595992
 370483.69480792957
 0
 0
 1.6618768427550232e-11
 54401.701312446006
 109561.25963373399
 165777.05055415191
 221330.38386844561
 275842.74945789704
 322736.35855844885
 0
 0
 0
 2.0328475271062726e-11
 55344.744933655638
 110697.32007631143
 166001.80899527587
 220074.92681063994
 268946.965465374
 0
 0
 0
 0
 2.3671246718497022e-11
 55168.549891579336
 109852.94454809252
 162891.04643872456
 211704.968461674
 0
 0
 0
 0
 0
 2.6031771081800735e-11
 52926.24211541855
 104774.16310935497
 0
 0
 0
 0
 0
 0
 0
 0
 0
 0
 0
 0
 0
 0
 0
 0
 0
 46.178835783386603
 39156.994410518178
 83725.940820434946
 139179.71450600406
 210573.32460082951
 300708.74576875835
 410332.91530158528
 532660.57306481001
 652401.69713514438
 770125.40081940778
 2.3976743934535944e-12
 40022.811558139874
 85448.318539691012
 141723.02851554248
 213691.08871116341
 304506.62433932262
 413935.05316718842
 535317.72680279939
 655144.0856533756
 771351.71226257179
 5.1267352715673185e-12
 42724.159269845521
 91021.216589323289
 150330.64952504236
 224770.53238438282
 317315.82035805297
 427458.31515723752
 554117.54035198374
 662222.02199549566
 778322.14082431083
 8.5222995938010159e-12
 47241.009505180824
 100220.43301669489
 163131.60206693769
 240566.9966150067
 335576.53582292522
 445903.63812264544
 558924.03895971656
 672651.53354747104
 798376.03084259736
 1.2893897397911123e-11
 53422.772177790837
 112385.26619219144
 180425.24746125503
 262955.72626610973
 359727.66455119313
 462981.87017117324
 573251.07494670374
 683265.85413719015
 807660.9531193166
 1.8413100149066254e-11
 60901.32486786451
 126926.32814322121
 201345.9214937551
 287782.13164095441
 382369.80485914258
 483782.49292389577
 590065.23842327576
 705357.49373878445
 835066.85497734766
 2.5125644565444421e-11
 68989.175527864703
 142486.10505241252
 222951.81906132278
 308654.5801141155
 403152.0774365798
 502996.35952943598
 605361.66508557578
 726799.48623633618
 0
 3.2616053291790723e-11
 76473.960971828448
 158319.29724342388
 239538.87383987856
 327572.0428266878
 421475.17030233989
 518881.4272162079
 630686.77905622055
 0
 0
 3.9948082507742775e-11
 81893.010706672023
 165555.50549887386
 252244.32508030164
 341632.92706859519
 440848.43358674028
 545099.61467725213
 0
 0
 0
 4.7156580352778009e-11
 85705.745806952473
 172960.47573873575
 266125.34361419914
 358960.42360858509
 463926.03054297087
 0
 0
 0
 0
 26.581079102121294
 951.85729855159298
 8999.0994575744262
 33570.792455961564
 91667.016318820533
 205589.83563333523
 396929.33038253227
 677321.0767665375
 1006847.1024294482
 1335894.9153534584
 5.8284449695812748e-14
 2099.7839384052754
 11475.084799142776
 38403.608579788532
 98871.904512793568
 219094.89534467951
 411484.16578718327
 691330.17743903806
 1018671.3323759621
 1345836.9949148465
 5.5103591729636014e-13
 5737.5423995713891
 19641.853440365729
 52505.423840623713
 122366.38140563945
 250752.57404259118
 454664.08718027326
 735788.11390895373
 1052158.3380770199
 1369712.3182503879
 2.0556181763016719e-12
 12801.20285992951
 35003.615893749142
 79547.267231446764
 164471.86850666819
 307174.58478272584
 527480.80723903095
 805876.4223537466
 1108291.3171692167
 1414531.7086502158
 5.612985906111588e-12
 24717.976128198385
 61183.190702819738
 123353.90138000116
 227367.34558647903
 391452.79769737367
 618349.47523459955
 891337.41582896688
 1178543.8445681001
 1460081.5113102829
 1.2588746707279721e-11
 43818.979068935892
 100301.02961703649
 184304.75086963549
 313162.23815789889
 493807.26959931286
 724355.2842475354
 980229.92215516535
 1249788.9800676052
 1509326.6951836061
 2.4304911697033518e-11
 68580.694297863854
 151554.69572675775
 263740.40361951553
 412232.98348973307
 603629.40353961277
 822151.2300651439
 1065331.8030836359
 1316367.2031587155
 1549807.8711448957
 4.1473954432858944e-11
 98761.453919862543
 210225.17540255815
 345375.60958017712
 509335.66618798097
 700164.23011083237
 913141.5455002595
 1141274.151394953
 1368426.5289098185
 0
 6.1651604061050553e-11
 127333.91654699536
 263039.58451925486
 415609.24393845629
 589271.92228405026
 781118.11254225334
 987275.40236903669
 1197373.2127960911
 0
 0
 8.1799971604241861e-11
 149537.44387942748
 304380.51516675291
 471510.56955007196
 648925.11613790342
 838514.83065755875
 1033205.2474299305
 0
 0
 0
 8.3792063668370247
 -68497.873556063743
 -141421.85308794142
 -222598.58293123101
 -309782.1575699356
 -371949.06031516008
 -282208.29818022926
 477286.31509311125
 1511486.1983963614
 2043373.8695991971
 -4.1942850799416794e-12
 -69176.778567422502
 -142814.10609352807
 -224470.17267639967
 -312604.64220677561
 -365033.4375315684
 -247173.41899569926
 549895.11650055856
 1543422.2905262508
 2053572.9051988928
 -8.6595909856817351e-12
 -71407.053046764049
 -146924.14944292078
 -229637.26780196821
 -314255.64630601625
 -347695.05025927199
 -122193.53038084216
 763796.82206878206
 1627844.148579353
 2073516.4767460474
 -1.3630232104073435e-11
 -74823.390892133219
 -153091.51186797878
 -235761.67113478683
 -297559.24825212808
 -280133.66601965268
 183131.61883517992
 1067352.6687642552
 1747207.1164991609
 2083701.5559424483
 -1.8968686385049132e-11
 -78151.160551693873
 -157127.82315300815
 -223169.43618909607
 -246937.25701045399
 -57694.549349098394
 596546.87833091279
 1350494.5042104695
 1806323.4991640823
 2129312.3051513224
 -2.2775311308041332e-11
 -73006.687506313669
 -139078.02010370881
 -168080.19961179158
 -46155.639479278703
 392782.22607183811
 1038040.4628836029
 1542645.7785921325
 1847075.7361097659
 2211607.9468220267
 -1.7280274452961981e-11
 -41195.569832616522
 -40731.176793614053
 91565.80941758999
 397697.91888727515
 865033.71906966902
 1295954.3921483508
 1612735.0374691486
 1905353.0919342258
 2415584.3558822484
 2.9225357902780688e-11
 78556.445214365478
 218227.66344822335
 457436.85804182367
 771711.14526312542
 1101889.8418515234
 1382344.3178306993
 1658085.2855761964
 2069862.3319081266
 2916778.4412823692
 9.2551836741075266e-11
 192927.7863157815
 406961.03714483808
 655202.66868718539
 903161.7495820414
 1154422.3350686037
 1429014.8189506696
 1811129.5404196107
 2522944.5312110763
 0
 1.2512056344329989e-10
 228174.76724432156
 460781.4392768995
 694567.18531414948
 946361.02451169875
 1228671.0815677925
 1610389.5705881657
 2268605.4543307321
 0
 0
 23.543733430022257
 -114182.16773072637
 -241844.10006216183
 -401358.97080091393
 -624950.54364800721
 -993231.67637891695
 0
 0
 0
 2526892.2317360532
 -6.9916413115570127e-12
 -116158.33093910615
 -246376.18321588982
 -409340.61294107413
 -641603.88732346892
 -1019626.0120145978
 0
 0
 0
 2466589.5397137366
 -1.4808680151689934e-11
