# Created by Octave 5.2.0, Wed May 26 19:23:57 2021 CEST <peter@peter-fedora>
# name: x_opt
# type: matrix
# rows: 10
# columns: 1
 -0.0058339009537023102
 3.533829800856103e-06
 -0.00084262142493738942
 0.014272866086907919
 0.023774285738306603
 0.019780759644029876
 -0.0053400213849222802
 0.0099180934888472849
 -0.0055054001029740543
 -0.012262127403791095


# name: obj_opt
# type: scalar
9054864.9404930826


