# Created by Octave 5.2.0, Sat Apr 10 23:34:21 2021 CEST <peter@peter-fedora>
# name: x_opt
# type: matrix
# rows: 10
# columns: 1
 -0.0058243763160101677
 2.8966575889078893e-06
 -0.00083466312935335922
 0.014273158520350699
 0.02377593745779924
 0.019779917205701658
 -0.0053181391273782056
 0.0099146057793563658
 -0.0054788845321522847
 -0.012248744558778944


# name: obj_opt
# type: scalar
9054277.9923768789


