# Created by Octave 5.2.0, Wed Aug 26 02:24:00 2020 CEST <peter@peter-fedora>
# name: x_opt
# type: matrix
# rows: 12
# columns: 1
 -0.00014665454914686917
 4.5809476312773723e-05
 -2.6301158809309098e-05
 -7.6752978929537041e-05
 -0.00010913283413149784
 -0.00014363303429131523
 3.3302597771047682e-05
 0.00020862353215333581
 3.068462236528691e-05
 -0.00036499654566594805
 -0.0001091377075841941
 4.6623691645768548e-05


# name: obj_opt
# type: scalar
8980847.883962024


