# Created by Octave 5.2.0, Tue Jul 28 11:03:35 2020 CEST <peter@peter-fedora>
# name: x_opt
# type: matrix
# rows: 14
# columns: 1
 -0.0011828321542932882
 0.0050420381449843158
 0.009540574187609889
 -6.9084778368565421e-05
 0.024092189206457282
 -0.0014665718175509534
 0.0065809751854777783
 -0.0018488996538516785
 -0.012349427551779061
 -0.002308056058012895
 0.0097416878749092776
 0.0036742200657116321
 0.0059819853499400548
 -0.00043261594458350187


# name: obj_opt
# type: scalar
9065677.9831085578


