# Created by Octave 5.2.0, Mon Jul 27 06:47:57 2020 CEST <peter@peter-fedora>
# name: x_opt
# type: matrix
# rows: 12
# columns: 1
 0.00051867555855595183
 3.795706689491617e-06
 0.0081695886346482734
 -0.0014301534313871699
 0.019873418889811329
 -0.0049954242312378492
 -0.00089459811146733105
 -0.0026992855385000723
 0.0095184962748022673
 -0.0015416532718811019
 -0.00024293882297409463
 -0.012467786773996136


# name: obj_opt
# type: scalar
8886722.4973192792


