# Created by Octave 5.2.0, Mon Jun 29 11:44:22 2020 CEST <peter@peter-fedora>
# name: x_opt
# type: matrix
# rows: 10
# columns: 1
 -0.0084448002907353097
 0.0044631230170076412
 -0.0019391095417872889
 0.016081641413018641
 -0.011888718038808914
 0.01488274771829814
 0.0084083115137828564
 0.0030602800403497468
 0.0050731425131079798
 0.0095421321404359338


# name: obj_opt
# type: scalar
0.032014809168006447


