# Created by Octave 5.2.0, Fri Jul 10 12:07:35 2020 CEST <peter@peter-fedora>
# name: x_opt
# type: matrix
# rows: 10
# columns: 1
 -0.0014069656696693777
 0.0048060166293493779
 -0.00056397684389429678
 0.014338013845754043
 -0.002907755817873833
 0.011378292313602186
 0.0072118402008063834
 0.010776422155208918
 0.0042803102655340035
 0.0060755982277367242


# name: obj_opt
# type: scalar
0.044423586033929027


