15 -0.0015 -0.001285714285714286 -0.001071428571428571 -0.0008571428571428572 -0.0006428571428571429 -0.0004285714285714286 -0.0002142857142857143 0 0.0002142857142857143 0.0004285714285714286 0.0006428571428571429 0.0008571428571428572 0.001071428571428571 0.001285714285714286 0.0015
15 -0.0015 -0.001285714285714286 -0.001071428571428571 -0.0008571428571428572 -0.0006428571428571429 -0.0004285714285714286 -0.0002142857142857143 0 0.0002142857142857143 0.0004285714285714286 0.0006428571428571429 0.0008571428571428572 0.001071428571428571 0.001285714285714286 0.0015
64 0.307 0.3092222222222222 0.3114444444444444 0.3136666666666666 0.3158888888888889 0.3181111111111111 0.3203333333333333 0.3225555555555555 0.3247777777777778 0.327 0.3292222222222222 0.3314444444444444 0.3336666666666667 0.3358888888888889 0.3381111111111111 0.3403333333333333 0.3425555555555556 0.3447777777777778 0.347 0.3492222222222222 0.3514444444444444 0.3536666666666667 0.3558888888888889 0.3581111111111111 0.3603333333333333 0.3625555555555555 0.3647777777777778 0.367 0.3692222222222222 0.3714444444444445 0.3736666666666666 0.3758888888888889 0.3781111111111111 0.3803333333333333 0.3825555555555555 0.3847777777777778 0.387 0.3892222222222222 0.3914444444444444 0.3936666666666667 0.3958888888888889 0.3981111111111111 0.4003333333333333 0.4025555555555556 0.4047777777777778 0.407 0.4092222222222222 0.4114444444444444 0.4136666666666666 0.4158888888888889 0.4181111111111111 0.4203333333333333 0.4225555555555556 0.4247777777777778 0.427 0.4292222222222222 0.4314444444444444 0.4336666666666666 0.4358888888888889 0.4381111111111111 0.4403333333333334 0.4425555555555556 0.4447777777777778 0.447
-2.625157991592265 -2.629854891580587 -2.63376475121776 -2.636920912762049 -2.639349299561378 -2.641069944281086 -2.642096871936116 -2.642438273690227 -2.642096871936116 -2.641069944281086 -2.639349299561378 -2.636920912762049 -2.63376475121776 -2.629854891580587 -2.625157991592265
-2.629854891580587 -2.63446943724934 -2.638311370819071 -2.641412706691049 -2.643799334250185 -2.645490440780141 -2.646499693897938 -2.646835220315289 -2.646499693897938 -2.645490440780141 -2.643799334250185 -2.641412706691049 -2.638311370819071 -2.63446943724934 -2.629854891580587
-2.63376475121776 -2.638311370819071 -2.642096871936116 -2.64515312481941 -2.64750495332149 -2.649171648536846 -2.650166390304165 -2.650497088507552 -2.650166390304165 -2.649171648536846 -2.64750495332149 -2.64515312481941 -2.642096871936116 -2.638311370819071 -2.63376475121776
-2.636920912762049 -2.641412706691049 -2.64515312481941 -2.648172943808595 -2.650497088507552 -2.652144016995655 -2.653127049364626 -2.653453880625099 -2.653127049364626 -2.652144016995655 -2.650497088507552 -2.648172943808595 -2.64515312481941 -2.641412706691049 -2.636920912762049
-2.639349299561378 -2.643799334250185 -2.64750495332149 -2.650497088507552 -2.652799792514324 -2.654431788918438 -2.655405799212809 -2.655729619937987 -2.655405799212809 -2.654431788918438 -2.652799792514324 -2.650497088507552 -2.64750495332149 -2.643799334250185 -2.639349299561378
-2.641069944281086 -2.645490440780141 -2.649171648536846 -2.652144016995655 -2.654431788918438 -2.656053036355424 -2.657020824210217 -2.657342555018888 -2.657020824210217 -2.656053036355424 -2.654431788918438 -2.652144016995655 -2.649171648536846 -2.645490440780141 -2.641069944281086
-2.642096871936116 -2.646499693897938 -2.650166390304165 -2.653127049364626 -2.655405799212809 -2.657020824210217 -2.65798471628615 -2.65830523191325 -2.65798471628615 -2.657020824210217 -2.655405799212809 -2.653127049364626 -2.650166390304165 -2.646499693897938 -2.642096871936116
-2.642438273690227 -2.646835220315289 -2.650497088507552 -2.653453880625099 -2.655729619937987 -2.657342555018888 -2.65830523191325 -2.658625296877937 -2.65830523191325 -2.657342555018888 -2.655729619937987 -2.653453880625099 -2.650497088507552 -2.646835220315289 -2.642438273690227
-2.642096871936116 -2.646499693897938 -2.650166390304165 -2.653127049364626 -2.655405799212809 -2.657020824210217 -2.65798471628615 -2.65830523191325 -2.65798471628615 -2.657020824210217 -2.655405799212809 -2.653127049364626 -2.650166390304165 -2.646499693897938 -2.642096871936116
-2.641069944281086 -2.645490440780141 -2.649171648536846 -2.652144016995655 -2.654431788918438 -2.656053036355424 -2.657020824210217 -2.657342555018888 -2.657020824210217 -2.656053036355424 -2.654431788918438 -2.652144016995655 -2.649171648536846 -2.645490440780141 -2.641069944281086
-2.639349299561378 -2.643799334250185 -2.64750495332149 -2.650497088507552 -2.652799792514324 -2.654431788918438 -2.655405799212809 -2.655729619937987 -2.655405799212809 -2.654431788918438 -2.652799792514324 -2.650497088507552 -2.64750495332149 -2.643799334250185 -2.639349299561378
-2.636920912762049 -2.641412706691049 -2.64515312481941 -2.648172943808595 -2.650497088507552 -2.652144016995655 -2.653127049364626 -2.653453880625099 -2.653127049364626 -2.652144016995655 -2.650497088507552 -2.648172943808595 -2.64515312481941 -2.641412706691049 -2.636920912762049
-2.63376475121776 -2.638311370819071 -2.642096871936116 -2.64515312481941 -2.64750495332149 -2.649171648536846 -2.650166390304165 -2.650497088507552 -2.650166390304165 -2.649171648536846 -2.64750495332149 -2.64515312481941 -2.642096871936116 -2.638311370819071 -2.63376475121776
-2.629854891580587 -2.63446943724934 -2.638311370819071 -2.641412706691049 -2.643799334250185 -2.645490440780141 -2.646499693897938 -2.646835220315289 -2.646499693897938 -2.645490440780141 -2.643799334250185 -2.641412706691049 -2.638311370819071 -2.63446943724934 -2.629854891580587
-2.625157991592265 -2.629854891580587 -2.63376475121776 -2.636920912762049 -2.639349299561378 -2.641069944281086 -2.642096871936116 -2.642438273690227 -2.642096871936116 -2.641069944281086 -2.639349299561378 -2.636920912762049 -2.63376475121776 -2.629854891580587 -2.625157991592265
-2.674786156035689 -2.677307353809369 -2.679438774110458 -2.681181110447697 -2.682535298151812 -2.683502054479754 -2.68408186463143 -2.684275093577451 -2.68408186463143 -2.683502054479754 -2.682535298151812 -2.681181110447697 -2.679438774110458 -2.677307353809369 -2.674786156035689
-2.677307353809369 -2.679826082153881 -2.681955033260743 -2.683695345130249 -2.685047805567099 -2.686013244889558 -2.686592275804658 -2.686785248726014 -2.686592275804658 -2.686013244889558 -2.685047805567099 -2.683695345130249 -2.681955033260743 -2.679826082153881 -2.677307353809369
-2.679438774110458 -2.681955033260743 -2.68408186463143 -2.685820196338318 -2.687171130437902 -2.688135431720635 -2.688713739785885 -2.688906464769434 -2.688713739785885 -2.688135431720635 -2.687171130437902 -2.685820196338318 -2.68408186463143 -2.681955033260743 -2.679438774110458
-2.681181110447697 -2.683695345130249 -2.685820196338318 -2.687556919828675 -2.688906464769434 -2.689869773324255 -2.690447492322938 -2.690640015382697 -2.690447492322938 -2.689869773324255 -2.688906464769434 -2.687556919828675 -2.685820196338318 -2.683695345130249 -2.681181110447697
-2.682535298151812 -2.685047805567099 -2.687171130437902 -2.688906464769434 -2.690254944311445 -2.691217436632397 -2.691794646470942 -2.691987007805881 -2.691794646470942 -2.691217436632397 -2.690254944311445 -2.688906464769434 -2.687171130437902 -2.685047805567099 -2.682535298151812
-2.683502054479754 -2.686013244889558 -2.688135431720635 -2.689869773324255 -2.691217436632397 -2.692179346995148 -2.692756204169424 -2.692948436078012 -2.692756204169424 -2.692179346995148 -2.691217436632397 -2.689869773324255 -2.688135431720635 -2.686013244889558 -2.683502054479754
-2.68408186463143 -2.686592275804658 -2.688713739785885 -2.690447492322938 -2.691794646470942 -2.692756204169424 -2.693332831323294 -2.693524997460801 -2.693332831323294 -2.692756204169424 -2.691794646470942 -2.690447492322938 -2.688713739785885 -2.686592275804658 -2.68408186463143
-2.684275093577451 -2.686785248726014 -2.688906464769434 -2.690640015382697 -2.691987007805881 -2.692948436078012 -2.693524997460801 -2.693717132482361 -2.693524997460801 -2.692948436078012 -2.691987007805881 -2.690640015382697 -2.688906464769434 -2.686785248726014 -2.684275093577451
-2.68408186463143 -2.686592275804658 -2.688713739785885 -2.690447492322938 -2.691794646470942 -2.692756204169424 -2.693332831323294 -2.693524997460801 -2.693332831323294 -2.692756204169424 -2.691794646470942 -2.690447492322938 -2.688713739785885 -2.686592275804658 -2.68408186463143
-2.683502054479754 -2.686013244889558 -2.688135431720635 -2.689869773324255 -2.691217436632397 -2.692179346995148 -2.692756204169424 -2.692948436078012 -2.692756204169424 -2.692179346995148 -2.691217436632397 -2.689869773324255 -2.688135431720635 -2.686013244889558 -2.683502054479754
-2.682535298151812 -2.685047805567099 -2.687171130437902 -2.688906464769434 -2.690254944311445 -2.691217436632397 -2.691794646470942 -2.691987007805881 -2.691794646470942 -2.691217436632397 -2.690254944311445 -2.688906464769434 -2.687171130437902 -2.685047805567099 -2.682535298151812
-2.681181110447697 -2.683695345130249 -2.685820196338318 -2.687556919828675 -2.688906464769434 -2.689869773324255 -2.690447492322938 -2.690640015382697 -2.690447492322938 -2.689869773324255 -2.688906464769434 -2.687556919828675 -2.685820196338318 -2.683695345130249 -2.681181110447697
-2.679438774110458 -2.681955033260743 -2.68408186463143 -2.685820196338318 -2.687171130437902 -2.688135431720635 -2.688713739785885 -2.688906464769434 -2.688713739785885 -2.688135431720635 -2.687171130437902 -2.685820196338318 -2.68408186463143 -2.681955033260743 -2.679438774110458
-2.677307353809369 -2.679826082153881 -2.681955033260743 -2.683695345130249 -2.685047805567099 -2.686013244889558 -2.686592275804658 -2.686785248726014 -2.686592275804658 -2.686013244889558 -2.685047805567099 -2.683695345130249 -2.681955033260743 -2.679826082153881 -2.677307353809369
-2.674786156035689 -2.677307353809369 -2.679438774110458 -2.681181110447697 -2.682535298151812 -2.683502054479754 -2.68408186463143 -2.684275093577451 -2.68408186463143 -2.683502054479754 -2.682535298151812 -2.681181110447697 -2.679438774110458 -2.677307353809369 -2.674786156035689
-2.752968390150326 -2.754099299584967 -2.755070608207469 -2.755874923701871 -2.75650638556675 -2.756960478995973 -2.757234145102896 -2.757325569128097 -2.757234145102896 -2.756960478995973 -2.75650638556675 -2.755874923701871 -2.755070608207469 -2.754099299584967 -2.752968390150326
-2.754099299584967 -2.755248600793081 -2.756235138653919 -2.757051600052168 -2.757692274094044 -2.758152912170671 -2.758430480159643 -2.758523194255272 -2.758430480159643 -2.758152912170671 -2.757692274094044 -2.757051600052168 -2.756235138653919 -2.755248600793081 -2.754099299584967
-2.755070608207469 -2.756235138653919 -2.757234145102896 -2.758060585503874 -2.758708907955837 -2.759174871952762 -2.759455609148347 -2.759549381192644 -2.759455609148347 -2.759174871952762 -2.758708907955837 -2.758060585503874 -2.757234145102896 -2.756235138653919 -2.755070608207469
-2.755874923701871 -2.757051600052168 -2.758060585503874 -2.758895004564015 -2.759549381192644 -2.76001966471014 -2.760302936586193 -2.760397545271551 -2.760302936586193 -2.76001966471014 -2.759549381192644 -2.758895004564015 -2.758060585503874 -2.757051600052168 -2.755874923701871
-2.75650638556675 -2.757692274094044 -2.758708907955837 -2.759549381192644 -2.76020842079701 -2.760681934464421 -2.760967168808868 -2.761062429160905 -2.760967168808868 -2.760681934464421 -2.76020842079701 -2.759549381192644 -2.758708907955837 -2.757692274094044 -2.75650638556675
-2.756960478995973 -2.758152912170671 -2.759174871952762 -2.76001966471014 -2.760681934464421 -2.761157774378828 -2.761444343866332 -2.76154005439795 -2.761444343866332 -2.761157774378828 -2.760681934464421 -2.76001966471014 -2.759174871952762 -2.758152912170671 -2.756960478995973
-2.757234145102896 -2.758430480159643 -2.759455609148347 -2.760302936586193 -2.760967168808868 -2.761444343866332 -2.761731754598411 -2.761827724784937 -2.761731754598411 -2.761444343866332 -2.760967168808868 -2.760302936586193 -2.759455609148347 -2.758430480159643 -2.757234145102896
-2.757325569128097 -2.758523194255272 -2.759549381192644 -2.760397545271551 -2.761062429160905 -2.76154005439795 -2.761827724784937 -2.761923792442221 -2.761827724784937 -2.76154005439795 -2.761062429160905 -2.760397545271551 -2.759549381192644 -2.758523194255272 -2.757325569128097
-2.757234145102896 -2.758430480159643 -2.759455609148347 -2.760302936586193 -2.760967168808868 -2.761444343866332 -2.761731754598411 -2.761827724784937 -2.761731754598411 -2.761444343866332 -2.760967168808868 -2.760302936586193 -2.759455609148347 -2.758430480159643 -2.757234145102896
-2.756960478995973 -2.758152912170671 -2.759174871952762 -2.76001966471014 -2.760681934464421 -2.761157774378828 -2.761444343866332 -2.76154005439795 -2.761444343866332 -2.761157774378828 -2.760681934464421 -2.76001966471014 -2.759174871952762 -2.758152912170671 -2.756960478995973
-2.75650638556675 -2.757692274094044 -2.758708907955837 -2.759549381192644 -2.76020842079701 -2.760681934464421 -2.760967168808868 -2.761062429160905 -2.760967168808868 -2.760681934464421 -2.76020842079701 -2.759549381192644 -2.758708907955837 -2.757692274094044 -2.75650638556675
-2.755874923701871 -2.757051600052168 -2.758060585503874 -2.758895004564015 -2.759549381192644 -2.76001966471014 -2.760302936586193 -2.760397545271551 -2.760302936586193 -2.76001966471014 -2.759549381192644 -2.758895004564015 -2.758060585503874 -2.757051600052168 -2.755874923701871
-2.755070608207469 -2.756235138653919 -2.757234145102896 -2.758060585503874 -2.758708907955837 -2.759174871952762 -2.759455609148347 -2.759549381192644 -2.759455609148347 -2.759174871952762 -2.758708907955837 -2.758060585503874 -2.757234145102896 -2.756235138653919 -2.755070608207469
-2.754099299584967 -2.755248600793081 -2.756235138653919 -2.757051600052168 -2.757692274094044 -2.758152912170671 -2.758430480159643 -2.758523194255272 -2.758430480159643 -2.758152912170671 -2.757692274094044 -2.757051600052168 -2.756235138653919 -2.755248600793081 -2.754099299584967
-2.752968390150326 -2.754099299584967 -2.755070608207469 -2.755874923701871 -2.75650638556675 -2.756960478995973 -2.757234145102896 -2.757325569128097 -2.757234145102896 -2.756960478995973 -2.75650638556675 -2.755874923701871 -2.755070608207469 -2.754099299584967 -2.752968390150326
-2.854904938662124 -2.855206880662219 -2.855468860280906 -2.855687656402304 -2.85586058486068 -2.855985570186541 -2.856061152059434 -2.856086444819611 -2.856061152059434 -2.855985570186541 -2.85586058486068 -2.855687656402304 -2.855468860280906 -2.855206880662219 -2.854904938662124
-2.855206880662219 -2.855517135403258 -2.855786180607471 -2.856010714787078 -2.856188110432058 -2.856316302600464 -2.856393801818145 -2.856419731425697 -2.856393801818145 -2.856316302600464 -2.856188110432058 -2.856010714787078 -2.855786180607471 -2.855517135403258 -2.855206880662219
-2.855468860280906 -2.855786180607471 -2.856061152059434 -2.856290565939762 -2.856471736667308 -2.856602609304746 -2.856681726302886 -2.85670819754851 -2.856681726302886 -2.856602609304746 -2.856471736667308 -2.856290565939762 -2.856061152059434 -2.855786180607471 -2.855468860280906
-2.855687656402304 -2.856010714787078 -2.856290565939762 -2.856523937805468 -2.85670819754851 -2.856841283428634 -2.856921711902035 -2.85694861948382 -2.856921711902035 -2.856841283428634 -2.85670819754851 -2.856523937805468 -2.856290565939762 -2.856010714787078 -2.855687656402304
-2.85586058486068 -2.856188110432058 -2.856471736667308 -2.85670819754851 -2.856894853624649 -2.857029640623006 -2.857111108030252 -2.857138359085219 -2.857111108030252 -2.857029640623006 -2.856894853624649 -2.85670819754851 -2.856471736667308 -2.856188110432058 -2.85586058486068
-2.855985570186541 -2.856316302600464 -2.856602609304746 -2.856841283428634 -2.857029640623006 -2.857165656236648 -2.857247839791373 -2.857275336225816 -2.857247839791373 -2.857165656236648 -2.857029640623006 -2.856841283428634 -2.856602609304746 -2.856316302600464 -2.855985570186541
-2.856061152059434 -2.856393801818145 -2.856681726302886 -2.856921711902035 -2.857111108030252 -2.857247839791373 -2.857330478043919 -2.857358113933652 -2.857330478043919 -2.857247839791373 -2.857111108030252 -2.856921711902035 -2.856681726302886 -2.856393801818145 -2.856061152059434
-2.856086444819611 -2.856419731425697 -2.85670819754851 -2.85694861948382 -2.857138359085219 -2.857275336225816 -2.857358113933652 -2.857385804106126 -2.857358113933652 -2.857275336225816 -2.857138359085219 -2.85694861948382 -2.85670819754851 -2.856419731425697 -2.856086444819611
-2.856061152059434 -2.856393801818145 -2.856681726302886 -2.856921711902035 -2.857111108030252 -2.857247839791373 -2.857330478043919 -2.857358113933652 -2.857330478043919 -2.857247839791373 -2.857111108030252 -2.856921711902035 -2.856681726302886 -2.856393801818145 -2.856061152059434
-2.855985570186541 -2.856316302600464 -2.856602609304746 -2.856841283428634 -2.857029640623006 -2.857165656236648 -2.857247839791373 -2.857275336225816 -2.857247839791373 -2.857165656236648 -2.857029640623006 -2.856841283428634 -2.856602609304746 -2.856316302600464 -2.855985570186541
-2.85586058486068 -2.856188110432058 -2.856471736667308 -2.85670819754851 -2.856894853624649 -2.857029640623006 -2.857111108030252 -2.857138359085219 -2.857111108030252 -2.857029640623006 -2.856894853624649 -2.85670819754851 -2.856471736667308 -2.856188110432058 -2.85586058486068
-2.855687656402304 -2.856010714787078 -2.856290565939762 -2.856523937805468 -2.85670819754851 -2.856841283428634 -2.856921711902035 -2.85694861948382 -2.856921711902035 -2.856841283428634 -2.85670819754851 -2.856523937805468 -2.856290565939762 -2.856010714787078 -2.855687656402304
-2.855468860280906 -2.855786180607471 -2.856061152059434 -2.856290565939762 -2.856471736667308 -2.856602609304746 -2.856681726302886 -2.85670819754851 -2.856681726302886 -2.856602609304746 -2.856471736667308 -2.856290565939762 -2.856061152059434 -2.855786180607471 -2.855468860280906
-2.855206880662219 -2.855517135403258 -2.855786180607471 -2.856010714787078 -2.856188110432058 -2.856316302600464 -2.856393801818145 -2.856419731425697 -2.856393801818145 -2.856316302600464 -2.856188110432058 -2.856010714787078 -2.855786180607471 -2.855517135403258 -2.855206880662219
-2.854904938662124 -2.855206880662219 -2.855468860280906 -2.855687656402304 -2.85586058486068 -2.855985570186541 -2.856061152059434 -2.856086444819611 -2.856061152059434 -2.855985570186541 -2.85586058486068 -2.855687656402304 -2.855468860280906 -2.855206880662219 -2.854904938662124
-2.956327649702215 -2.956142606538255 -2.955987976700758 -2.955862864243879 -2.955766460397784 -2.95569809778923 -2.955657284102181 -2.955643714024371 -2.955657284102181 -2.95569809778923 -2.955766460397784 -2.955862864243879 -2.955987976700758 -2.956142606538255 -2.956327649702215
-2.956142606538255 -2.955960062228896 -2.955807678177798 -2.955684476068962 -2.955589608377286 -2.955522374304097 -2.955482245905244 -2.95546890553368 -2.955482245905244 -2.955522374304097 -2.955589608377286 -2.955684476068962 -2.955807678177798 -2.955960062228896 -2.956142606538255
-2.955987976700758 -2.955807678177798 -2.955657284102181 -2.955535785824303 -2.955442279099954 -2.955376034782187 -2.955336512645042 -2.955323376464722 -2.955336512645042 -2.955376034782187 -2.955442279099954 -2.955535785824303 -2.955657284102181 -2.955807678177798 -2.955987976700758
-2.955862864243879 -2.955684476068962 -2.955535785824303 -2.95541572580161 -2.955323376464722 -2.955257977110194 -2.955218963949378 -2.955205998403661 -2.955218963949378 -2.955257977110194 -2.955323376464722 -2.95541572580161 -2.955535785824303 -2.955684476068962 -2.955862864243879
-2.955766460397784 -2.955589608377286 -2.955442279099954 -2.955323376464722 -2.955231949036412 -2.955167220403933 -2.955128620862321 -2.955115792486572 -2.955128620862321 -2.955167220403933 -2.955231949036412 -2.955323376464722 -2.955442279099954 -2.955589608377286 -2.955766460397784
-2.95569809778923 -2.955522374304097 -2.955376034782187 -2.955257977110194 -2.955167220403933 -2.955102983111749 -2.955064675316845 -2.955051947990322 -2.955064675316845 -2.955102983111749 -2.955167220403933 -2.955257977110194 -2.955376034782187 -2.955522374304097 -2.95569809778923
-2.955657284102181 -2.955482245905244 -2.955336512645042 -2.955218963949378 -2.955128620862321 -2.955064675316845 -2.955026554340538 -2.955013884503156 -2.955026554340538 -2.955064675316845 -2.955128620862321 -2.955218963949378 -2.955336512645042 -2.955482245905244 -2.955657284102181
-2.955643714024371 -2.95546890553368 -2.955323376464722 -2.955205998403661 -2.955115792486572 -2.955051947990322 -2.955013884503156 -2.955001237537667 -2.955013884503156 -2.955051947990322 -2.955115792486572 -2.955205998403661 -2.955323376464722 -2.95546890553368 -2.955643714024371
-2.955657284102181 -2.955482245905244 -2.955336512645042 -2.955218963949378 -2.955128620862321 -2.955064675316845 -2.955026554340538 -2.955013884503156 -2.955026554340538 -2.955064675316845 -2.955128620862321 -2.955218963949378 -2.955336512645042 -2.955482245905244 -2.955657284102181
-2.95569809778923 -2.955522374304097 -2.955376034782187 -2.955257977110194 -2.955167220403933 -2.955102983111749 -2.955064675316845 -2.955051947990322 -2.955064675316845 -2.955102983111749 -2.955167220403933 -2.955257977110194 -2.955376034782187 -2.955522374304097 -2.95569809778923
-2.955766460397784 -2.955589608377286 -2.955442279099954 -2.955323376464722 -2.955231949036412 -2.955167220403933 -2.955128620862321 -2.955115792486572 -2.955128620862321 -2.955167220403933 -2.955231949036412 -2.955323376464722 -2.955442279099954 -2.955589608377286 -2.955766460397784
-2.955862864243879 -2.955684476068962 -2.955535785824303 -2.95541572580161 -2.955323376464722 -2.955257977110194 -2.955218963949378 -2.955205998403661 -2.955218963949378 -2.955257977110194 -2.955323376464722 -2.95541572580161 -2.955535785824303 -2.955684476068962 -2.955862864243879
-2.955987976700758 -2.955807678177798 -2.955657284102181 -2.955535785824303 -2.955442279099954 -2.955376034782187 -2.955336512645042 -2.955323376464722 -2.955336512645042 -2.955376034782187 -2.955442279099954 -2.955535785824303 -2.955657284102181 -2.955807678177798 -2.955987976700758
-2.956142606538255 -2.955960062228896 -2.955807678177798 -2.955684476068962 -2.955589608377286 -2.955522374304097 -2.955482245905244 -2.95546890553368 -2.955482245905244 -2.955522374304097 -2.955589608377286 -2.955684476068962 -2.955807678177798 -2.955960062228896 -2.956142606538255
-2.956327649702215 -2.956142606538255 -2.955987976700758 -2.955862864243879 -2.955766460397784 -2.95569809778923 -2.955657284102181 -2.955643714024371 -2.955657284102181 -2.95569809778923 -2.955766460397784 -2.955862864243879 -2.955987976700758 -2.956142606538255 -2.956327649702215
-3.054735749043071 -3.054338343121348 -3.054003446699812 -3.053730402273894 -3.053518633100287 -3.053367696123588 -3.053277266786785 -3.053247146011928 -3.053277266786785 -3.053367696123588 -3.053518633100287 -3.053730402273894 -3.054003446699812 -3.054338343121348 -3.054735749043071
-3.054338343121348 -3.053942694910193 -3.053609326576019 -3.053337541873502 -3.053126775346009 -3.052976562985397 -3.052886568525929 -3.052856592865183 -3.052886568525929 -3.052976562985397 -3.053126775346009 -3.053337541873502 -3.053609326576019 -3.053942694910193 -3.054338343121348
-3.054003446699812 -3.053609326576019 -3.053277266786785 -3.05300658344118 -3.052796675607676 -3.052647083363424 -3.052557467150471 -3.052527618355934 -3.052557467150471 -3.052647083363424 -3.052796675607676 -3.05300658344118 -3.053277266786785 -3.053609326576019 -3.054003446699812
-3.053730402273894 -3.053337541873502 -3.05300658344118 -3.05273680409992 -3.052527618355934 -3.052378543968374 -3.052289237485025 -3.0522594922844 -3.052289237485025 -3.052378543968374 -3.052527618355934 -3.05273680409992 -3.05300658344118 -3.053337541873502 -3.053730402273894
-3.053518633100287 -3.053126775346009 -3.052796675607676 -3.052527618355934 -3.05231899455612 -3.052170328410398 -3.052081271101433 -3.052051607872269 -3.052081271101433 -3.052170328410398 -3.05231899455612 -3.052527618355934 -3.052796675607676 -3.053126775346009 -3.053518633100287
-3.053367696123588 -3.052976562985397 -3.052647083363424 -3.052378543968374 -3.052170328410398 -3.052021956104914 -3.051933073107957 -3.051903470470048 -3.051933073107957 -3.052021956104914 -3.052170328410398 -3.052378543968374 -3.052647083363424 -3.052976562985397 -3.053367696123588
-3.053277266786785 -3.052886568525929 -3.052557467150471 -3.052289237485025 -3.052081271101433 -3.051933073107957 -3.051844300797896 -3.051814731855334 -3.051844300797896 -3.051933073107957 -3.052081271101433 -3.052289237485025 -3.052557467150471 -3.052886568525929 -3.053277266786785
-3.053247146011928 -3.052856592865183 -3.052527618355934 -3.0522594922844 -3.052051607872269 -3.051903470470048 -3.051814731855334 -3.051785176581701 -3.051814731855334 -3.051903470470048 -3.052051607872269 -3.0522594922844 -3.052527618355934 -3.052856592865183 -3.053247146011928
-3.053277266786785 -3.052886568525929 -3.052557467150471 -3.052289237485025 -3.052081271101433 -3.051933073107957 -3.051844300797896 -3.051814731855334 -3.051844300797896 -3.051933073107957 -3.052081271101433 -3.052289237485025 -3.052557467150471 -3.052886568525929 -3.053277266786785
-3.053367696123588 -3.052976562985397 -3.052647083363424 -3.052378543968374 -3.052170328410398 -3.052021956104914 -3.051933073107957 -3.051903470470048 -3.051933073107957 -3.052021956104914 -3.052170328410398 -3.052378543968374 -3.052647083363424 -3.052976562985397 -3.053367696123588
-3.053518633100287 -3.053126775346009 -3.052796675607676 -3.052527618355934 -3.05231899455612 -3.052170328410398 -3.052081271101433 -3.052051607872269 -3.052081271101433 -3.052170328410398 -3.05231899455612 -3.052527618355934 -3.052796675607676 -3.053126775346009 -3.053518633100287
-3.053730402273894 -3.053337541873502 -3.05300658344118 -3.05273680409992 -3.052527618355934 -3.052378543968374 -3.052289237485025 -3.0522594922844 -3.052289237485025 -3.052378543968374 -3.052527618355934 -3.05273680409992 -3.05300658344118 -3.053337541873502 -3.053730402273894
-3.054003446699812 -3.053609326576019 -3.053277266786785 -3.05300658344118 -3.052796675607676 -3.052647083363424 -3.052557467150471 -3.052527618355934 -3.052557467150471 -3.052647083363424 -3.052796675607676 -3.05300658344118 -3.053277266786785 -3.053609326576019 -3.054003446699812
-3.054338343121348 -3.053942694910193 -3.053609326576019 -3.053337541873502 -3.053126775346009 -3.052976562985397 -3.052886568525929 -3.052856592865183 -3.052886568525929 -3.052976562985397 -3.053126775346009 -3.053337541873502 -3.053609326576019 -3.053942694910193 -3.054338343121348
-3.054735749043071 -3.054338343121348 -3.054003446699812 -3.053730402273894 -3.053518633100287 -3.053367696123588 -3.053277266786785 -3.053247146011928 -3.053277266786785 -3.053367696123588 -3.053518633100287 -3.053730402273894 -3.054003446699812 -3.054338343121348 -3.054735749043071
-3.146375927346909 -3.145880712567783 -3.145463072378848 -3.145122286624461 -3.144857792700603 -3.14466916950688 -3.144556115237449 -3.144518450261977 -3.144556115237449 -3.14466916950688 -3.144857792700603 -3.145122286624461 -3.145463072378848 -3.145880712567783 -3.146375927346909
-3.145880712567783 -3.14538727211497 -3.1449710869514 -3.144631474826794 -3.144367887921054 -3.144179900053484 -3.14406722261196 -3.144029682792269 -3.14406722261196 -3.144179900053484 -3.144367887921054 -3.144631474826794 -3.1449710869514 -3.14538727211497 -3.145880712567783
-3.145463072378848 -3.1449710869514 -3.144556115237449 -3.144217478474841 -3.143954632196332 -3.143767174773391 -3.143654814959167 -3.143617380244489 -3.143654814959167 -3.143767174773391 -3.143954632196332 -3.144217478474841 -3.144556115237449 -3.1449710869514 -3.145463072378848
-3.145122286624461 -3.144631474826794 -3.144217478474841 -3.143879620311485 -3.143617380244489 -3.143430344300095 -3.143318235106847 -3.143280884350092 -3.143318235106847 -3.143430344300095 -3.143617380244489 -3.143879620311485 -3.144217478474841 -3.144631474826794 -3.145122286624461
-3.144857792700603 -3.144367887921054 -3.143954632196332 -3.143617380244489 -3.143355595362138 -3.143168888770729 -3.143056975307997 -3.143019688297603 -3.143056975307997 -3.143168888770729 -3.143355595362138 -3.143617380244489 -3.143954632196332 -3.144367887921054 -3.144857792700603
-3.14466916950688 -3.144179900053484 -3.143767174773391 -3.143430344300095 -3.143168888770729 -3.142982410323887 -3.142870632955526 -3.142833393127652 -3.142870632955526 -3.142982410323887 -3.143168888770729 -3.143430344300095 -3.143767174773391 -3.144179900053484 -3.14466916950688
-3.144556115237449 -3.14406722261196 -3.143654814959167 -3.143318235106847 -3.143056975307997 -3.142870632955526 -3.142758939826204 -3.142721725241419 -3.142758939826204 -3.142870632955526 -3.143056975307997 -3.143318235106847 -3.143654814959167 -3.14406722261196 -3.144556115237449
-3.144518450261977 -3.144029682792269 -3.143617380244489 -3.143280884350092 -3.143019688297603 -3.142833393127652 -3.142721725241419 -3.142684521190834 -3.142721725241419 -3.142833393127652 -3.143019688297603 -3.143280884350092 -3.143617380244489 -3.144029682792269 -3.144518450261977
-3.144556115237449 -3.14406722261196 -3.143654814959167 -3.143318235106847 -3.143056975307997 -3.142870632955526 -3.142758939826204 -3.142721725241419 -3.142758939826204 -3.142870632955526 -3.143056975307997 -3.143318235106847 -3.143654814959167 -3.14406722261196 -3.144556115237449
-3.14466916950688 -3.144179900053484 -3.143767174773391 -3.143430344300095 -3.143168888770729 -3.142982410323887 -3.142870632955526 -3.142833393127652 -3.142870632955526 -3.142982410323887 -3.143168888770729 -3.143430344300095 -3.143767174773391 -3.144179900053484 -3.14466916950688
-3.144857792700603 -3.144367887921054 -3.143954632196332 -3.143617380244489 -3.143355595362138 -3.143168888770729 -3.143056975307997 -3.143019688297603 -3.143056975307997 -3.143168888770729 -3.143355595362138 -3.143617380244489 -3.143954632196332 -3.144367887921054 -3.144857792700603
-3.145122286624461 -3.144631474826794 -3.144217478474841 -3.143879620311485 -3.143617380244489 -3.143430344300095 -3.143318235106847 -3.143280884350092 -3.143318235106847 -3.143430344300095 -3.143617380244489 -3.143879620311485 -3.144217478474841 -3.144631474826794 -3.145122286624461
-3.145463072378848 -3.1449710869514 -3.144556115237449 -3.144217478474841 -3.143954632196332 -3.143767174773391 -3.143654814959167 -3.143617380244489 -3.143654814959167 -3.143767174773391 -3.143954632196332 -3.144217478474841 -3.144556115237449 -3.1449710869514 -3.145463072378848
-3.145880712567783 -3.14538727211497 -3.1449710869514 -3.144631474826794 -3.144367887921054 -3.144179900053484 -3.14406722261196 -3.144029682792269 -3.14406722261196 -3.144179900053484 -3.144367887921054 -3.144631474826794 -3.1449710869514 -3.14538727211497 -3.145880712567783
-3.146375927346909 -3.145880712567783 -3.145463072378848 -3.145122286624461 -3.144857792700603 -3.14466916950688 -3.144556115237449 -3.144518450261977 -3.144556115237449 -3.14466916950688 -3.144857792700603 -3.145122286624461 -3.145463072378848 -3.145880712567783 -3.146375927346909
-3.229209644468035 -3.228654291281376 -3.228185302997179 -3.22780219804093 -3.227504606957738 -3.227292243432678 -3.227164904683342 -3.227122471463419 -3.227164904683342 -3.227292243432678 -3.227504606957738 -3.22780219804093 -3.228185302997179 -3.228654291281376 -3.229209644468035
-3.228654291281376 -3.228100121093112 -3.22763210546371 -3.227249790629456 -3.226952802801207 -3.226740862096602 -3.226613775555836 -3.226571426370668 -3.226613775555836 -3.226740862096602 -3.226952802801207 -3.227249790629456 -3.22763210546371 -3.228100121093112 -3.228654291281376
-3.228185302997179 -3.22763210546371 -3.227164904683342 -3.226783237273193 -3.226486747451346 -3.226275162623854 -3.226148287137857 -3.226106007566335 -3.226148287137857 -3.226275162623854 -3.226486747451346 -3.226783237273193 -3.227164904683342 -3.22763210546371 -3.228185302997179
-3.22780219804093 -3.227249790629456 -3.226783237273193 -3.226402094356899 -3.226106007566335 -3.225894703055247 -3.225767996090189 -3.225725773112484 -3.225767996090189 -3.225894703055247 -3.226106007566335 -3.226402094356899 -3.226783237273193 -3.227249790629456 -3.22780219804093
-3.227504606957738 -3.226952802801207 -3.226486747451346 -3.226106007566335 -3.225810225398301 -3.22559914163471 -3.225472563903298 -3.225430383126935 -3.225472563903298 -3.22559914163471 -3.225810225398301 -3.226106007566335 -3.226486747451346 -3.226952802801207 -3.227504606957738
-3.227292243432678 -3.226740862096602 -3.226275162623854 -3.225894703055247 -3.22559914163471 -3.225388208491554 -3.225261722733006 -3.225219573652273 -3.225261722733006 -3.225388208491554 -3.22559914163471 -3.225894703055247 -3.226275162623854 -3.226740862096602 -3.227292243432678
-3.227164904683342 -3.226613775555836 -3.226148287137857 -3.225767996090189 -3.225472563903298 -3.225261722733006 -3.22513529247472 -3.225093160024961 -3.22513529247472 -3.225261722733006 -3.225472563903298 -3.225767996090189 -3.226148287137857 -3.226613775555836 -3.227164904683342
-3.227122471463419 -3.226571426370668 -3.226106007566335 -3.225725773112484 -3.225430383126935 -3.225219573652273 -3.225093160024961 -3.225051034721631 -3.225093160024961 -3.225219573652273 -3.225430383126935 -3.225725773112484 -3.226106007566335 -3.226571426370668 -3.227122471463419
-3.227164904683342 -3.226613775555836 -3.226148287137857 -3.225767996090189 -3.225472563903298 -3.225261722733006 -3.22513529247472 -3.225093160024961 -3.22513529247472 -3.225261722733006 -3.225472563903298 -3.225767996090189 -3.226148287137857 -3.226613775555836 -3.227164904683342
-3.227292243432678 -3.226740862096602 -3.226275162623854 -3.225894703055247 -3.22559914163471 -3.225388208491554 -3.225261722733006 -3.225219573652273 -3.225261722733006 -3.225388208491554 -3.22559914163471 -3.225894703055247 -3.226275162623854 -3.226740862096602 -3.227292243432678
-3.227504606957738 -3.226952802801207 -3.226486747451346 -3.226106007566335 -3.225810225398301 -3.22559914163471 -3.225472563903298 -3.225430383126935 -3.225472563903298 -3.22559914163471 -3.225810225398301 -3.226106007566335 -3.226486747451346 -3.226952802801207 -3.227504606957738
-3.22780219804093 -3.227249790629456 -3.226783237273193 -3.226402094356899 -3.226106007566335 -3.225894703055247 -3.225767996090189 -3.225725773112484 -3.225767996090189 -3.225894703055247 -3.226106007566335 -3.226402094356899 -3.226783237273193 -3.227249790629456 -3.22780219804093
-3.228185302997179 -3.22763210546371 -3.227164904683342 -3.226783237273193 -3.226486747451346 -3.226275162623854 -3.226148287137857 -3.226106007566335 -3.226148287137857 -3.226275162623854 -3.226486747451346 -3.226783237273193 -3.227164904683342 -3.22763210546371 -3.228185302997179
-3.228654291281376 -3.228100121093112 -3.22763210546371 -3.227249790629456 -3.226952802801207 -3.226740862096602 -3.226613775555836 -3.226571426370668 -3.226613775555836 -3.226740862096602 -3.226952802801207 -3.227249790629456 -3.22763210546371 -3.228100121093112 -3.228654291281376
-3.229209644468035 -3.228654291281376 -3.228185302997179 -3.22780219804093 -3.227504606957738 -3.227292243432678 -3.227164904683342 -3.227122471463419 -3.227164904683342 -3.227292243432678 -3.227504606957738 -3.22780219804093 -3.228185302997179 -3.228654291281376 -3.229209644468035
-3.302956327676995 -3.302375021412862 -3.301883531878198 -3.301481674681089 -3.301169290523731 -3.300946251405653 -3.300812464887342 -3.300767875593891 -3.300812464887342 -3.300946251405653 -3.301169290523731 -3.301481674681089 -3.301883531878198 -3.302375021412862 -3.302956327676995
-3.302375021412862 -3.301794209000126 -3.301303150983348 -3.300901652820341 -3.300589549900816 -3.300366714343999 -3.300233051539641 -3.300188503720166 -3.300233051539641 -3.300366714343999 -3.300589549900816 -3.300901652820341 -3.301303150983348 -3.301794209000126 -3.302375021412862
-3.301883531878198 -3.301303150983348 -3.300812464887342 -3.300411275049626 -3.300099417757887 -3.299876759046115 -3.299743202085502 -3.299698689565694 -3.299743202085502 -3.299876759046115 -3.300099417757887 -3.300411275049626 -3.300812464887342 -3.301303150983348 -3.301883531878198
-3.301481674681089 -3.300901652820341 -3.300411275049626 -3.300010344675258 -3.299698689565694 -3.299476176418219 -3.299342708590874 -3.299298226005233 -3.299342708590874 -3.299476176418219 -3.299698689565694 -3.300010344675258 -3.300411275049626 -3.300901652820341 -3.301481674681089
-3.301169290523731 -3.300589549900816 -3.300099417757887 -3.299698689565694 -3.29938719451506 -3.299164797956897 -3.299031398713838 -3.298986938892838 -3.299031398713838 -3.299164797956897 -3.29938719451506 -3.299698689565694 -3.300099417757887 -3.300589549900816 -3.301169290523731
-3.300946251405653 -3.300366714343999 -3.299876759046115 -3.299476176418219 -3.299164797956897 -3.298942482498049 -3.298809134448309 -3.298764692117926 -3.298809134448309 -3.298942482498049 -3.299164797956897 -3.299476176418219 -3.299876759046115 -3.300366714343999 -3.300946251405653
-3.300812464887342 -3.300233051539641 -3.299743202085502 -3.299342708590874 -3.299031398713838 -3.298809134448309 -3.298675816576871 -3.298631383487928 -3.298675816576871 -3.298809134448309 -3.299031398713838 -3.299342708590874 -3.299743202085502 -3.300233051539641 -3.300812464887342
-3.300767875593891 -3.300188503720166 -3.299698689565694 -3.299298226005233 -3.298986938892838 -3.298764692117926 -3.298631383487928 -3.298586954477559 -3.298631383487928 -3.298764692117926 -3.298986938892838 -3.299298226005233 -3.299698689565694 -3.300188503720166 -3.300767875593891
-3.300812464887342 -3.300233051539641 -3.299743202085502 -3.299342708590874 -3.299031398713838 -3.298809134448309 -3.298675816576871 -3.298631383487928 -3.298675816576871 -3.298809134448309 -3.299031398713838 -3.299342708590874 -3.299743202085502 -3.300233051539641 -3.300812464887342
-3.300946251405653 -3.300366714343999 -3.299876759046115 -3.299476176418219 -3.299164797956897 -3.298942482498049 -3.298809134448309 -3.298764692117926 -3.298809134448309 -3.298942482498049 -3.299164797956897 -3.299476176418219 -3.299876759046115 -3.300366714343999 -3.300946251405653
-3.301169290523731 -3.300589549900816 -3.300099417757887 -3.299698689565694 -3.29938719451506 -3.299164797956897 -3.299031398713838 -3.298986938892838 -3.299031398713838 -3.299164797956897 -3.29938719451506 -3.299698689565694 -3.300099417757887 -3.300589549900816 -3.301169290523731
-3.301481674681089 -3.300901652820341 -3.300411275049626 -3.300010344675258 -3.299698689565694 -3.299476176418219 -3.299342708590874 -3.299298226005233 -3.299342708590874 -3.299476176418219 -3.299698689565694 -3.300010344675258 -3.300411275049626 -3.300901652820341 -3.301481674681089
-3.301883531878198 -3.301303150983348 -3.300812464887342 -3.300411275049626 -3.300099417757887 -3.299876759046115 -3.299743202085502 -3.299698689565694 -3.299743202085502 -3.299876759046115 -3.300099417757887 -3.300411275049626 -3.300812464887342 -3.301303150983348 -3.301883531878198
-3.302375021412862 -3.301794209000126 -3.301303150983348 -3.300901652820341 -3.300589549900816 -3.300366714343999 -3.300233051539641 -3.300188503720166 -3.300233051539641 -3.300366714343999 -3.300589549900816 -3.300901652820341 -3.301303150983348 -3.301794209000126 -3.302375021412862
-3.302956327676995 -3.302375021412862 -3.301883531878198 -3.301481674681089 -3.301169290523731 -3.300946251405653 -3.300812464887342 -3.300767875593891 -3.300812464887342 -3.300946251405653 -3.301169290523731 -3.301481674681089 -3.301883531878198 -3.302375021412862 -3.302956327676995
