15 -0.0015 -0.001285714285714286 -0.001071428571428571 -0.0008571428571428572 -0.0006428571428571429 -0.0004285714285714286 -0.0002142857142857143 0 0.0002142857142857143 0.0004285714285714286 0.0006428571428571429 0.0008571428571428572 0.001071428571428571 0.001285714285714286 0.0015
15 -0.0015 -0.001285714285714286 -0.001071428571428571 -0.0008571428571428572 -0.0006428571428571429 -0.0004285714285714286 -0.0002142857142857143 0 0.0002142857142857143 0.0004285714285714286 0.0006428571428571429 0.0008571428571428572 0.001071428571428571 0.001285714285714286 0.0015
512 0.307 0.3072739726027397 0.3075479452054795 0.3078219178082192 0.3080958904109589 0.3083698630136986 0.3086438356164384 0.3089178082191781 0.3091917808219178 0.3094657534246575 0.3097397260273972 0.310013698630137 0.3102876712328767 0.3105616438356164 0.3108356164383562 0.3111095890410959 0.3113835616438356 0.3116575342465753 0.3119315068493151 0.3122054794520548 0.3124794520547945 0.3127534246575343 0.313027397260274 0.3133013698630137 0.3135753424657534 0.3138493150684932 0.3141232876712329 0.3143972602739726 0.3146712328767123 0.314945205479452 0.3152191780821918 0.3154931506849315 0.3157671232876712 0.316041095890411 0.3163150684931507 0.3165890410958904 0.3168630136986301 0.3171369863013699 0.3174109589041096 0.3176849315068493 0.317958904109589 0.3182328767123287 0.3185068493150685 0.3187808219178082 0.319054794520548 0.3193287671232877 0.3196027397260274 0.3198767123287671 0.3201506849315068 0.3204246575342466 0.3206986301369863 0.320972602739726 0.3212465753424658 0.3215205479452055 0.3217945205479452 0.3220684931506849 0.3223424657534247 0.3226164383561644 0.3228904109589041 0.3231643835616438 0.3234383561643835 0.3237123287671233 0.323986301369863 0.3242602739726027 0.3245342465753425 0.3248082191780822 0.3250821917808219 0.3253561643835616 0.3256301369863014 0.3259041095890411 0.3261780821917808 0.3264520547945206 0.3267260273972603 0.327 0.3272739726027397 0.3275479452054795 0.3278219178082192 0.3280958904109589 0.3283698630136986 0.3286438356164383 0.3289178082191781 0.3291917808219178 0.3294657534246576 0.3297397260273973 0.330013698630137 0.3302876712328767 0.3305616438356164 0.3308356164383562 0.3311095890410959 0.3313835616438356 0.3316575342465753 0.3319315068493151 0.3322054794520548 0.3324794520547945 0.3327534246575343 0.333027397260274 0.3333013698630137 0.3335753424657534 0.3338493150684931 0.3341232876712329 0.3343972602739726 0.3346712328767123 0.3349452054794521 0.3352191780821918 0.3354931506849315 0.3357671232876712 0.336041095890411 0.3363150684931507 0.3365890410958904 0.3368630136986301 0.3371369863013698 0.3374109589041096 0.3376849315068493 0.3379589041095891 0.3382328767123288 0.3385068493150685 0.3387808219178082 0.3390547945205479 0.3393287671232877 0.3396027397260274 0.3398767123287671 0.3401506849315069 0.3404246575342466 0.3406986301369863 0.340972602739726 0.3412465753424658 0.3415205479452055 0.3417945205479452 0.3420684931506849 0.3423424657534246 0.3426164383561644 0.3428904109589041 0.3431643835616438 0.3434383561643836 0.3437123287671233 0.343986301369863 0.3442602739726027 0.3445342465753425 0.3448082191780822 0.3450821917808219 0.3453561643835616 0.3456301369863014 0.3459041095890411 0.3461780821917808 0.3464520547945206 0.3467260273972603 0.347 0.3472739726027397 0.3475479452054794 0.3478219178082192 0.3480958904109589 0.3483698630136987 0.3486438356164384 0.3489178082191781 0.3491917808219178 0.3494657534246575 0.3497397260273973 0.350013698630137 0.3502876712328767 0.3505616438356164 0.3508356164383561 0.3511095890410959 0.3513835616438356 0.3516575342465754 0.3519315068493151 0.3522054794520548 0.3524794520547945 0.3527534246575342 0.353027397260274 0.3533013698630137 0.3535753424657534 0.3538493150684932 0.3541232876712329 0.3543972602739726 0.3546712328767123 0.3549452054794521 0.3552191780821918 0.3554931506849315 0.3557671232876712 0.3560410958904109 0.3563150684931507 0.3565890410958904 0.3568630136986302 0.3571369863013699 0.3574109589041096 0.3576849315068493 0.357958904109589 0.3582328767123288 0.3585068493150685 0.3587808219178082 0.3590547945205479 0.3593287671232877 0.3596027397260274 0.3598767123287671 0.3601506849315069 0.3604246575342466 0.3606986301369863 0.360972602739726 0.3612465753424657 0.3615205479452055 0.3617945205479452 0.362068493150685 0.3623424657534247 0.3626164383561644 0.3628904109589041 0.3631643835616438 0.3634383561643836 0.3637123287671233 0.363986301369863 0.3642602739726027 0.3645342465753424 0.3648082191780822 0.3650821917808219 0.3653561643835617 0.3656301369863014 0.3659041095890411 0.3661780821917808 0.3664520547945205 0.3667260273972603 0.367 0.3672739726027398 0.3675479452054795 0.3678219178082192 0.3680958904109589 0.3683698630136986 0.3686438356164384 0.3689178082191781 0.3691917808219178 0.3694657534246575 0.3697397260273972 0.370013698630137 0.3702876712328767 0.3705616438356165 0.3708356164383562 0.3711095890410959 0.3713835616438356 0.3716575342465753 0.3719315068493151 0.3722054794520548 0.3724794520547945 0.3727534246575342 0.373027397260274 0.3733013698630137 0.3735753424657534 0.3738493150684932 0.3741232876712329 0.3743972602739726 0.3746712328767123 0.3749452054794521 0.3752191780821918 0.3754931506849315 0.3757671232876713 0.376041095890411 0.3763150684931507 0.3765890410958904 0.3768630136986301 0.3771369863013699 0.3774109589041096 0.3776849315068493 0.377958904109589 0.3782328767123287 0.3785068493150685 0.3787808219178082 0.379054794520548 0.3793287671232877 0.3796027397260274 0.3798767123287671 0.3801506849315068 0.3804246575342466 0.3806986301369863 0.3809726027397261 0.3812465753424658 0.3815205479452055 0.3817945205479452 0.3820684931506849 0.3823424657534247 0.3826164383561644 0.3828904109589041 0.3831643835616438 0.3834383561643836 0.3837123287671233 0.383986301369863 0.3842602739726028 0.3845342465753425 0.3848082191780822 0.3850821917808219 0.3853561643835617 0.3856301369863014 0.3859041095890411 0.3861780821917808 0.3864520547945205 0.3867260273972603 0.387 0.3872739726027397 0.3875479452054795 0.3878219178082192 0.3880958904109589 0.3883698630136986 0.3886438356164383 0.3889178082191781 0.3891917808219178 0.3894657534246576 0.3897397260273973 0.390013698630137 0.3902876712328767 0.3905616438356164 0.3908356164383562 0.3911095890410959 0.3913835616438356 0.3916575342465753 0.3919315068493151 0.3922054794520548 0.3924794520547945 0.3927534246575343 0.393027397260274 0.3933013698630137 0.3935753424657534 0.3938493150684932 0.3941232876712329 0.3943972602739726 0.3946712328767124 0.3949452054794521 0.3952191780821918 0.3954931506849315 0.3957671232876712 0.396041095890411 0.3963150684931507 0.3965890410958904 0.3968630136986301 0.3971369863013698 0.3974109589041096 0.3976849315068493 0.3979589041095891 0.3982328767123288 0.3985068493150685 0.3987808219178082 0.3990547945205479 0.3993287671232877 0.3996027397260274 0.3998767123287671 0.4001506849315069 0.4004246575342466 0.4006986301369863 0.400972602739726 0.4012465753424658 0.4015205479452055 0.4017945205479452 0.4020684931506849 0.4023424657534247 0.4026164383561644 0.4028904109589041 0.4031643835616439 0.4034383561643836 0.4037123287671233 0.403986301369863 0.4042602739726028 0.4045342465753425 0.4048082191780822 0.4050821917808219 0.4053561643835616 0.4056301369863013 0.4059041095890411 0.4061780821917808 0.4064520547945206 0.4067260273972603 0.407 0.4072739726027397 0.4075479452054794 0.4078219178082192 0.4080958904109589 0.4083698630136987 0.4086438356164384 0.4089178082191781 0.4091917808219178 0.4094657534246575 0.4097397260273973 0.410013698630137 0.4102876712328767 0.4105616438356164 0.4108356164383562 0.4111095890410959 0.4113835616438356 0.4116575342465754 0.4119315068493151 0.4122054794520548 0.4124794520547945 0.4127534246575343 0.413027397260274 0.4133013698630137 0.4135753424657534 0.4138493150684932 0.4141232876712329 0.4143972602739726 0.4146712328767124 0.4149452054794521 0.4152191780821918 0.4154931506849315 0.4157671232876712 0.4160410958904109 0.4163150684931507 0.4165890410958904 0.4168630136986302 0.4171369863013699 0.4174109589041096 0.4176849315068493 0.417958904109589 0.4182328767123288 0.4185068493150685 0.4187808219178082 0.4190547945205479 0.4193287671232877 0.4196027397260274 0.4198767123287671 0.4201506849315069 0.4204246575342466 0.4206986301369863 0.420972602739726 0.4212465753424658 0.4215205479452055 0.4217945205479452 0.422068493150685 0.4223424657534247 0.4226164383561644 0.4228904109589041 0.4231643835616439 0.4234383561643836 0.4237123287671233 0.423986301369863 0.4242602739726027 0.4245342465753424 0.4248082191780822 0.425082191780822 0.4253561643835617 0.4256301369863014 0.4259041095890411 0.4261780821917808 0.4264520547945205 0.4267260273972603 0.427 0.4272739726027397 0.4275479452054795 0.4278219178082192 0.4280958904109589 0.4283698630136986 0.4286438356164384 0.4289178082191781 0.4291917808219178 0.4294657534246575 0.4297397260273973 0.430013698630137 0.4302876712328767 0.4305616438356165 0.4308356164383562 0.4311095890410959 0.4313835616438356 0.4316575342465754 0.4319315068493151 0.4322054794520548 0.4324794520547945 0.4327534246575342 0.4330273972602739 0.4333013698630137 0.4335753424657535 0.4338493150684932 0.4341232876712329 0.4343972602739726 0.4346712328767123 0.434945205479452 0.4352191780821918 0.4354931506849316 0.4357671232876713 0.436041095890411 0.4363150684931507 0.4365890410958904 0.4368630136986301 0.4371369863013699 0.4374109589041096 0.4376849315068493 0.437958904109589 0.4382328767123288 0.4385068493150685 0.4387808219178082 0.439054794520548 0.4393287671232877 0.4396027397260274 0.4398767123287671 0.4401506849315069 0.4404246575342466 0.4406986301369863 0.440972602739726 0.4412465753424658 0.4415205479452055 0.4417945205479452 0.442068493150685 0.4423424657534247 0.4426164383561644 0.4428904109589041 0.4431643835616438 0.4434383561643835 0.4437123287671233 0.4439863013698631 0.4442602739726028 0.4445342465753425 0.4448082191780822 0.4450821917808219 0.4453561643835616 0.4456301369863014 0.4459041095890411 0.4461780821917808 0.4464520547945205 0.4467260273972603 0.447
-2.570167475890394 -2.57478546889294 -2.578629999154737 -2.581733665301342 -2.584121812068096 -2.585814024816025 -2.586824015277337 -2.587159791580316 -2.586824015277337 -2.585814024816025 -2.584121812068096 -2.581733665301342 -2.578629999154737 -2.57478546889294 -2.570167475890394
-2.57478546889294 -2.579322945478674 -2.583101066321899 -2.586151131366987 -2.588498451947533 -2.590161786654821 -2.591154497639819 -2.591484529941058 -2.591154497639819 -2.590161786654821 -2.588498451947533 -2.586151131366987 -2.583101066321899 -2.579322945478674 -2.57478546889294
-2.578629999154737 -2.583101066321899 -2.586824015277337 -2.589830004820436 -2.592143304228566 -2.593782773452597 -2.594761297616698 -2.595086609689969 -2.594761297616698 -2.593782773452597 -2.592143304228566 -2.589830004820436 -2.586824015277337 -2.583101066321899 -2.578629999154737
-2.581733665301342 -2.586151131366987 -2.589830004820436 -2.592800374966707 -2.595086609689969 -2.596706754340013 -2.597673831074419 -2.597995362727031 -2.597673831074419 -2.596706754340013 -2.595086609689969 -2.592800374966707 -2.589830004820436 -2.586151131366987 -2.581733665301342
-2.584121812068096 -2.588498451947533 -2.592143304228566 -2.595086609689969 -2.597351883356385 -2.598957430059881 -2.599915686636903 -2.600234275135428 -2.599915686636903 -2.598957430059881 -2.597351883356385 -2.595086609689969 -2.592143304228566 -2.588498451947533 -2.584121812068096
-2.585814024816025 -2.590161786654821 -2.593782773452597 -2.596706754340013 -2.598957430059881 -2.600552468377538 -2.601504641814581 -2.601821187187348 -2.601504641814581 -2.600552468377538 -2.598957430059881 -2.596706754340013 -2.593782773452597 -2.590161786654821 -2.585814024816025
-2.586824015277337 -2.591154497639819 -2.594761297616698 -2.597673831074419 -2.599915686636903 -2.601504641814581 -2.602453006698425 -2.602768364099877 -2.602453006698425 -2.601504641814581 -2.599915686636903 -2.597673831074419 -2.594761297616698 -2.591154497639819 -2.586824015277337
-2.587159791580316 -2.591484529941058 -2.595086609689969 -2.597995362727031 -2.600234275135428 -2.601821187187348 -2.602768364099877 -2.60308328093125 -2.602768364099877 -2.601821187187348 -2.600234275135428 -2.597995362727031 -2.595086609689969 -2.591484529941058 -2.587159791580316
-2.586824015277337 -2.591154497639819 -2.594761297616698 -2.597673831074419 -2.599915686636903 -2.601504641814581 -2.602453006698425 -2.602768364099877 -2.602453006698425 -2.601504641814581 -2.599915686636903 -2.597673831074419 -2.594761297616698 -2.591154497639819 -2.586824015277337
-2.585814024816025 -2.590161786654821 -2.593782773452597 -2.596706754340013 -2.598957430059881 -2.600552468377538 -2.601504641814581 -2.601821187187348 -2.601504641814581 -2.600552468377538 -2.598957430059881 -2.596706754340013 -2.593782773452597 -2.590161786654821 -2.585814024816025
-2.584121812068096 -2.588498451947533 -2.592143304228566 -2.595086609689969 -2.597351883356385 -2.598957430059881 -2.599915686636903 -2.600234275135428 -2.599915686636903 -2.598957430059881 -2.597351883356385 -2.595086609689969 -2.592143304228566 -2.588498451947533 -2.584121812068096
-2.581733665301342 -2.586151131366987 -2.589830004820436 -2.592800374966707 -2.595086609689969 -2.596706754340013 -2.597673831074419 -2.597995362727031 -2.597673831074419 -2.596706754340013 -2.595086609689969 -2.592800374966707 -2.589830004820436 -2.586151131366987 -2.581733665301342
-2.578629999154737 -2.583101066321899 -2.586824015277337 -2.589830004820436 -2.592143304228566 -2.593782773452597 -2.594761297616698 -2.595086609689969 -2.594761297616698 -2.593782773452597 -2.592143304228566 -2.589830004820436 -2.586824015277337 -2.583101066321899 -2.578629999154737
-2.57478546889294 -2.579322945478674 -2.583101066321899 -2.586151131366987 -2.588498451947533 -2.590161786654821 -2.591154497639819 -2.591484529941058 -2.591154497639819 -2.590161786654821 -2.588498451947533 -2.586151131366987 -2.583101066321899 -2.579322945478674 -2.57478546889294
-2.570167475890394 -2.57478546889294 -2.578629999154737 -2.581733665301342 -2.584121812068096 -2.585814024816025 -2.586824015277337 -2.587159791580316 -2.586824015277337 -2.585814024816025 -2.584121812068096 -2.581733665301342 -2.578629999154737 -2.57478546889294 -2.570167475890394
-2.574685672545522 -2.5789915982115 -2.582582783241953 -2.585486194049075 -2.58772290598636 -2.589309239778617 -2.590256592104277 -2.590571634821339 -2.590256592104277 -2.589309239778617 -2.58772290598636 -2.585486194049075 -2.582582783241953 -2.5789915982115 -2.574685672545522
-2.5789915982115 -2.583230687376775 -2.586766600087461 -2.589625394190239 -2.59182809271974 -2.593390324389291 -2.594323251216156 -2.594633500673813 -2.594323251216156 -2.593390324389291 -2.59182809271974 -2.589625394190239 -2.586766600087461 -2.583230687376775 -2.5789915982115
-2.582582783241953 -2.586766600087461 -2.590256592104277 -2.593078616566945 -2.595252925037607 -2.596795240120237 -2.597716311430852 -2.598022613619069 -2.597716311430852 -2.596795240120237 -2.595252925037607 -2.593078616566945 -2.590256592104277 -2.586766600087461 -2.582582783241953
-2.585486194049075 -2.589625394190239 -2.593078616566945 -2.5958709257564 -2.598022613619069 -2.599548764926265 -2.600460270862234 -2.60076341198232 -2.600460270862234 -2.599548764926265 -2.598022613619069 -2.5958709257564 -2.593078616566945 -2.589625394190239 -2.585486194049075
-2.58772290598636 -2.59182809271974 -2.595252925037607 -2.598022613619069 -2.600156780540044 -2.601670715470482 -2.602574827887343 -2.602875505113994 -2.602574827887343 -2.601670715470482 -2.600156780540044 -2.598022613619069 -2.595252925037607 -2.59182809271974 -2.58772290598636
-2.589309239778617 -2.593390324389291 -2.596795240120237 -2.599548764926265 -2.601670715470482 -2.603175852637018 -2.604074871873515 -2.604373834382675 -2.604074871873515 -2.603175852637018 -2.601670715470482 -2.599548764926265 -2.596795240120237 -2.593390324389291 -2.589309239778617
-2.590256592104277 -2.594323251216156 -2.597716311430852 -2.600460270862234 -2.602574827887343 -2.604074871873515 -2.604970696312312 -2.605268665399499 -2.604970696312312 -2.604074871873515 -2.602574827887343 -2.600460270862234 -2.597716311430852 -2.594323251216156 -2.590256592104277
-2.590571634821339 -2.594633500673813 -2.598022613619069 -2.60076341198232 -2.602875505113994 -2.604373834382675 -2.605268665399499 -2.605566263303026 -2.605268665399499 -2.604373834382675 -2.602875505113994 -2.60076341198232 -2.598022613619069 -2.594633500673813 -2.590571634821339
-2.590256592104277 -2.594323251216156 -2.597716311430852 -2.600460270862234 -2.602574827887343 -2.604074871873515 -2.604970696312312 -2.605268665399499 -2.604970696312312 -2.604074871873515 -2.602574827887343 -2.600460270862234 -2.597716311430852 -2.594323251216156 -2.590256592104277
-2.589309239778617 -2.593390324389291 -2.596795240120237 -2.599548764926265 -2.601670715470482 -2.603175852637018 -2.604074871873515 -2.604373834382675 -2.604074871873515 -2.603175852637018 -2.601670715470482 -2.599548764926265 -2.596795240120237 -2.593390324389291 -2.589309239778617
-2.58772290598636 -2.59182809271974 -2.595252925037607 -2.598022613619069 -2.600156780540044 -2.601670715470482 -2.602574827887343 -2.602875505113994 -2.602574827887343 -2.601670715470482 -2.600156780540044 -2.598022613619069 -2.595252925037607 -2.59182809271974 -2.58772290598636
-2.585486194049075 -2.589625394190239 -2.593078616566945 -2.5958709257564 -2.598022613619069 -2.599548764926265 -2.600460270862234 -2.60076341198232 -2.600460270862234 -2.599548764926265 -2.598022613619069 -2.5958709257564 -2.593078616566945 -2.589625394190239 -2.585486194049075
-2.582582783241953 -2.586766600087461 -2.590256592104277 -2.593078616566945 -2.595252925037607 -2.596795240120237 -2.597716311430852 -2.598022613619069 -2.597716311430852 -2.596795240120237 -2.595252925037607 -2.593078616566945 -2.590256592104277 -2.586766600087461 -2.582582783241953
-2.5789915982115 -2.583230687376775 -2.586766600087461 -2.589625394190239 -2.59182809271974 -2.593390324389291 -2.594323251216156 -2.594633500673813 -2.594323251216156 -2.593390324389291 -2.59182809271974 -2.589625394190239 -2.586766600087461 -2.583230687376775 -2.5789915982115
-2.574685672545522 -2.5789915982115 -2.582582783241953 -2.585486194049075 -2.58772290598636 -2.589309239778617 -2.590256592104277 -2.590571634821339 -2.590256592104277 -2.589309239778617 -2.58772290598636 -2.585486194049075 -2.582582783241953 -2.5789915982115 -2.574685672545522
-2.579617773041286 -2.58362668420993 -2.586976277144879 -2.589688408767399 -2.591780281365117 -2.593265238929487 -2.594152572342384 -2.594447741865803 -2.594152572342384 -2.593265238929487 -2.591780281365117 -2.589688408767399 -2.586976277144879 -2.58362668420993 -2.579617773041286
-2.58362668420993 -2.587581181749527 -2.590885630197505 -2.593561320594759 -2.59562537489014 -2.597090580206081 -2.597966090735535 -2.59825733357055 -2.597966090735535 -2.597090580206081 -2.59562537489014 -2.593561320594759 -2.590885630197505 -2.587581181749527 -2.58362668420993
-2.586976277144879 -2.590885630197505 -2.594152572342384 -2.596798144057423 -2.598838940605464 -2.600287823535035 -2.60115360267754 -2.601441602908633 -2.60115360267754 -2.600287823535035 -2.598838940605464 -2.596798144057423 -2.594152572342384 -2.590885630197505 -2.586976277144879
-2.589688408767399 -2.593561320594759 -2.596798144057423 -2.599419377995089 -2.601441602908633 -2.602877207114936 -2.603735135531219 -2.604020539115075 -2.603735135531219 -2.602877207114936 -2.601441602908633 -2.599419377995089 -2.596798144057423 -2.593561320594759 -2.589688408767399
-2.591780281365117 -2.59562537489014 -2.598838940605464 -2.601441602908633 -2.603449443935457 -2.604875002883256 -2.605726841432944 -2.606010218638528 -2.605726841432944 -2.604875002883256 -2.603449443935457 -2.601441602908633 -2.598838940605464 -2.59562537489014 -2.591780281365117
-2.593265238929487 -2.597090580206081 -2.600287823535035 -2.602877207114936 -2.604875002883256 -2.606293325583362 -2.607140973554007 -2.607422936087509 -2.607140973554007 -2.606293325583362 -2.604875002883256 -2.602877207114936 -2.600287823535035 -2.597090580206081 -2.593265238929487
-2.594152572342384 -2.597966090735535 -2.60115360267754 -2.603735135531219 -2.605726841432944 -2.607140973554007 -2.607985987809633 -2.608267134124663 -2.607985987809633 -2.607140973554007 -2.605726841432944 -2.603735135531219 -2.60115360267754 -2.597966090735535 -2.594152572342384
-2.594447741865803 -2.59825733357055 -2.601441602908633 -2.604020539115075 -2.606010218638528 -2.607422936087509 -2.608267134124663 -2.608547972926087 -2.608267134124663 -2.607422936087509 -2.606010218638528 -2.604020539115075 -2.601441602908633 -2.59825733357055 -2.594447741865803
-2.594152572342384 -2.597966090735535 -2.60115360267754 -2.603735135531219 -2.605726841432944 -2.607140973554007 -2.607985987809633 -2.608267134124663 -2.607985987809633 -2.607140973554007 -2.605726841432944 -2.603735135531219 -2.60115360267754 -2.597966090735535 -2.594152572342384
-2.593265238929487 -2.597090580206081 -2.600287823535035 -2.602877207114936 -2.604875002883256 -2.606293325583362 -2.607140973554007 -2.607422936087509 -2.607140973554007 -2.606293325583362 -2.604875002883256 -2.602877207114936 -2.600287823535035 -2.597090580206081 -2.593265238929487
-2.591780281365117 -2.59562537489014 -2.598838940605464 -2.601441602908633 -2.603449443935457 -2.604875002883256 -2.605726841432944 -2.606010218638528 -2.605726841432944 -2.604875002883256 -2.603449443935457 -2.601441602908633 -2.598838940605464 -2.59562537489014 -2.591780281365117
-2.589688408767399 -2.593561320594759 -2.596798144057423 -2.599419377995089 -2.601441602908633 -2.602877207114936 -2.603735135531219 -2.604020539115075 -2.603735135531219 -2.602877207114936 -2.601441602908633 -2.599419377995089 -2.596798144057423 -2.593561320594759 -2.589688408767399
-2.586976277144879 -2.590885630197505 -2.594152572342384 -2.596798144057423 -2.598838940605464 -2.600287823535035 -2.60115360267754 -2.601441602908633 -2.60115360267754 -2.600287823535035 -2.598838940605464 -2.596798144057423 -2.594152572342384 -2.590885630197505 -2.586976277144879
-2.58362668420993 -2.587581181749527 -2.590885630197505 -2.593561320594759 -2.59562537489014 -2.597090580206081 -2.597966090735535 -2.59825733357055 -2.597966090735535 -2.597090580206081 -2.59562537489014 -2.593561320594759 -2.590885630197505 -2.587581181749527 -2.58362668420993
-2.579617773041286 -2.58362668420993 -2.586976277144879 -2.589688408767399 -2.591780281365117 -2.593265238929487 -2.594152572342384 -2.594447741865803 -2.594152572342384 -2.593265238929487 -2.591780281365117 -2.589688408767399 -2.586976277144879 -2.58362668420993 -2.579617773041286
-2.584966447172035 -2.588692859130143 -2.591812205407332 -2.594341733855091 -2.596295146642363 -2.597683085975276 -2.598512937905531 -2.59878906790794 -2.598512937905531 -2.597683085975276 -2.596295146642363 -2.594341733855091 -2.591812205407332 -2.588692859130143 -2.584966447172035
-2.588692859130143 -2.592376084312317 -2.595459455724306 -2.597959946752809 -2.599891149555182 -2.601263281514468 -2.602083672949795 -2.602356662439853 -2.602083672949795 -2.601263281514468 -2.599891149555182 -2.597959946752809 -2.595459455724306 -2.592376084312317 -2.588692859130143
-2.591812205407332 -2.595459455724306 -2.598512937905531 -2.600989338853071 -2.602901939656136 -2.604261006086954 -2.605073593040224 -2.605343979544075 -2.605073593040224 -2.604261006086954 -2.602901939656136 -2.600989338853071 -2.598512937905531 -2.595459455724306 -2.591812205407332
-2.594341733855091 -2.597959946752809 -2.600989338853071 -2.603446277120055 -2.605343979544075 -2.606692388621035 -2.607498679925435 -2.607766981884514 -2.607498679925435 -2.606692388621035 -2.605343979544075 -2.603446277120055 -2.600989338853071 -2.597959946752809 -2.594341733855091
-2.596295146642363 -2.599891149555182 -2.602901939656136 -2.605343979544075 -2.607230145705211 -2.608570480267726 -2.609371867802601 -2.609638540986034 -2.609371867802601 -2.608570480267726 -2.607230145705211 -2.605343979544075 -2.602901939656136 -2.599891149555182 -2.596295146642363
-2.597683085975276 -2.601263281514468 -2.604261006086954 -2.606692388621035 -2.608570480267726 -2.609904997565882 -2.610703013921778 -2.610968545408676 -2.610703013921778 -2.609904997565882 -2.608570480267726 -2.606692388621035 -2.604261006086954 -2.601263281514468 -2.597683085975276
-2.598512937905531 -2.602083672949795 -2.605073593040224 -2.607498679925435 -2.609371867802601 -2.610703013921778 -2.61149890721949 -2.611763783179437 -2.61149890721949 -2.610703013921778 -2.609371867802601 -2.607498679925435 -2.605073593040224 -2.602083672949795 -2.598512937905531
-2.59878906790794 -2.602356662439853 -2.605343979544075 -2.607766981884514 -2.609638540986034 -2.610968545408676 -2.611763783179437 -2.612028409800454 -2.611763783179437 -2.610968545408676 -2.609638540986034 -2.607766981884514 -2.605343979544075 -2.602356662439853 -2.59878906790794
-2.598512937905531 -2.602083672949795 -2.605073593040224 -2.607498679925435 -2.609371867802601 -2.610703013921778 -2.61149890721949 -2.611763783179437 -2.61149890721949 -2.610703013921778 -2.609371867802601 -2.607498679925435 -2.605073593040224 -2.602083672949795 -2.598512937905531
-2.597683085975276 -2.601263281514468 -2.604261006086954 -2.606692388621035 -2.608570480267726 -2.609904997565882 -2.610703013921778 -2.610968545408676 -2.610703013921778 -2.609904997565882 -2.608570480267726 -2.606692388621035 -2.604261006086954 -2.601263281514468 -2.597683085975276
-2.596295146642363 -2.599891149555182 -2.602901939656136 -2.605343979544075 -2.607230145705211 -2.608570480267726 -2.609371867802601 -2.609638540986034 -2.609371867802601 -2.608570480267726 -2.607230145705211 -2.605343979544075 -2.602901939656136 -2.599891149555182 -2.596295146642363
-2.594341733855091 -2.597959946752809 -2.600989338853071 -2.603446277120055 -2.605343979544075 -2.606692388621035 -2.607498679925435 -2.607766981884514 -2.607498679925435 -2.606692388621035 -2.605343979544075 -2.603446277120055 -2.600989338853071 -2.597959946752809 -2.594341733855091
-2.591812205407332 -2.595459455724306 -2.598512937905531 -2.600989338853071 -2.602901939656136 -2.604261006086954 -2.605073593040224 -2.605343979544075 -2.605073593040224 -2.604261006086954 -2.602901939656136 -2.600989338853071 -2.598512937905531 -2.595459455724306 -2.591812205407332
-2.588692859130143 -2.592376084312317 -2.595459455724306 -2.597959946752809 -2.599891149555182 -2.601263281514468 -2.602083672949795 -2.602356662439853 -2.602083672949795 -2.601263281514468 -2.599891149555182 -2.597959946752809 -2.595459455724306 -2.592376084312317 -2.588692859130143
-2.584966447172035 -2.588692859130143 -2.591812205407332 -2.594341733855091 -2.596295146642363 -2.597683085975276 -2.598512937905531 -2.59878906790794 -2.598512937905531 -2.597683085975276 -2.596295146642363 -2.594341733855091 -2.591812205407332 -2.588692859130143 -2.584966447172035
-2.590734276264922 -2.59419218602069 -2.59709223829382 -2.599447549617799 -2.601268673486213 -2.602563812950789 -2.603338641651815 -2.603596539939483 -2.603338641651815 -2.602563812950789 -2.601268673486213 -2.599447549617799 -2.59709223829382 -2.59419218602069 -2.590734276264922
-2.59419218602069 -2.597616998837904 -2.600489335898126 -2.602822278045968 -2.604626242927936 -2.605909134770035 -2.606676635892945 -2.606932103096538 -2.606676635892945 -2.605909134770035 -2.604626242927936 -2.602822278045968 -2.600489335898126 -2.597616998837904 -2.59419218602069
-2.59709223829382 -2.600489335898126 -2.603338641651815 -2.605652930795739 -2.607442494428346 -2.608715256848023 -2.609476692680037 -2.609730134568952 -2.609476692680037 -2.608715256848023 -2.607442494428346 -2.605652930795739 -2.603338641651815 -2.600489335898126 -2.59709223829382
-2.599447549617799 -2.602822278045968 -2.605652930795739 -2.607952153375701 -2.609730134568952 -2.610994608974636 -2.611751152218296 -2.612002971849098 -2.611751152218296 -2.610994608974636 -2.609730134568952 -2.607952153375701 -2.605652930795739 -2.602822278045968 -2.599447549617799
-2.601268673486213 -2.604626242927936 -2.607442494428346 -2.609730134568952 -2.611499150863692 -2.612757330752868 -2.613510043965004 -2.613760594280985 -2.613510043965004 -2.612757330752868 -2.611499150863692 -2.609730134568952 -2.607442494428346 -2.604626242927936 -2.601268673486213
-2.602563812950789 -2.605909134770035 -2.608715256848023 -2.610994608974636 -2.612757330752868 -2.61401097618003 -2.614761058389567 -2.615010714151461 -2.614761058389567 -2.61401097618003 -2.612757330752868 -2.610994608974636 -2.608715256848023 -2.605909134770035 -2.602563812950789
-2.603338641651815 -2.606676635892945 -2.609476692680037 -2.611751152218296 -2.613510043965004 -2.614761058389567 -2.615509479943548 -2.615758625157969 -2.615509479943548 -2.614761058389567 -2.613510043965004 -2.611751152218296 -2.609476692680037 -2.606676635892945 -2.603338641651815
-2.603596539939483 -2.606932103096538 -2.609730134568952 -2.612002971849098 -2.613760594280985 -2.615010714151461 -2.615758625157969 -2.616007573926104 -2.615758625157969 -2.615010714151461 -2.613760594280985 -2.612002971849098 -2.609730134568952 -2.606932103096538 -2.603596539939483
-2.603338641651815 -2.606676635892945 -2.609476692680037 -2.611751152218296 -2.613510043965004 -2.614761058389567 -2.615509479943548 -2.615758625157969 -2.615509479943548 -2.614761058389567 -2.613510043965004 -2.611751152218296 -2.609476692680037 -2.606676635892945 -2.603338641651815
-2.602563812950789 -2.605909134770035 -2.608715256848023 -2.610994608974636 -2.612757330752868 -2.61401097618003 -2.614761058389567 -2.615010714151461 -2.614761058389567 -2.61401097618003 -2.612757330752868 -2.610994608974636 -2.608715256848023 -2.605909134770035 -2.602563812950789
-2.601268673486213 -2.604626242927936 -2.607442494428346 -2.609730134568952 -2.611499150863692 -2.612757330752868 -2.613510043965004 -2.613760594280985 -2.613510043965004 -2.612757330752868 -2.611499150863692 -2.609730134568952 -2.607442494428346 -2.604626242927936 -2.601268673486213
-2.599447549617799 -2.602822278045968 -2.605652930795739 -2.607952153375701 -2.609730134568952 -2.610994608974636 -2.611751152218296 -2.612002971849098 -2.611751152218296 -2.610994608974636 -2.609730134568952 -2.607952153375701 -2.605652930795739 -2.602822278045968 -2.599447549617799
-2.59709223829382 -2.600489335898126 -2.603338641651815 -2.605652930795739 -2.607442494428346 -2.608715256848023 -2.609476692680037 -2.609730134568952 -2.609476692680037 -2.608715256848023 -2.607442494428346 -2.605652930795739 -2.603338641651815 -2.600489335898126 -2.59709223829382
-2.59419218602069 -2.597616998837904 -2.600489335898126 -2.602822278045968 -2.604626242927936 -2.605909134770035 -2.606676635892945 -2.606932103096538 -2.606676635892945 -2.605909134770035 -2.604626242927936 -2.602822278045968 -2.600489335898126 -2.597616998837904 -2.59419218602069
-2.590734276264922 -2.59419218602069 -2.59709223829382 -2.599447549617799 -2.601268673486213 -2.602563812950789 -2.603338641651815 -2.603596539939483 -2.603338641651815 -2.602563812950789 -2.601268673486213 -2.599447549617799 -2.59709223829382 -2.59419218602069 -2.590734276264922
-2.596923756325317 -2.600126661194021 -2.602817993636496 -2.605007193763418 -2.606701998036004 -2.607908421246005 -2.608630608323096 -2.608871057661194 -2.608630608323096 -2.607908421246005 -2.606701998036004 -2.605007193763418 -2.602817993636496 -2.600126661194021 -2.596923756325317
-2.600126661194021 -2.603305478922323 -2.605976491454641 -2.608149290062771 -2.609831457139673 -2.611028826145388 -2.611745599477468 -2.611984253934104 -2.611745599477468 -2.611028826145388 -2.609831457139673 -2.608149290062771 -2.605976491454641 -2.603305478922323 -2.600126661194021
-2.602817993636496 -2.605976491454641 -2.608630608323096 -2.610789628703897 -2.612461161181937 -2.613651031978283 -2.614363300585251 -2.614600448415634 -2.614363300585251 -2.613651031978283 -2.612461161181937 -2.610789628703897 -2.608630608323096 -2.605976491454641 -2.602817993636496
-2.605007193763418 -2.608149290062771 -2.610789628703897 -2.612937522278815 -2.614600448415634 -2.615784159764849 -2.616492794104933 -2.616728734545068 -2.616492794104933 -2.615784159764849 -2.614600448415634 -2.612937522278815 -2.610789628703897 -2.608149290062771 -2.605007193763418
-2.606701998036004 -2.609831457139673 -2.612461161181937 -2.614600448415634 -2.616256717483449 -2.617435732765358 -2.618141503429277 -2.618376497583907 -2.618141503429277 -2.617435732765358 -2.616256717483449 -2.614600448415634 -2.612461161181937 -2.609831457139673 -2.606701998036004
-2.607908421246005 -2.611028826145388 -2.613651031978283 -2.615784159764849 -2.617435732765358 -2.618611366342495 -2.619315170762429 -2.619549492855064 -2.619315170762429 -2.618611366342495 -2.617435732765358 -2.615784159764849 -2.613651031978283 -2.611028826145388 -2.607908421246005
-2.608630608323096 -2.611745599477468 -2.614363300585251 -2.616492794104933 -2.618141503429277 -2.619315170762429 -2.620017730772926 -2.620251672352566 -2.620017730772926 -2.619315170762429 -2.618141503429277 -2.616492794104933 -2.614363300585251 -2.611745599477468 -2.608630608323096
-2.608871057661194 -2.611984253934104 -2.614600448415634 -2.616728734545068 -2.618376497583907 -2.619549492855064 -2.620251672352566 -2.620485465303085 -2.620251672352566 -2.619549492855064 -2.618376497583907 -2.616728734545068 -2.614600448415634 -2.611984253934104 -2.608871057661194
-2.608630608323096 -2.611745599477468 -2.614363300585251 -2.616492794104933 -2.618141503429277 -2.619315170762429 -2.620017730772926 -2.620251672352566 -2.620017730772926 -2.619315170762429 -2.618141503429277 -2.616492794104933 -2.614363300585251 -2.611745599477468 -2.608630608323096
-2.607908421246005 -2.611028826145388 -2.613651031978283 -2.615784159764849 -2.617435732765358 -2.618611366342495 -2.619315170762429 -2.619549492855064 -2.619315170762429 -2.618611366342495 -2.617435732765358 -2.615784159764849 -2.613651031978283 -2.611028826145388 -2.607908421246005
-2.606701998036004 -2.609831457139673 -2.612461161181937 -2.614600448415634 -2.616256717483449 -2.617435732765358 -2.618141503429277 -2.618376497583907 -2.618141503429277 -2.617435732765358 -2.616256717483449 -2.614600448415634 -2.612461161181937 -2.609831457139673 -2.606701998036004
-2.605007193763418 -2.608149290062771 -2.610789628703897 -2.612937522278815 -2.614600448415634 -2.615784159764849 -2.616492794104933 -2.616728734545068 -2.616492794104933 -2.615784159764849 -2.614600448415634 -2.612937522278815 -2.610789628703897 -2.608149290062771 -2.605007193763418
-2.602817993636496 -2.605976491454641 -2.608630608323096 -2.610789628703897 -2.612461161181937 -2.613651031978283 -2.614363300585251 -2.614600448415634 -2.614363300585251 -2.613651031978283 -2.612461161181937 -2.610789628703897 -2.608630608323096 -2.605976491454641 -2.602817993636496
-2.600126661194021 -2.603305478922323 -2.605976491454641 -2.608149290062771 -2.609831457139673 -2.611028826145388 -2.611745599477468 -2.611984253934104 -2.611745599477468 -2.611028826145388 -2.609831457139673 -2.608149290062771 -2.605976491454641 -2.603305478922323 -2.600126661194021
-2.596923756325317 -2.600126661194021 -2.602817993636496 -2.605007193763418 -2.606701998036004 -2.607908421246005 -2.608630608323096 -2.608871057661194 -2.608630608323096 -2.607908421246005 -2.606701998036004 -2.605007193763418 -2.602817993636496 -2.600126661194021 -2.596923756325317
-2.603537301065311 -2.606498216591858 -2.608991038614682 -2.611021962842023 -2.612596222098321 -2.61371788259692 -2.614389735452177 -2.614613494362462 -2.614389735452177 -2.61371788259692 -2.612596222098321 -2.611021962842023 -2.608991038614682 -2.606498216591858 -2.603537301065311
-2.606498216591858 -2.609443029686683 -2.61192210593357 -2.61394192956117 -2.615507571012757 -2.616623022177475 -2.617291166069939 -2.617513696477119 -2.617291166069939 -2.616623022177475 -2.615507571012757 -2.61394192956117 -2.61192210593357 -2.609443029686683 -2.606498216591858
-2.608991038614682 -2.61192210593357 -2.614389735452177 -2.616400121044309 -2.617958480687004 -2.6190687751181 -2.619733804908551 -2.619955291225414 -2.619733804908551 -2.6190687751181 -2.617958480687004 -2.616400121044309 -2.614389735452177 -2.61192210593357 -2.608991038614682
-2.611021962842023 -2.61394192956117 -2.616400121044309 -2.618402885068258 -2.619955291225414 -2.621061324876071 -2.621723840988901 -2.621944489659079 -2.621723840988901 -2.621061324876071 -2.619955291225414 -2.618402885068258 -2.616400121044309 -2.61394192956117 -2.611021962842023
-2.612596222098321 -2.615507571012757 -2.617958480687004 -2.619955291225414 -2.621503096895736 -2.622605860163249 -2.623266376342118 -2.623486366976864 -2.623266376342118 -2.622605860163249 -2.621503096895736 -2.619955291225414 -2.617958480687004 -2.615507571012757 -2.612596222098321
-2.61371788259692 -2.616623022177475 -2.6190687751181 -2.621061324876071 -2.622605860163249 -2.623706270365062 -2.624365413280887 -2.624584930826336 -2.624365413280887 -2.623706270365062 -2.622605860163249 -2.621061324876071 -2.6190687751181 -2.616623022177475 -2.61371788259692
-2.614389735452177 -2.617291166069939 -2.619733804908551 -2.621723840988901 -2.623266376342118 -2.624365413280887 -2.625023683904056 -2.625242936761577 -2.625023683904056 -2.624365413280887 -2.623266376342118 -2.621723840988901 -2.619733804908551 -2.617291166069939 -2.614389735452177
-2.614613494362462 -2.617513696477119 -2.619955291225414 -2.621944489659079 -2.623486366976864 -2.624584930826336 -2.625242936761577 -2.625462083931326 -2.625242936761577 -2.624584930826336 -2.623486366976864 -2.621944489659079 -2.619955291225414 -2.617513696477119 -2.614613494362462
-2.614389735452177 -2.617291166069939 -2.619733804908551 -2.621723840988901 -2.623266376342118 -2.624365413280887 -2.625023683904056 -2.625242936761577 -2.625023683904056 -2.624365413280887 -2.623266376342118 -2.621723840988901 -2.619733804908551 -2.617291166069939 -2.614389735452177
-2.61371788259692 -2.616623022177475 -2.6190687751181 -2.621061324876071 -2.622605860163249 -2.623706270365062 -2.624365413280887 -2.624584930826336 -2.624365413280887 -2.623706270365062 -2.622605860163249 -2.621061324876071 -2.6190687751181 -2.616623022177475 -2.61371788259692
-2.612596222098321 -2.615507571012757 -2.617958480687004 -2.619955291225414 -2.621503096895736 -2.622605860163249 -2.623266376342118 -2.623486366976864 -2.623266376342118 -2.622605860163249 -2.621503096895736 -2.619955291225414 -2.617958480687004 -2.615507571012757 -2.612596222098321
-2.611021962842023 -2.61394192956117 -2.616400121044309 -2.618402885068258 -2.619955291225414 -2.621061324876071 -2.621723840988901 -2.621944489659079 -2.621723840988901 -2.621061324876071 -2.619955291225414 -2.618402885068258 -2.616400121044309 -2.61394192956117 -2.611021962842023
-2.608991038614682 -2.61192210593357 -2.614389735452177 -2.616400121044309 -2.617958480687004 -2.6190687751181 -2.619733804908551 -2.619955291225414 -2.619733804908551 -2.6190687751181 -2.617958480687004 -2.616400121044309 -2.614389735452177 -2.61192210593357 -2.608991038614682
-2.606498216591858 -2.609443029686683 -2.61192210593357 -2.61394192956117 -2.615507571012757 -2.616623022177475 -2.617291166069939 -2.617513696477119 -2.617291166069939 -2.616623022177475 -2.615507571012757 -2.61394192956117 -2.61192210593357 -2.609443029686683 -2.606498216591858
-2.603537301065311 -2.606498216591858 -2.608991038614682 -2.611021962842023 -2.612596222098321 -2.61371788259692 -2.614389735452177 -2.614613494362462 -2.614389735452177 -2.61371788259692 -2.612596222098321 -2.611021962842023 -2.608991038614682 -2.606498216591858 -2.603537301065311
