7 -0.003535533905932737 -0.002357022603955158 -0.001178511301977579 0 0.001178511301977579 0.002357022603955158 0.003535533905932737
7 -0.003535533905932737 -0.002357022603955158 -0.001178511301977579 0 0.001178511301977579 0.002357022603955158 0.003535533905932737
16 0.307 0.3163333333333334 0.3256666666666667 0.335 0.3443333333333333 0.3536666666666667 0.363 0.3723333333333333 0.3816666666666667 0.391 0.4003333333333333 0.4096666666666667 0.419 0.4283333333333333 0.4376666666666666 0.447
-2.434007755423494 -2.459094235565479 -2.475066964913768 -2.480555690324422 -2.475066964913768 -2.459094235565479 -2.434007755423494
-2.459094235565479 -2.486085368936864 -2.503016476250157 -2.508816983582904 -2.503016476250157 -2.486085368936864 -2.459094235565479
-2.475066964913768 -2.503016476250157 -2.520506004376574 -2.52641805971064 -2.520506004376574 -2.503016476250157 -2.475066964913768
-2.480555690324422 -2.508816983582904 -2.52641805971064 -2.532372702537044 -2.52641805971064 -2.508816983582904 -2.480555690324422
-2.475066964913768 -2.503016476250157 -2.520506004376574 -2.52641805971064 -2.520506004376574 -2.503016476250157 -2.475066964913768
-2.459094235565479 -2.486085368936864 -2.503016476250157 -2.508816983582904 -2.503016476250157 -2.486085368936864 -2.459094235565479
-2.434007755423494 -2.459094235565479 -2.475066964913768 -2.480555690324422 -2.475066964913768 -2.459094235565479 -2.434007755423494
-2.905898093867032 -2.911820246874339 -2.915091732334248 -2.916162942902992 -2.915091732334248 -2.911820246874339 -2.905898093867032
-2.911820246874339 -2.917226486775706 -2.920335757477895 -2.921331412942117 -2.920335757477895 -2.917226486775706 -2.911820246874339
-2.915091732334248 -2.920335757477895 -2.923307778065994 -2.924278438298443 -2.923307778065994 -2.920335757477895 -2.915091732334248
-2.916162942902992 -2.921331412942117 -2.924278438298443 -2.925239368459683 -2.924278438298443 -2.921331412942117 -2.916162942902992
-2.915091732334248 -2.920335757477895 -2.923307778065994 -2.924278438298443 -2.923307778065994 -2.920335757477895 -2.915091732334248
-2.911820246874339 -2.917226486775706 -2.920335757477895 -2.921331412942117 -2.920335757477895 -2.917226486775706 -2.911820246874339
-2.905898093867032 -2.911820246874339 -2.915091732334248 -2.916162942902992 -2.915091732334248 -2.911820246874339 -2.905898093867032
-3.345378165069258 -3.338748648173642 -3.334453520005955 -3.332954539477743 -3.334453520005955 -3.338748648173642 -3.345378165069258
-3.338748648173642 -3.331412493603911 -3.326572581241031 -3.324930372728659 -3.326572581241031 -3.331412493603911 -3.338748648173642
-3.334453520005955 -3.326572581241031 -3.321573412925417 -3.319845378510493 -3.321573412925417 -3.326572581241031 -3.334453520005955
-3.332954539477743 -3.324930372728659 -3.319845378510493 -3.318106034382316 -3.319845378510493 -3.324930372728659 -3.332954539477743
-3.334453520005955 -3.326572581241031 -3.321573412925417 -3.319845378510493 -3.321573412925417 -3.326572581241031 -3.334453520005955
-3.338748648173642 -3.331412493603911 -3.326572581241031 -3.324930372728659 -3.326572581241031 -3.331412493603911 -3.338748648173642
-3.345378165069258 -3.338748648173642 -3.334453520005955 -3.332954539477743 -3.334453520005955 -3.338748648173642 -3.345378165069258
-3.496663174008946 -3.490092883216825 -3.48620871637784 -3.484927797097892 -3.48620871637784 -3.490092883216825 -3.496663174008946
-3.490092883216825 -3.483668618987354 -3.480036906336895 -3.478832840644633 -3.480036906336895 -3.483668618987354 -3.490092883216825
-3.48620871637784 -3.480036906336895 -3.476444896319947 -3.475277866172986 -3.476444896319947 -3.480036906336895 -3.48620871637784
-3.484927797097892 -3.478832840644633 -3.475277866172986 -3.474112900971335 -3.475277866172986 -3.478832840644633 -3.484927797097892
-3.48620871637784 -3.480036906336895 -3.476444896319947 -3.475277866172986 -3.476444896319947 -3.480036906336895 -3.48620871637784
-3.490092883216825 -3.483668618987354 -3.480036906336895 -3.478832840644633 -3.480036906336895 -3.483668618987354 -3.490092883216825
-3.496663174008946 -3.490092883216825 -3.48620871637784 -3.484927797097892 -3.48620871637784 -3.490092883216825 -3.496663174008946
-3.536853804396889 -3.533861886293279 -3.532578511763937 -3.532251616703537 -3.532578511763937 -3.533861886293279 -3.536853804396889
-3.533861886293279 -3.531936629634307 -3.531087227286902 -3.530851619881111 -3.531087227286902 -3.531936629634307 -3.533861886293279
-3.532578511763937 -3.531087227286902 -3.530510870718228 -3.530379378422957 -3.530510870718228 -3.531087227286902 -3.532578511763937
-3.532251616703537 -3.530851619881111 -3.530379378422957 -3.530267088951352 -3.530379378422957 -3.530851619881111 -3.532251616703537
-3.532578511763937 -3.531087227286902 -3.530510870718228 -3.530379378422957 -3.530510870718228 -3.531087227286902 -3.532578511763937
-3.533861886293279 -3.531936629634307 -3.531087227286902 -3.530851619881111 -3.531087227286902 -3.531936629634307 -3.533861886293279
-3.536853804396889 -3.533861886293279 -3.532578511763937 -3.532251616703537 -3.532578511763937 -3.533861886293279 -3.536853804396889
-3.613054322735786 -3.613467680905119 -3.613740686134058 -3.613793674829803 -3.613740686134058 -3.613467680905119 -3.613054322735786
-3.613467680905119 -3.613849876940069 -3.614045324089144 -3.614123822563293 -3.614045324089144 -3.613849876940069 -3.613467680905119
-3.613740686134058 -3.614045324089144 -3.614287260424363 -3.614357496667456 -3.614287260424363 -3.614045324089144 -3.613740686134058
-3.613793674829803 -3.614123822563293 -3.614357496667456 -3.614433925962145 -3.614357496667456 -3.614123822563293 -3.613793674829803
-3.613740686134058 -3.614045324089144 -3.614287260424363 -3.614357496667456 -3.614287260424363 -3.614045324089144 -3.613740686134058
-3.613467680905119 -3.613849876940069 -3.614045324089144 -3.614123822563293 -3.614045324089144 -3.613849876940069 -3.613467680905119
-3.613054322735786 -3.613467680905119 -3.613740686134058 -3.613793674829803 -3.613740686134058 -3.613467680905119 -3.613054322735786
-3.740054703935928 -3.741283727021463 -3.741344395028047 -3.741326646244242 -3.741344395028047 -3.741283727021463 -3.740054703935928
-3.741283727021463 -3.741284589060772 -3.740955375750759 -3.740744654076181 -3.740955375750759 -3.741284589060772 -3.741283727021463
-3.741344395028047 -3.740955375750759 -3.740130556232774 -3.739801112497269 -3.740130556232774 -3.740955375750759 -3.741344395028047
-3.741326646244242 -3.740744654076181 -3.739801112497269 -3.739432772665038 -3.739801112497269 -3.740744654076181 -3.741326646244242
-3.741344395028047 -3.740955375750759 -3.740130556232774 -3.739801112497269 -3.740130556232774 -3.740955375750759 -3.741344395028047
-3.741283727021463 -3.741284589060772 -3.740955375750759 -3.740744654076181 -3.740955375750759 -3.741284589060772 -3.741283727021463
-3.740054703935928 -3.741283727021463 -3.741344395028047 -3.741326646244242 -3.741344395028047 -3.741283727021463 -3.740054703935928
-3.803423745861555 -3.798514031651087 -3.795435190389002 -3.794357956375137 -3.795435190389002 -3.798514031651087 -3.803423745861555
-3.798514031651087 -3.79324810311127 -3.789646083182105 -3.788309900366437 -3.789646083182105 -3.79324810311127 -3.798514031651087
-3.795435190389002 -3.789646083182105 -3.785578282413695 -3.784207314134602 -3.785578282413695 -3.789646083182105 -3.795435190389002
-3.794357956375137 -3.788309900366437 -3.784207314134602 -3.78278478185386 -3.784207314134602 -3.788309900366437 -3.794357956375137
-3.795435190389002 -3.789646083182105 -3.785578282413695 -3.784207314134602 -3.785578282413695 -3.789646083182105 -3.795435190389002
-3.798514031651087 -3.79324810311127 -3.789646083182105 -3.788309900366437 -3.789646083182105 -3.79324810311127 -3.798514031651087
-3.803423745861555 -3.798514031651087 -3.795435190389002 -3.794357956375137 -3.795435190389002 -3.798514031651087 -3.803423745861555
-3.307195569099135 -3.26655480054821 -3.242671435618246 -3.234809913255491 -3.242671435618246 -3.26655480054821 -3.307195569099135
-3.26655480054821 -3.22701215192764 -3.204151447336304 -3.196796323254431 -3.204151447336304 -3.22701215192764 -3.26655480054821
-3.242671435618246 -3.204151447336304 -3.182246698183343 -3.174995511812728 -3.182246698183343 -3.204151447336304 -3.242671435618246
-3.234809913255491 -3.196796323254431 -3.174995511812728 -3.167858402657749 -3.174995511812728 -3.196796323254431 -3.234809913255491
-3.242671435618246 -3.204151447336304 -3.182246698183343 -3.174995511812728 -3.182246698183343 -3.204151447336304 -3.242671435618246
-3.26655480054821 -3.22701215192764 -3.204151447336304 -3.196796323254431 -3.204151447336304 -3.22701215192764 -3.26655480054821
-3.307195569099135 -3.26655480054821 -3.242671435618246 -3.234809913255491 -3.242671435618246 -3.26655480054821 -3.307195569099135
-2.768651526330625 -2.705069894405659 -2.667866839360945 -2.655690905002564 -2.667866839360945 -2.705069894405659 -2.768651526330625
-2.705069894405659 -2.643659063935349 -2.608767114633345 -2.597524169446594 -2.608767114633345 -2.643659063935349 -2.705069894405659
-2.667866839360945 -2.608767114633345 -2.575049808001344 -2.563864846757528 -2.575049808001344 -2.608767114633345 -2.667866839360945
-2.655690905002564 -2.597524169446594 -2.563864846757528 -2.55293202346164 -2.563864846757528 -2.597524169446594 -2.655690905002564
-2.667866839360945 -2.608767114633345 -2.575049808001344 -2.563864846757528 -2.575049808001344 -2.608767114633345 -2.667866839360945
-2.705069894405659 -2.643659063935349 -2.608767114633345 -2.597524169446594 -2.608767114633345 -2.643659063935349 -2.705069894405659
-2.768651526330625 -2.705069894405659 -2.667866839360945 -2.655690905002564 -2.667866839360945 -2.705069894405659 -2.768651526330625
-0.4762050158580375 -0.5314695005236836 -0.5618597956094675 -0.5716574414621424 -0.5618597956094675 -0.5314695005236836 -0.4762050158580375
-0.5314695005236836 -0.582322306178221 -0.6144465518151001 -0.6252191165550431 -0.6144465518151001 -0.582322306178221 -0.5314695005236836
-0.5618597956094675 -0.6144465518151001 -0.6469540303637386 -0.658024079456367 -0.6469540303637386 -0.6144465518151001 -0.5618597956094675
-0.5716574414621424 -0.6252191165550431 -0.658024079456367 -0.6700723301660765 -0.658024079456367 -0.6252191165550431 -0.5716574414621424
-0.5618597956094675 -0.6144465518151001 -0.6469540303637386 -0.658024079456367 -0.6469540303637386 -0.6144465518151001 -0.5618597956094675
-0.5314695005236836 -0.582322306178221 -0.6144465518151001 -0.6252191165550431 -0.6144465518151001 -0.582322306178221 -0.5314695005236836
-0.4762050158580375 -0.5314695005236836 -0.5618597956094675 -0.5716574414621424 -0.5618597956094675 -0.5314695005236836 -0.4762050158580375
-0.1314225388632307 -0.1428634151181133 -0.1497501773306255 -0.1520510559320382 -0.1497501773306255 -0.1428634151181133 -0.1314225388632307
-0.1428634151181133 -0.154355321829121 -0.1612964127228501 -0.1636241814629273 -0.1612964127228501 -0.154355321829121 -0.1428634151181133
-0.1497501773306255 -0.1612964127228501 -0.1683211346375476 -0.1707138219150827 -0.1683211346375476 -0.1612964127228501 -0.1497501773306255
-0.1520510559320382 -0.1636241814629273 -0.1707138219150827 -0.1733199772885049 -0.1707138219150827 -0.1636241814629273 -0.1520510559320382
-0.1497501773306255 -0.1612964127228501 -0.1683211346375476 -0.1707138219150827 -0.1683211346375476 -0.1612964127228501 -0.1497501773306255
-0.1428634151181133 -0.154355321829121 -0.1612964127228501 -0.1636241814629273 -0.1612964127228501 -0.154355321829121 -0.1428634151181133
-0.1314225388632307 -0.1428634151181133 -0.1497501773306255 -0.1520510559320382 -0.1497501773306255 -0.1428634151181133 -0.1314225388632307
-0.04868564075345815 -0.05147625303164929 -0.05314854389703915 -0.05370548007900589 -0.05314854389703915 -0.05147625303164929 -0.04868564075345815
-0.05147625303164929 -0.05426209994602137 -0.05592931745029631 -0.05648374255743455 -0.05592931745029631 -0.05426209994602137 -0.05147625303164929
-0.05314854389703915 -0.05592931745029631 -0.05758872526067977 -0.05813708809691042 -0.05758872526067977 -0.05592931745029631 -0.05314854389703915
-0.05370548007900589 -0.05648374255743455 -0.05813708809691042 -0.05866551669743432 -0.05813708809691042 -0.05648374255743455 -0.05370548007900589
-0.05314854389703915 -0.05592931745029631 -0.05758872526067977 -0.05813708809691042 -0.05758872526067977 -0.05592931745029631 -0.05314854389703915
-0.05147625303164929 -0.05426209994602137 -0.05592931745029631 -0.05648374255743455 -0.05592931745029631 -0.05426209994602137 -0.05147625303164929
-0.04868564075345815 -0.05147625303164929 -0.05314854389703915 -0.05370548007900589 -0.05314854389703915 -0.05147625303164929 -0.04868564075345815
-0.02180119798773849 -0.02253901866899566 -0.02298309713999025 -0.02313145311247349 -0.02298309713999025 -0.02253901866899566 -0.02180119798773849
-0.02253901866899566 -0.02328002022480167 -0.0237274851581652 -0.02387751727004014 -0.0237274851581652 -0.02328002022480167 -0.02253901866899566
-0.02298309713999025 -0.0237274851581652 -0.02418016305269514 -0.02433424172302198 -0.02418016305269514 -0.0237274851581652 -0.02298309713999025
-0.02313145311247349 -0.02387751727004014 -0.02433424172302198 -0.02450162647141896 -0.02433424172302198 -0.02387751727004014 -0.02313145311247349
-0.02298309713999025 -0.0237274851581652 -0.02418016305269514 -0.02433424172302198 -0.02418016305269514 -0.0237274851581652 -0.02298309713999025
-0.02253901866899566 -0.02328002022480167 -0.0237274851581652 -0.02387751727004014 -0.0237274851581652 -0.02328002022480167 -0.02253901866899566
-0.02180119798773849 -0.02253901866899566 -0.02298309713999025 -0.02313145311247349 -0.02298309713999025 -0.02253901866899566 -0.02180119798773849
-0.01179065097584119 -0.01208759327255217 -0.01226621891260336 -0.012325870312625 -0.01226621891260336 -0.01208759327255217 -0.01179065097584119
-0.01208759327255217 -0.01238559182468755 -0.01256534198857389 -0.01262554997493597 -0.01256534198857389 -0.01238559182468755 -0.01208759327255217
-0.01226621891260336 -0.01256534198857389 -0.01274682319165234 -0.01280837489630615 -0.01274682319165234 -0.01256534198857389 -0.01226621891260336
-0.012325870312625 -0.01262554997493597 -0.01280837489630615 -0.01287434507673554 -0.01280837489630615 -0.01262554997493597 -0.012325870312625
-0.01226621891260336 -0.01256534198857389 -0.01274682319165234 -0.01280837489630615 -0.01274682319165234 -0.01256534198857389 -0.01226621891260336
-0.01208759327255217 -0.01238559182468755 -0.01256534198857389 -0.01262554997493597 -0.01256534198857389 -0.01238559182468755 -0.01208759327255217
-0.01179065097584119 -0.01208759327255217 -0.01226621891260336 -0.012325870312625 -0.01226621891260336 -0.01208759327255217 -0.01179065097584119
-0.008876305247084671 -0.009090365595032044 -0.009218377259889514 -0.00926094679401347 -0.009218377259889514 -0.009090365595032044 -0.008876305247084671
-0.009090365595032044 -0.009303451657062109 -0.009430426065484328 -0.009472482206521058 -0.009430426065484328 -0.009303451657062109 -0.009090365595032044
-0.009218377259889514 -0.009430426065484328 -0.00955580377005239 -0.00959662047053505 -0.00955580377005239 -0.009430426065484328 -0.009218377259889514
-0.00926094679401347 -0.009472482206521058 -0.00959662047053505 -0.009633361586055478 -0.00959662047053505 -0.009472482206521058 -0.00926094679401347
-0.009218377259889514 -0.009430426065484328 -0.00955580377005239 -0.00959662047053505 -0.00955580377005239 -0.009430426065484328 -0.009218377259889514
-0.009090365595032044 -0.009303451657062109 -0.009430426065484328 -0.009472482206521058 -0.009430426065484328 -0.009303451657062109 -0.009090365595032044
-0.008876305247084671 -0.009090365595032044 -0.009218377259889514 -0.00926094679401347 -0.009218377259889514 -0.009090365595032044 -0.008876305247084671
