31 -0.0015 -0.0014 -0.0013 -0.0012 -0.0011 -0.001 -0.0009000000000000001 -0.0008 -0.0007 -0.0006000000000000001 -0.0005 -0.0004 -0.0003 -0.0002 -0.0001 0 0.0001 0.0002 0.0003 0.0004 0.0005 0.0006000000000000001 0.0007 0.0008 0.0009000000000000001 0.001 0.0011 0.0012 0.0013 0.0014 0.0015
31 -0.0015 -0.0014 -0.0013 -0.0012 -0.0011 -0.001 -0.0009000000000000001 -0.0008 -0.0007 -0.0006000000000000001 -0.0005 -0.0004 -0.0003 -0.0002 -0.0001 0 0.0001 0.0002 0.0003 0.0004 0.0005 0.0006000000000000001 0.0007 0.0008 0.0009000000000000001 0.001 0.0011 0.0012 0.0013 0.0014 0.0015
32 0.307 0.3115161290322581 0.3160322580645161 0.3205483870967742 0.3250645161290323 0.3295806451612903 0.3340967741935484 0.3386129032258064 0.3431290322580645 0.3476451612903226 0.3521612903225806 0.3566774193548387 0.3611935483870968 0.3657096774193548 0.3702258064516129 0.374741935483871 0.379258064516129 0.3837741935483871 0.3882903225806452 0.3928064516129032 0.3973225806451613 0.4018387096774194 0.4063548387096774 0.4108709677419355 0.4153870967741936 0.4199032258064516 0.4244193548387097 0.4289354838709677 0.4334516129032258 0.4379677419354839 0.4424838709677419 0.447
-2.570167475890409 -2.572421159894816 -2.574502070166893 -2.576414090401219 -2.578160825907208 -2.579745499783909 -2.581170901261862 -2.582439554523349 -2.583553724563203 -2.584515405162895 -2.585326311422188 -2.58598787723748 -2.586501252373245 -2.586867318042282 -2.587086704795454 -2.587159791580316 -2.587086704795454 -2.586867318042282 -2.586501252373245 -2.58598787723748 -2.585326311422188 -2.584515405162895 -2.583553724563203 -2.582439554523349 -2.581170901261862 -2.579745499783909 -2.578160825907208 -2.576414090401219 -2.574502070166893 -2.572421159894816 -2.570167475890409
-2.572421159894816 -2.574655550971536 -2.576718712268336 -2.578614579284482 -2.580346634995187 -2.581917932929124 -2.583331280956062 -2.584589230392504 -2.585694058101664 -2.586647741775404 -2.587451927966267 -2.588108001351753 -2.588617099717942 -2.588980109145474 -2.589197662153405 -2.589270137751303 -2.589197662153405 -2.588980109145474 -2.588617099717942 -2.588108001351753 -2.587451927966267 -2.586647741775404 -2.585694058101664 -2.584589230392504 -2.583331280956062 -2.581917932929124 -2.580346634995187 -2.578614579284482 -2.576718712268336 -2.574655550971536 -2.572421159894816
-2.574502070166893 -2.576718712268336 -2.578765654526193 -2.580646675411502 -2.582365102599841 -2.583924031945097 -2.585326311422188 -2.586574507593386 -2.58767080889309 -2.588617099717942 -2.589415025884997 -2.59006598385651 -2.590571113684095 -2.590931296942956 -2.591147158667646 -2.591219071352917 -2.591147158667646 -2.590931296942956 -2.590571113684095 -2.59006598385651 -2.589415025884997 -2.588617099717942 -2.58767080889309 -2.586574507593386 -2.585326311422188 -2.583924031945097 -2.582365102599841 -2.580646675411502 -2.578765654526193 -2.576718712268336 -2.574502070166893
-2.576414090401219 -2.578614579284482 -2.580646675411502 -2.582513984655761 -2.584219890225479 -2.585767544348307 -2.587159791580332 -2.588399041205605 -2.589487438437659 -2.590426895059341 -2.591219071352917 -2.591865363734657 -2.592366899281505 -2.592724533902488 -2.592938871807489 -2.593010277206413 -2.592938871807489 -2.592724533902488 -2.592366899281505 -2.591865363734657 -2.591219071352917 -2.590426895059341 -2.589487438437659 -2.588399041205605 -2.587159791580332 -2.585767544348307 -2.584219890225479 -2.582513984655761 -2.580646675411502 -2.578614579284482 -2.576414090401219
-2.578160825907208 -2.580346634995187 -2.582365102599841 -2.584219890225479 -2.585914453921463 -2.587451927966267 -2.588834968563582 -2.59006598385651 -2.591147158667646 -2.592080428460488 -2.59286744611413 -2.593509545637714 -2.594007814931701 -2.594363108302606 -2.594576038772739 -2.594646974667381 -2.594576038772739 -2.594363108302606 -2.594007814931701 -2.593509545637714 -2.59286744611413 -2.592080428460488 -2.591147158667646 -2.59006598385651 -2.588834968563582 -2.587451927966267 -2.585914453921463 -2.584219890225479 -2.582365102599841 -2.580346634995187 -2.578160825907208
-2.579745499783909 -2.581917932929124 -2.583924031945097 -2.585767544348307 -2.587451927966267 -2.588980109145474 -2.590354754527111 -2.591578326880556 -2.592653047414291 -2.593580788216896 -2.594363108302627 -2.595001347316639 -2.595496611393875 -2.595849761370154 -2.596061408743831 -2.596131917625691 -2.596061408743831 -2.595849761370154 -2.595496611393875 -2.595001347316639 -2.594363108302627 -2.593580788216896 -2.592653047414291 -2.591578326880556 -2.590354754527111 -2.588980109145474 -2.587451927966267 -2.585767544348307 -2.583924031945097 -2.581917932929124 -2.579745499783909
-2.581170901261862 -2.583331280956062 -2.585326311422188 -2.587159791580332 -2.588834968563582 -2.590354754527111 -2.591721885989074 -2.592938871807489 -2.594007814931714 -2.594930513678523 -2.595708562175994 -2.596343324097045 -2.59683591124689 -2.597187172876899 -2.597397696711319 -2.597467832226972 -2.597397696711319 -2.597187172876899 -2.59683591124689 -2.596343324097045 -2.595708562175994 -2.594930513678523 -2.594007814931714 -2.592938871807489 -2.591721885989074 -2.590354754527111 -2.588834968563582 -2.587159791580332 -2.585326311422188 -2.583331280956062 -2.581170901261862
-2.582439554523349 -2.584589230392504 -2.586574507593386 -2.588399041205605 -2.59006598385651 -2.591578326880556 -2.592938871807489 -2.59414999365497 -2.595213725689374 -2.596131917625691 -2.596906202334841 -2.597537948125348 -2.598028206825724 -2.598377794933678 -2.598587307342626 -2.598657104603861 -2.598587307342626 -2.598377794933678 -2.598028206825724 -2.597537948125348 -2.596906202334841 -2.596131917625691 -2.595213725689374 -2.59414999365497 -2.592938871807489 -2.591578326880556 -2.59006598385651 -2.588399041205605 -2.586574507593386 -2.584589230392504 -2.582439554523349
-2.583553724563203 -2.585694058101664 -2.58767080889309 -2.589487438437659 -2.591147158667646 -2.592653047414291 -2.594007814931714 -2.595213725689374 -2.596272875258609 -2.597187172876914 -2.597958229336019 -2.598587307342626 -2.599075465156423 -2.599423545278279 -2.599632152975556 -2.599701649095658 -2.599632152975556 -2.599423545278279 -2.599075465156423 -2.598587307342626 -2.597958229336019 -2.597187172876914 -2.596272875258609 -2.595213725689374 -2.594007814931714 -2.592653047414291 -2.591147158667646 -2.589487438437659 -2.58767080889309 -2.585694058101664 -2.583553724563203
-2.584515405162895 -2.586647741775404 -2.588617099717942 -2.590426895059341 -2.592080428460488 -2.593580788216896 -2.594930513678523 -2.596131917625691 -2.597187172876914 -2.59809816440008 -2.598866375562201 -2.599493101126518 -2.599979436753411 -2.600326237476112 -2.600534094436801 -2.600603343236167 -2.600534094436801 -2.600326237476112 -2.599979436753411 -2.599493101126518 -2.598866375562201 -2.59809816440008 -2.597187172876914 -2.596131917625691 -2.594930513678523 -2.593580788216896 -2.592080428460488 -2.590426895059341 -2.588617099717942 -2.586647741775404 -2.584515405162895
-2.585326311422188 -2.587451927966267 -2.589415025884997 -2.591219071352917 -2.59286744611413 -2.594363108302627 -2.595708562175994 -2.596906202334841 -2.597958229336019 -2.598866375562201 -2.599632152975556 -2.600256915060518 -2.600741784711174 -2.60108755410686 -2.601294780607847 -2.601363816062967 -2.601294780607847 -2.60108755410686 -2.600741784711174 -2.600256915060518 -2.599632152975556 -2.598866375562201 -2.597958229336019 -2.596906202334841 -2.595708562175994 -2.594363108302627 -2.59286744611413 -2.591219071352917 -2.589415025884997 -2.587451927966267 -2.585326311422188
-2.58598787723748 -2.588108001351753 -2.59006598385651 -2.591865363734657 -2.593509545637714 -2.595001347316639 -2.596343324097045 -2.597537948125348 -2.598587307342626 -2.599493101126518 -2.600256915060518 -2.600880150371257 -2.601363816062967 -2.601708687573526 -2.601915363267077 -2.601984213997035 -2.601915363267077 -2.601708687573526 -2.601363816062967 -2.600880150371257 -2.600256915060518 -2.599493101126518 -2.598587307342626 -2.597537948125348 -2.596343324097045 -2.595001347316639 -2.593509545637714 -2.591865363734657 -2.59006598385651 -2.588108001351753 -2.58598787723748
-2.586501252373245 -2.588617099717942 -2.590571113684095 -2.592366899281505 -2.594007814931701 -2.595496611393875 -2.59683591124689 -2.598028206825724 -2.599075465156423 -2.599979436753411 -2.600741784711174 -2.601363816062967 -2.60184649200996 -2.602190645352729 -2.602396906833276 -2.60246562777954 -2.602396906833276 -2.602190645352729 -2.60184649200996 -2.601363816062967 -2.600741784711174 -2.599979436753411 -2.599075465156423 -2.598028206825724 -2.59683591124689 -2.595496611393875 -2.594007814931701 -2.592366899281505 -2.590571113684095 -2.588617099717942 -2.586501252373245
-2.586867318042282 -2.588980109145474 -2.590931296942956 -2.592724533902488 -2.594363108302606 -2.595849761370154 -2.597187172876899 -2.598377794933678 -2.599423545278279 -2.600326237476112 -2.60108755410686 -2.601708687573526 -2.602190645352729 -2.602534333304673 -2.60274034795396 -2.602808981329847 -2.60274034795396 -2.602534333304673 -2.602190645352729 -2.601708687573526 -2.60108755410686 -2.600326237476112 -2.599423545278279 -2.598377794933678 -2.597187172876899 -2.595849761370154 -2.594363108302606 -2.592724533902488 -2.590931296942956 -2.588980109145474 -2.586867318042282
-2.587086704795454 -2.589197662153405 -2.591147158667646 -2.592938871807489 -2.594576038772739 -2.596061408743831 -2.597397696711319 -2.598587307342626 -2.599632152975556 -2.600534094436801 -2.601294780607847 -2.601915363267077 -2.602396906833276 -2.60274034795396 -2.602946179315571 -2.603014737678324 -2.602946179315571 -2.60274034795396 -2.602396906833276 -2.601915363267077 -2.601294780607847 -2.600534094436801 -2.599632152975556 -2.598587307342626 -2.597397696711319 -2.596061408743831 -2.594576038772739 -2.592938871807489 -2.591147158667646 -2.589197662153405 -2.587086704795454
-2.587159791580316 -2.589270137751303 -2.591219071352917 -2.593010277206413 -2.594646974667381 -2.596131917625691 -2.597467832226972 -2.598657104603861 -2.599701649095658 -2.600603343236167 -2.601363816062967 -2.601984213997035 -2.60246562777954 -2.602808981329847 -2.603014737678324 -2.603083280931339 -2.603014737678324 -2.602808981329847 -2.60246562777954 -2.601984213997035 -2.601363816062967 -2.600603343236167 -2.599701649095658 -2.598657104603861 -2.597467832226972 -2.596131917625691 -2.594646974667381 -2.593010277206413 -2.591219071352917 -2.589270137751303 -2.587159791580316
-2.587086704795454 -2.589197662153405 -2.591147158667646 -2.592938871807489 -2.594576038772739 -2.596061408743831 -2.597397696711319 -2.598587307342626 -2.599632152975556 -2.600534094436801 -2.601294780607847 -2.601915363267077 -2.602396906833276 -2.60274034795396 -2.602946179315571 -2.603014737678324 -2.602946179315571 -2.60274034795396 -2.602396906833276 -2.601915363267077 -2.601294780607847 -2.600534094436801 -2.599632152975556 -2.598587307342626 -2.597397696711319 -2.596061408743831 -2.594576038772739 -2.592938871807489 -2.591147158667646 -2.589197662153405 -2.587086704795454
-2.586867318042282 -2.588980109145474 -2.590931296942956 -2.592724533902488 -2.594363108302606 -2.595849761370154 -2.597187172876899 -2.598377794933678 -2.599423545278279 -2.600326237476112 -2.60108755410686 -2.601708687573526 -2.602190645352729 -2.602534333304673 -2.60274034795396 -2.602808981329847 -2.60274034795396 -2.602534333304673 -2.602190645352729 -2.601708687573526 -2.60108755410686 -2.600326237476112 -2.599423545278279 -2.598377794933678 -2.597187172876899 -2.595849761370154 -2.594363108302606 -2.592724533902488 -2.590931296942956 -2.588980109145474 -2.586867318042282
-2.586501252373245 -2.588617099717942 -2.590571113684095 -2.592366899281505 -2.594007814931701 -2.595496611393875 -2.59683591124689 -2.598028206825724 -2.599075465156423 -2.599979436753411 -2.600741784711174 -2.601363816062967 -2.60184649200996 -2.602190645352729 -2.602396906833276 -2.60246562777954 -2.602396906833276 -2.602190645352729 -2.60184649200996 -2.601363816062967 -2.600741784711174 -2.599979436753411 -2.599075465156423 -2.598028206825724 -2.59683591124689 -2.595496611393875 -2.594007814931701 -2.592366899281505 -2.590571113684095 -2.588617099717942 -2.586501252373245
-2.58598787723748 -2.588108001351753 -2.59006598385651 -2.591865363734657 -2.593509545637714 -2.595001347316639 -2.596343324097045 -2.597537948125348 -2.598587307342626 -2.599493101126518 -2.600256915060518 -2.600880150371257 -2.601363816062967 -2.601708687573526 -2.601915363267077 -2.601984213997035 -2.601915363267077 -2.601708687573526 -2.601363816062967 -2.600880150371257 -2.600256915060518 -2.599493101126518 -2.598587307342626 -2.597537948125348 -2.596343324097045 -2.595001347316639 -2.593509545637714 -2.591865363734657 -2.59006598385651 -2.588108001351753 -2.58598787723748
-2.585326311422188 -2.587451927966267 -2.589415025884997 -2.591219071352917 -2.59286744611413 -2.594363108302627 -2.595708562175994 -2.596906202334841 -2.597958229336019 -2.598866375562201 -2.599632152975556 -2.600256915060518 -2.600741784711174 -2.60108755410686 -2.601294780607847 -2.601363816062967 -2.601294780607847 -2.60108755410686 -2.600741784711174 -2.600256915060518 -2.599632152975556 -2.598866375562201 -2.597958229336019 -2.596906202334841 -2.595708562175994 -2.594363108302627 -2.59286744611413 -2.591219071352917 -2.589415025884997 -2.587451927966267 -2.585326311422188
-2.584515405162895 -2.586647741775404 -2.588617099717942 -2.590426895059341 -2.592080428460488 -2.593580788216896 -2.594930513678523 -2.596131917625691 -2.597187172876914 -2.59809816440008 -2.598866375562201 -2.599493101126518 -2.599979436753411 -2.600326237476112 -2.600534094436801 -2.600603343236167 -2.600534094436801 -2.600326237476112 -2.599979436753411 -2.599493101126518 -2.598866375562201 -2.59809816440008 -2.597187172876914 -2.596131917625691 -2.594930513678523 -2.593580788216896 -2.592080428460488 -2.590426895059341 -2.588617099717942 -2.586647741775404 -2.584515405162895
-2.583553724563203 -2.585694058101664 -2.58767080889309 -2.589487438437659 -2.591147158667646 -2.592653047414291 -2.594007814931714 -2.595213725689374 -2.596272875258609 -2.597187172876914 -2.597958229336019 -2.598587307342626 -2.599075465156423 -2.599423545278279 -2.599632152975556 -2.599701649095658 -2.599632152975556 -2.599423545278279 -2.599075465156423 -2.598587307342626 -2.597958229336019 -2.597187172876914 -2.596272875258609 -2.595213725689374 -2.594007814931714 -2.592653047414291 -2.591147158667646 -2.589487438437659 -2.58767080889309 -2.585694058101664 -2.583553724563203
-2.582439554523349 -2.584589230392504 -2.586574507593386 -2.588399041205605 -2.59006598385651 -2.591578326880556 -2.592938871807489 -2.59414999365497 -2.595213725689374 -2.596131917625691 -2.596906202334841 -2.597537948125348 -2.598028206825724 -2.598377794933678 -2.598587307342626 -2.598657104603861 -2.598587307342626 -2.598377794933678 -2.598028206825724 -2.597537948125348 -2.596906202334841 -2.596131917625691 -2.595213725689374 -2.59414999365497 -2.592938871807489 -2.591578326880556 -2.59006598385651 -2.588399041205605 -2.586574507593386 -2.584589230392504 -2.582439554523349
-2.581170901261862 -2.583331280956062 -2.585326311422188 -2.587159791580332 -2.588834968563582 -2.590354754527111 -2.591721885989074 -2.592938871807489 -2.594007814931714 -2.594930513678523 -2.595708562175994 -2.596343324097045 -2.59683591124689 -2.597187172876899 -2.597397696711319 -2.597467832226972 -2.597397696711319 -2.597187172876899 -2.59683591124689 -2.596343324097045 -2.595708562175994 -2.594930513678523 -2.594007814931714 -2.592938871807489 -2.591721885989074 -2.590354754527111 -2.588834968563582 -2.587159791580332 -2.585326311422188 -2.583331280956062 -2.581170901261862
-2.579745499783909 -2.581917932929124 -2.583924031945097 -2.585767544348307 -2.587451927966267 -2.588980109145474 -2.590354754527111 -2.591578326880556 -2.592653047414291 -2.593580788216896 -2.594363108302627 -2.595001347316639 -2.595496611393875 -2.595849761370154 -2.596061408743831 -2.596131917625691 -2.596061408743831 -2.595849761370154 -2.595496611393875 -2.595001347316639 -2.594363108302627 -2.593580788216896 -2.592653047414291 -2.591578326880556 -2.590354754527111 -2.588980109145474 -2.587451927966267 -2.585767544348307 -2.583924031945097 -2.581917932929124 -2.579745499783909
-2.578160825907208 -2.580346634995187 -2.582365102599841 -2.584219890225479 -2.585914453921463 -2.587451927966267 -2.588834968563582 -2.59006598385651 -2.591147158667646 -2.592080428460488 -2.59286744611413 -2.593509545637714 -2.594007814931701 -2.594363108302606 -2.594576038772739 -2.594646974667381 -2.594576038772739 -2.594363108302606 -2.594007814931701 -2.593509545637714 -2.59286744611413 -2.592080428460488 -2.591147158667646 -2.59006598385651 -2.588834968563582 -2.587451927966267 -2.585914453921463 -2.584219890225479 -2.582365102599841 -2.580346634995187 -2.578160825907208
-2.576414090401219 -2.578614579284482 -2.580646675411502 -2.582513984655761 -2.584219890225479 -2.585767544348307 -2.587159791580332 -2.588399041205605 -2.589487438437659 -2.590426895059341 -2.591219071352917 -2.591865363734657 -2.592366899281505 -2.592724533902488 -2.592938871807489 -2.593010277206413 -2.592938871807489 -2.592724533902488 -2.592366899281505 -2.591865363734657 -2.591219071352917 -2.590426895059341 -2.589487438437659 -2.588399041205605 -2.587159791580332 -2.585767544348307 -2.584219890225479 -2.582513984655761 -2.580646675411502 -2.578614579284482 -2.576414090401219
-2.574502070166893 -2.576718712268336 -2.578765654526193 -2.580646675411502 -2.582365102599841 -2.583924031945097 -2.585326311422188 -2.586574507593386 -2.58767080889309 -2.588617099717942 -2.589415025884997 -2.59006598385651 -2.590571113684095 -2.590931296942956 -2.591147158667646 -2.591219071352917 -2.591147158667646 -2.590931296942956 -2.590571113684095 -2.59006598385651 -2.589415025884997 -2.588617099717942 -2.58767080889309 -2.586574507593386 -2.585326311422188 -2.583924031945097 -2.582365102599841 -2.580646675411502 -2.578765654526193 -2.576718712268336 -2.574502070166893
-2.572421159894816 -2.574655550971536 -2.576718712268336 -2.578614579284482 -2.580346634995187 -2.581917932929124 -2.583331280956062 -2.584589230392504 -2.585694058101664 -2.586647741775404 -2.587451927966267 -2.588108001351753 -2.588617099717942 -2.588980109145474 -2.589197662153405 -2.589270137751303 -2.589197662153405 -2.588980109145474 -2.588617099717942 -2.588108001351753 -2.587451927966267 -2.586647741775404 -2.585694058101664 -2.584589230392504 -2.583331280956062 -2.581917932929124 -2.580346634995187 -2.578614579284482 -2.576718712268336 -2.574655550971536 -2.572421159894816
-2.570167475890409 -2.572421159894816 -2.574502070166893 -2.576414090401219 -2.578160825907208 -2.579745499783909 -2.581170901261862 -2.582439554523349 -2.583553724563203 -2.584515405162895 -2.585326311422188 -2.58598787723748 -2.586501252373245 -2.586867318042282 -2.587086704795454 -2.587159791580316 -2.587086704795454 -2.586867318042282 -2.586501252373245 -2.58598787723748 -2.585326311422188 -2.584515405162895 -2.583553724563203 -2.582439554523349 -2.581170901261862 -2.579745499783909 -2.578160825907208 -2.576414090401219 -2.574502070166893 -2.572421159894816 -2.570167475890409
-2.698942451138067 -2.699474746147772 -2.699974238444236 -2.700440007264421 -2.700871256579707 -2.701267297152688 -2.701627494825428 -2.701951274474179 -2.702238123327241 -2.702487587787707 -2.702699289087502 -2.702872920401585 -2.703008229438962 -2.703105019436297 -2.703163149710309 -2.703182535846154 -2.703163149710309 -2.703105019436297 -2.703008229438962 -2.702872920401585 -2.702699289087502 -2.702487587787707 -2.702238123327241 -2.701951274474179 -2.701627494825428 -2.701267297152688 -2.700871256579707 -2.700440007264421 -2.699974238444236 -2.699474746147772 -2.698942451138067
-2.699474746147772 -2.70001138568341 -2.700514818401201 -2.700984188208421 -2.70141874294409 -2.701817783145167 -2.702180667233226 -2.702506809997435 -2.702795704083204 -2.703046931368267 -2.703260127265885 -2.703434981963901 -2.703571241876014 -2.703668710240147 -2.703727247045108 -2.703746768592563 -2.703727247045108 -2.703668710240147 -2.703571241876014 -2.703434981963901 -2.703260127265885 -2.703046931368267 -2.702795704083204 -2.702506809997435 -2.702180667233226 -2.701817783145167 -2.70141874294409 -2.700984188208421 -2.700514818401201 -2.70001138568341 -2.699474746147772
-2.699974238444236 -2.700514818401201 -2.701021871735434 -2.701494583991856 -2.701932189744143 -2.702333978010388 -2.702699289087502 -2.703027578058678 -2.703318370031544 -2.703571241876024 -2.703785825585297 -2.703961810565243 -2.704098944663661 -2.704197033813056 -2.704255940466588 -2.70427558481505 -2.704255940466588 -2.704197033813056 -2.704098944663661 -2.703961810565243 -2.703785825585297 -2.703571241876024 -2.703318370031544 -2.703027578058678 -2.702699289087502 -2.702333978010388 -2.701932189744143 -2.701494583991856 -2.701021871735434 -2.700514818401201 -2.699974238444236
-2.700440007264421 -2.700984188208421 -2.701494583991856 -2.701970364040538 -2.702410745607866 -2.70281500113376 -2.703182535846154 -2.703512816763519 -2.703805361023114 -2.7040597406859 -2.704275584815043 -2.704452582640748 -2.704590496008635 -2.704689139297807 -2.704748378930782 -2.70476813443234 -2.704748378930782 -2.704689139297807 -2.704590496008635 -2.704452582640748 -2.704275584815043 -2.7040597406859 -2.703805361023114 -2.703512816763519 -2.703182535846154 -2.70281500113376 -2.702410745607866 -2.701970364040538 -2.701494583991856 -2.700984188208421 -2.700440007264421
-2.700871256579707 -2.70141874294409 -2.701932189744143 -2.702410745607866 -2.702853609292319 -2.703260127265885 -2.703629708933351 -2.703961810565243 -2.704255940466588 -2.704511661675456 -2.704728627909273 -2.704906548536038 -2.705045182732214 -2.705144341988798 -2.705203891435734 -2.705223750223992 -2.705203891435734 -2.705144341988798 -2.705045182732214 -2.704906548536038 -2.704728627909273 -2.704511661675456 -2.704255940466588 -2.703961810565243 -2.703629708933351 -2.703260127265885 -2.702853609292319 -2.702410745607866 -2.701932189744143 -2.70141874294409 -2.700871256579707
-2.701267297152688 -2.701817783145167 -2.702333978010388 -2.70281500113376 -2.703260127265885 -2.703668710240147 -2.704040145526638 -2.704373872712497 -2.704669401703292 -2.704926339938914 -2.705144341988805 -2.705323111345761 -2.705462404323328 -2.705562032225028 -2.705621861663609 -2.705641813532852 -2.705621861663609 -2.705562032225028 -2.705462404323328 -2.705323111345761 -2.705144341988805 -2.704926339938914 -2.704669401703292 -2.704373872712497 -2.704040145526638 -2.703668710240147 -2.703260127265885 -2.70281500113376 -2.702333978010388 -2.701817783145167 -2.701267297152688
-2.701627494825428 -2.702180667233226 -2.702699289087502 -2.703182535846154 -2.703629708933351 -2.704040145526638 -2.704413218814113 -2.704748378930782 -2.705045182732211 -2.705303230174517 -2.705522167844447 -2.705701695027472 -2.705841565149059 -2.70594159885463 -2.706001670210196 -2.706021702568836 -2.706001670210196 -2.70594159885463 -2.705841565149059 -2.705701695027472 -2.705522167844447 -2.705303230174517 -2.705045182732211 -2.704748378930782 -2.704413218814113 -2.704040145526638 -2.703629708933351 -2.703182535846154 -2.702699289087502 -2.702180667233226 -2.701627494825428
-2.701951274474179 -2.702506809997435 -2.703027578058678 -2.703512816763519 -2.703961810565243 -2.704373872712497 -2.704748378930782 -2.705084832954696 -2.705382781637815 -2.705641813532852 -2.705861563409365 -2.706041739227789 -2.706182116883477 -2.706282517178714 -2.706342809876582 -2.7063629162148 -2.706342809876582 -2.706282517178714 -2.706182116883477 -2.706041739227789 -2.705861563409365 -2.705641813532852 -2.705382781637815 -2.705084832954696 -2.704748378930782 -2.704373872712497 -2.703961810565243 -2.703512816763519 -2.703027578058678 -2.702506809997435 -2.701951274474179
-2.702238123327241 -2.702795704083204 -2.703318370031544 -2.703805361023114 -2.704255940466588 -2.704669401703292 -2.705045182732211 -2.705382781637815 -2.705681730282695 -2.705941598854636 -2.706162049914534 -2.706342809876582 -2.706483646393094 -2.706584375222128 -2.706644864604447 -2.70666503632966 -2.706644864604447 -2.706584375222128 -2.706483646393094 -2.706342809876582 -2.706162049914534 -2.705941598854636 -2.705681730282695 -2.705382781637815 -2.705045182732211 -2.704669401703292 -2.704255940466588 -2.703805361023114 -2.703318370031544 -2.702795704083204 -2.702238123327241
-2.702487587787707 -2.703046931368267 -2.703571241876024 -2.7040597406859 -2.704511661675456 -2.704926339938914 -2.705303230174517 -2.705641813532852 -2.705941598854636 -2.706202188208771 -2.706423261562853 -2.706604534033858 -2.706745765654667 -2.706846769271429 -2.706907418774158 -2.706927643316443 -2.706907418774158 -2.706846769271429 -2.706745765654667 -2.706604534033858 -2.706423261562853 -2.706202188208771 -2.705941598854636 -2.705641813532852 -2.705303230174517 -2.704926339938914 -2.704511661675456 -2.7040597406859 -2.703571241876024 -2.703046931368267 -2.702487587787707
-2.702699289087502 -2.703260127265885 -2.703785825585297 -2.704275584815043 -2.704728627909273 -2.705144341988805 -2.705522167844447 -2.705861563409365 -2.706162049914534 -2.706423261562853 -2.706644864604447 -2.706826560710845 -2.70696810464809 -2.707069330879061 -2.707130117845466 -2.70715038888234 -2.707130117845466 -2.707069330879061 -2.70696810464809 -2.706826560710845 -2.706644864604447 -2.706423261562853 -2.706162049914534 -2.705861563409365 -2.705522167844447 -2.705144341988805 -2.704728627909273 -2.704275584815043 -2.703785825585297 -2.703260127265885 -2.702699289087502
-2.702872920401585 -2.703434981963901 -2.703961810565243 -2.704452582640748 -2.704906548536038 -2.705323111345761 -2.705701695027472 -2.706041739227789 -2.706342809876582 -2.706604534033858 -2.706826560710845 -2.707008582517688 -2.70715038888234 -2.707251810502301 -2.707312717064627 -2.707333028147175 -2.707312717064627 -2.707251810502301 -2.70715038888234 -2.707008582517688 -2.706826560710845 -2.706604534033858 -2.706342809876582 -2.706041739227789 -2.705701695027472 -2.705323111345761 -2.704906548536038 -2.704452582640748 -2.703961810565243 -2.703434981963901 -2.702872920401585
-2.703008229438962 -2.703571241876014 -2.704098944663661 -2.704590496008635 -2.705045182732214 -2.705462404323328 -2.705841565149059 -2.706182116883477 -2.706483646393094 -2.706745765654667 -2.70696810464809 -2.70715038888234 -2.707292410413175 -2.707393987391246 -2.707454982757001 -2.707475321330636 -2.707454982757001 -2.707393987391246 -2.707292410413175 -2.70715038888234 -2.70696810464809 -2.706745765654667 -2.706483646393094 -2.706182116883477 -2.705841565149059 -2.705462404323328 -2.705045182732214 -2.704590496008635 -2.704098944663661 -2.703571241876014 -2.703008229438962
-2.703105019436297 -2.703668710240147 -2.704197033813056 -2.704689139297807 -2.705144341988798 -2.705562032225028 -2.70594159885463 -2.706282517178714 -2.706584375222128 -2.706846769271429 -2.707069330879061 -2.707251810502301 -2.707393987391246 -2.707495663263496 -2.707556711270037 -2.707577068920788 -2.707556711270037 -2.707495663263496 -2.707393987391246 -2.707251810502301 -2.707069330879061 -2.706846769271429 -2.706584375222128 -2.706282517178714 -2.70594159885463 -2.705562032225028 -2.705144341988798 -2.704689139297807 -2.704197033813056 -2.703668710240147 -2.703105019436297
-2.703163149710309 -2.703727247045108 -2.704255940466588 -2.704748378930782 -2.705203891435734 -2.705621861663609 -2.706001670210196 -2.706342809876582 -2.706644864604447 -2.706907418774158 -2.707130117845466 -2.707312717064627 -2.707454982757001 -2.707556711270037 -2.707617799191219 -2.707638173158377 -2.707617799191219 -2.707556711270037 -2.707454982757001 -2.707312717064627 -2.707130117845466 -2.706907418774158 -2.706644864604447 -2.706342809876582 -2.706001670210196 -2.705621861663609 -2.705203891435734 -2.704748378930782 -2.704255940466588 -2.703727247045108 -2.703163149710309
-2.703182535846154 -2.703746768592563 -2.70427558481505 -2.70476813443234 -2.705223750223992 -2.705641813532852 -2.706021702568836 -2.7063629162148 -2.70666503632966 -2.706927643316443 -2.70715038888234 -2.707333028147175 -2.707475321330636 -2.707577068920788 -2.707638173158377 -2.707658550286587 -2.707638173158377 -2.707577068920788 -2.707475321330636 -2.707333028147175 -2.70715038888234 -2.706927643316443 -2.70666503632966 -2.7063629162148 -2.706021702568836 -2.705641813532852 -2.705223750223992 -2.70476813443234 -2.70427558481505 -2.703746768592563 -2.703182535846154
-2.703163149710309 -2.703727247045108 -2.704255940466588 -2.704748378930782 -2.705203891435734 -2.705621861663609 -2.706001670210196 -2.706342809876582 -2.706644864604447 -2.706907418774158 -2.707130117845466 -2.707312717064627 -2.707454982757001 -2.707556711270037 -2.707617799191219 -2.707638173158377 -2.707617799191219 -2.707556711270037 -2.707454982757001 -2.707312717064627 -2.707130117845466 -2.706907418774158 -2.706644864604447 -2.706342809876582 -2.706001670210196 -2.705621861663609 -2.705203891435734 -2.704748378930782 -2.704255940466588 -2.703727247045108 -2.703163149710309
-2.703105019436297 -2.703668710240147 -2.704197033813056 -2.704689139297807 -2.705144341988798 -2.705562032225028 -2.70594159885463 -2.706282517178714 -2.706584375222128 -2.706846769271429 -2.707069330879061 -2.707251810502301 -2.707393987391246 -2.707495663263496 -2.707556711270037 -2.707577068920788 -2.707556711270037 -2.707495663263496 -2.707393987391246 -2.707251810502301 -2.707069330879061 -2.706846769271429 -2.706584375222128 -2.706282517178714 -2.70594159885463 -2.705562032225028 -2.705144341988798 -2.704689139297807 -2.704197033813056 -2.703668710240147 -2.703105019436297
-2.703008229438962 -2.703571241876014 -2.704098944663661 -2.704590496008635 -2.705045182732214 -2.705462404323328 -2.705841565149059 -2.706182116883477 -2.706483646393094 -2.706745765654667 -2.70696810464809 -2.70715038888234 -2.707292410413175 -2.707393987391246 -2.707454982757001 -2.707475321330636 -2.707454982757001 -2.707393987391246 -2.707292410413175 -2.70715038888234 -2.70696810464809 -2.706745765654667 -2.706483646393094 -2.706182116883477 -2.705841565149059 -2.705462404323328 -2.705045182732214 -2.704590496008635 -2.704098944663661 -2.703571241876014 -2.703008229438962
-2.702872920401585 -2.703434981963901 -2.703961810565243 -2.704452582640748 -2.704906548536038 -2.705323111345761 -2.705701695027472 -2.706041739227789 -2.706342809876582 -2.706604534033858 -2.706826560710845 -2.707008582517688 -2.70715038888234 -2.707251810502301 -2.707312717064627 -2.707333028147175 -2.707312717064627 -2.707251810502301 -2.70715038888234 -2.707008582517688 -2.706826560710845 -2.706604534033858 -2.706342809876582 -2.706041739227789 -2.705701695027472 -2.705323111345761 -2.704906548536038 -2.704452582640748 -2.703961810565243 -2.703434981963901 -2.702872920401585
-2.702699289087502 -2.703260127265885 -2.703785825585297 -2.704275584815043 -2.704728627909273 -2.705144341988805 -2.705522167844447 -2.705861563409365 -2.706162049914534 -2.706423261562853 -2.706644864604447 -2.706826560710845 -2.70696810464809 -2.707069330879061 -2.707130117845466 -2.70715038888234 -2.707130117845466 -2.707069330879061 -2.70696810464809 -2.706826560710845 -2.706644864604447 -2.706423261562853 -2.706162049914534 -2.705861563409365 -2.705522167844447 -2.705144341988805 -2.704728627909273 -2.704275584815043 -2.703785825585297 -2.703260127265885 -2.702699289087502
-2.702487587787707 -2.703046931368267 -2.703571241876024 -2.7040597406859 -2.704511661675456 -2.704926339938914 -2.705303230174517 -2.705641813532852 -2.705941598854636 -2.706202188208771 -2.706423261562853 -2.706604534033858 -2.706745765654667 -2.706846769271429 -2.706907418774158 -2.706927643316443 -2.706907418774158 -2.706846769271429 -2.706745765654667 -2.706604534033858 -2.706423261562853 -2.706202188208771 -2.705941598854636 -2.705641813532852 -2.705303230174517 -2.704926339938914 -2.704511661675456 -2.7040597406859 -2.703571241876024 -2.703046931368267 -2.702487587787707
-2.702238123327241 -2.702795704083204 -2.703318370031544 -2.703805361023114 -2.704255940466588 -2.704669401703292 -2.705045182732211 -2.705382781637815 -2.705681730282695 -2.705941598854636 -2.706162049914534 -2.706342809876582 -2.706483646393094 -2.706584375222128 -2.706644864604447 -2.70666503632966 -2.706644864604447 -2.706584375222128 -2.706483646393094 -2.706342809876582 -2.706162049914534 -2.705941598854636 -2.705681730282695 -2.705382781637815 -2.705045182732211 -2.704669401703292 -2.704255940466588 -2.703805361023114 -2.703318370031544 -2.702795704083204 -2.702238123327241
-2.701951274474179 -2.702506809997435 -2.703027578058678 -2.703512816763519 -2.703961810565243 -2.704373872712497 -2.704748378930782 -2.705084832954696 -2.705382781637815 -2.705641813532852 -2.705861563409365 -2.706041739227789 -2.706182116883477 -2.706282517178714 -2.706342809876582 -2.7063629162148 -2.706342809876582 -2.706282517178714 -2.706182116883477 -2.706041739227789 -2.705861563409365 -2.705641813532852 -2.705382781637815 -2.705084832954696 -2.704748378930782 -2.704373872712497 -2.703961810565243 -2.703512816763519 -2.703027578058678 -2.702506809997435 -2.701951274474179
-2.701627494825428 -2.702180667233226 -2.702699289087502 -2.703182535846154 -2.703629708933351 -2.704040145526638 -2.704413218814113 -2.704748378930782 -2.705045182732211 -2.705303230174517 -2.705522167844447 -2.705701695027472 -2.705841565149059 -2.70594159885463 -2.706001670210196 -2.706021702568836 -2.706001670210196 -2.70594159885463 -2.705841565149059 -2.705701695027472 -2.705522167844447 -2.705303230174517 -2.705045182732211 -2.704748378930782 -2.704413218814113 -2.704040145526638 -2.703629708933351 -2.703182535846154 -2.702699289087502 -2.702180667233226 -2.701627494825428
-2.701267297152688 -2.701817783145167 -2.702333978010388 -2.70281500113376 -2.703260127265885 -2.703668710240147 -2.704040145526638 -2.704373872712497 -2.704669401703292 -2.704926339938914 -2.705144341988805 -2.705323111345761 -2.705462404323328 -2.705562032225028 -2.705621861663609 -2.705641813532852 -2.705621861663609 -2.705562032225028 -2.705462404323328 -2.705323111345761 -2.705144341988805 -2.704926339938914 -2.704669401703292 -2.704373872712497 -2.704040145526638 -2.703668710240147 -2.703260127265885 -2.70281500113376 -2.702333978010388 -2.701817783145167 -2.701267297152688
-2.700871256579707 -2.70141874294409 -2.701932189744143 -2.702410745607866 -2.702853609292319 -2.703260127265885 -2.703629708933351 -2.703961810565243 -2.704255940466588 -2.704511661675456 -2.704728627909273 -2.704906548536038 -2.705045182732214 -2.705144341988798 -2.705203891435734 -2.705223750223992 -2.705203891435734 -2.705144341988798 -2.705045182732214 -2.704906548536038 -2.704728627909273 -2.704511661675456 -2.704255940466588 -2.703961810565243 -2.703629708933351 -2.703260127265885 -2.702853609292319 -2.702410745607866 -2.701932189744143 -2.70141874294409 -2.700871256579707
-2.700440007264421 -2.700984188208421 -2.701494583991856 -2.701970364040538 -2.702410745607866 -2.70281500113376 -2.703182535846154 -2.703512816763519 -2.703805361023114 -2.7040597406859 -2.704275584815043 -2.704452582640748 -2.704590496008635 -2.704689139297807 -2.704748378930782 -2.70476813443234 -2.704748378930782 -2.704689139297807 -2.704590496008635 -2.704452582640748 -2.704275584815043 -2.7040597406859 -2.703805361023114 -2.703512816763519 -2.703182535846154 -2.70281500113376 -2.702410745607866 -2.701970364040538 -2.701494583991856 -2.700984188208421 -2.700440007264421
-2.699974238444236 -2.700514818401201 -2.701021871735434 -2.701494583991856 -2.701932189744143 -2.702333978010388 -2.702699289087502 -2.703027578058678 -2.703318370031544 -2.703571241876024 -2.703785825585297 -2.703961810565243 -2.704098944663661 -2.704197033813056 -2.704255940466588 -2.70427558481505 -2.704255940466588 -2.704197033813056 -2.704098944663661 -2.703961810565243 -2.703785825585297 -2.703571241876024 -2.703318370031544 -2.703027578058678 -2.702699289087502 -2.702333978010388 -2.701932189744143 -2.701494583991856 -2.701021871735434 -2.700514818401201 -2.699974238444236
-2.699474746147772 -2.70001138568341 -2.700514818401201 -2.700984188208421 -2.70141874294409 -2.701817783145167 -2.702180667233226 -2.702506809997435 -2.702795704083204 -2.703046931368267 -2.703260127265885 -2.703434981963901 -2.703571241876014 -2.703668710240147 -2.703727247045108 -2.703746768592563 -2.703727247045108 -2.703668710240147 -2.703571241876014 -2.703434981963901 -2.703260127265885 -2.703046931368267 -2.702795704083204 -2.702506809997435 -2.702180667233226 -2.701817783145167 -2.70141874294409 -2.700984188208421 -2.700514818401201 -2.70001138568341 -2.699474746147772
-2.698942451138067 -2.699474746147772 -2.699974238444236 -2.700440007264421 -2.700871256579707 -2.701267297152688 -2.701627494825428 -2.701951274474179 -2.702238123327241 -2.702487587787707 -2.702699289087502 -2.702872920401585 -2.703008229438962 -2.703105019436297 -2.703163149710309 -2.703182535846154 -2.703163149710309 -2.703105019436297 -2.703008229438962 -2.702872920401585 -2.702699289087502 -2.702487587787707 -2.702238123327241 -2.701951274474179 -2.701627494825428 -2.701267297152688 -2.700871256579707 -2.700440007264421 -2.699974238444236 -2.699474746147772 -2.698942451138067
-2.903921739485237 -2.90384037029999 -2.903765073337672 -2.903695761227647 -2.903632350326296 -2.903574760258198 -2.903522914427486 -2.90347673876966 -2.903436162991981 -2.903401126388233 -2.903371575029082 -2.903347462233459 -2.903328749070807 -2.903315404793656 -2.903307407185573 -2.903304742814365 -2.903307407185573 -2.903315404793656 -2.903328749070807 -2.903347462233459 -2.903371575029082 -2.903401126388233 -2.903436162991981 -2.90347673876966 -2.903522914427486 -2.903574760258198 -2.903632350326296 -2.903695761227647 -2.903765073337672 -2.90384037029999 -2.903921739485237
-2.90384037029999 -2.903759513796656 -2.903684708431818 -2.903615865760265 -2.903552899993564 -2.903495728030453 -2.90344426545885 -2.903398436283506 -2.903358171699248 -2.90332340912551 -2.903294092843227 -2.903270174596975 -2.903251614136536 -2.903238379675949 -2.903230448254796 -2.90322780599532 -2.903230448254796 -2.903238379675949 -2.903251614136536 -2.903270174596975 -2.903294092843227 -2.90332340912551 -2.903358171699248 -2.903398436283506 -2.90344426545885 -2.903495728030453 -2.903552899993564 -2.903615865760265 -2.903684708431818 -2.903759513796656 -2.90384037029999
-2.903765073337672 -2.903684708431818 -2.903610376253963 -2.903541986411424 -2.903479449433717 -2.903422673084886 -2.903371575029087 -2.903326078726318 -2.903286113278207 -2.903251614136535 -2.903222523802724 -2.903198791517433 -2.903180375658441 -2.903167244514352 -2.903159375109334 -2.903156753527751 -2.903159375109334 -2.903167244514352 -2.903180375658441 -2.903198791517433 -2.903222523802724 -2.903251614136535 -2.903286113278207 -2.903326078726318 -2.903371575029087 -2.903422673084886 -2.903479449433717 -2.903541986411424 -2.903610376253963 -2.903684708431818 -2.903765073337672
-2.903695761227647 -2.903615865760265 -2.903541986411424 -2.903474028803509 -2.903411894001009 -2.903355493230436 -2.90330474281438 -2.90325956403094 -2.903219883861741 -2.90318563350495 -2.903156753527771 -2.903133194455739 -2.903114914829634 -2.903101881797639 -2.903094071577337 -2.903091469776367 -2.903094071577337 -2.903101881797639 -2.903114914829634 -2.903133194455739 -2.903156753527771 -2.90318563350495 -2.903219883861741 -2.90325956403094 -2.90330474281438 -2.903355493230436 -2.903411894001009 -2.903474028803509 -2.903541986411424 -2.903615865760265 -2.903695761227647
