31 -0.0015 -0.0014 -0.0013 -0.0012 -0.0011 -0.001 -0.0009000000000000001 -0.0008 -0.0007 -0.0006000000000000001 -0.0005 -0.0004 -0.0003 -0.0002 -0.0001 0 0.0001 0.0002 0.0003 0.0004 0.0005 0.0006000000000000001 0.0007 0.0008 0.0009000000000000001 0.001 0.0011 0.0012 0.0013 0.0014 0.0015
31 -0.0015 -0.0014 -0.0013 -0.0012 -0.0011 -0.001 -0.0009000000000000001 -0.0008 -0.0007 -0.0006000000000000001 -0.0005 -0.0004 -0.0003 -0.0002 -0.0001 0 0.0001 0.0002 0.0003 0.0004 0.0005 0.0006000000000000001 0.0007 0.0008 0.0009000000000000001 0.001 0.0011 0.0012 0.0013 0.0014 0.0015
16 0.307 0.3163333333333334 0.3256666666666667 0.335 0.3443333333333333 0.3536666666666667 0.363 0.3723333333333333 0.3816666666666667 0.391 0.4003333333333333 0.4096666666666667 0.419 0.4283333333333333 0.4376666666666666 0.447
-2.570167475890409 -2.572421159894816 -2.574502070166893 -2.576414090401219 -2.578160825907208 -2.579745499783909 -2.581170901261862 -2.582439554523349 -2.583553724563203 -2.584515405162895 -2.585326311422188 -2.58598787723748 -2.586501252373245 -2.586867318042282 -2.587086704795454 -2.587159791580316 -2.587086704795454 -2.586867318042282 -2.586501252373245 -2.58598787723748 -2.585326311422188 -2.584515405162895 -2.583553724563203 -2.582439554523349 -2.581170901261862 -2.579745499783909 -2.578160825907208 -2.576414090401219 -2.574502070166893 -2.572421159894816 -2.570167475890409
-2.572421159894816 -2.574655550971536 -2.576718712268336 -2.578614579284482 -2.580346634995187 -2.581917932929124 -2.583331280956062 -2.584589230392504 -2.585694058101664 -2.586647741775404 -2.587451927966267 -2.588108001351753 -2.588617099717942 -2.588980109145474 -2.589197662153405 -2.589270137751303 -2.589197662153405 -2.588980109145474 -2.588617099717942 -2.588108001351753 -2.587451927966267 -2.586647741775404 -2.585694058101664 -2.584589230392504 -2.583331280956062 -2.581917932929124 -2.580346634995187 -2.578614579284482 -2.576718712268336 -2.574655550971536 -2.572421159894816
-2.574502070166893 -2.576718712268336 -2.578765654526193 -2.580646675411502 -2.582365102599841 -2.583924031945097 -2.585326311422188 -2.586574507593386 -2.58767080889309 -2.588617099717942 -2.589415025884997 -2.59006598385651 -2.590571113684095 -2.590931296942956 -2.591147158667646 -2.591219071352917 -2.591147158667646 -2.590931296942956 -2.590571113684095 -2.59006598385651 -2.589415025884997 -2.588617099717942 -2.58767080889309 -2.586574507593386 -2.585326311422188 -2.583924031945097 -2.582365102599841 -2.580646675411502 -2.578765654526193 -2.576718712268336 -2.574502070166893
-2.576414090401219 -2.578614579284482 -2.580646675411502 -2.582513984655761 -2.584219890225479 -2.585767544348307 -2.587159791580332 -2.588399041205605 -2.589487438437659 -2.590426895059341 -2.591219071352917 -2.591865363734657 -2.592366899281505 -2.592724533902488 -2.592938871807489 -2.593010277206413 -2.592938871807489 -2.592724533902488 -2.592366899281505 -2.591865363734657 -2.591219071352917 -2.590426895059341 -2.589487438437659 -2.588399041205605 -2.587159791580332 -2.585767544348307 -2.584219890225479 -2.582513984655761 -2.580646675411502 -2.578614579284482 -2.576414090401219
-2.578160825907208 -2.580346634995187 -2.582365102599841 -2.584219890225479 -2.585914453921463 -2.587451927966267 -2.588834968563582 -2.59006598385651 -2.591147158667646 -2.592080428460488 -2.59286744611413 -2.593509545637714 -2.594007814931701 -2.594363108302606 -2.594576038772739 -2.594646974667381 -2.594576038772739 -2.594363108302606 -2.594007814931701 -2.593509545637714 -2.59286744611413 -2.592080428460488 -2.591147158667646 -2.59006598385651 -2.588834968563582 -2.587451927966267 -2.585914453921463 -2.584219890225479 -2.582365102599841 -2.580346634995187 -2.578160825907208
-2.579745499783909 -2.581917932929124 -2.583924031945097 -2.585767544348307 -2.587451927966267 -2.588980109145474 -2.590354754527111 -2.591578326880556 -2.592653047414291 -2.593580788216896 -2.594363108302627 -2.595001347316639 -2.595496611393875 -2.595849761370154 -2.596061408743831 -2.596131917625691 -2.596061408743831 -2.595849761370154 -2.595496611393875 -2.595001347316639 -2.594363108302627 -2.593580788216896 -2.592653047414291 -2.591578326880556 -2.590354754527111 -2.588980109145474 -2.587451927966267 -2.585767544348307 -2.583924031945097 -2.581917932929124 -2.579745499783909
-2.581170901261862 -2.583331280956062 -2.585326311422188 -2.587159791580332 -2.588834968563582 -2.590354754527111 -2.591721885989074 -2.592938871807489 -2.594007814931714 -2.594930513678523 -2.595708562175994 -2.596343324097045 -2.59683591124689 -2.597187172876899 -2.597397696711319 -2.597467832226972 -2.597397696711319 -2.597187172876899 -2.59683591124689 -2.596343324097045 -2.595708562175994 -2.594930513678523 -2.594007814931714 -2.592938871807489 -2.591721885989074 -2.590354754527111 -2.588834968563582 -2.587159791580332 -2.585326311422188 -2.583331280956062 -2.581170901261862
-2.582439554523349 -2.584589230392504 -2.586574507593386 -2.588399041205605 -2.59006598385651 -2.591578326880556 -2.592938871807489 -2.59414999365497 -2.595213725689374 -2.596131917625691 -2.596906202334841 -2.597537948125348 -2.598028206825724 -2.598377794933678 -2.598587307342626 -2.598657104603861 -2.598587307342626 -2.598377794933678 -2.598028206825724 -2.597537948125348 -2.596906202334841 -2.596131917625691 -2.595213725689374 -2.59414999365497 -2.592938871807489 -2.591578326880556 -2.59006598385651 -2.588399041205605 -2.586574507593386 -2.584589230392504 -2.582439554523349
-2.583553724563203 -2.585694058101664 -2.58767080889309 -2.589487438437659 -2.591147158667646 -2.592653047414291 -2.594007814931714 -2.595213725689374 -2.596272875258609 -2.597187172876914 -2.597958229336019 -2.598587307342626 -2.599075465156423 -2.599423545278279 -2.599632152975556 -2.599701649095658 -2.599632152975556 -2.599423545278279 -2.599075465156423 -2.598587307342626 -2.597958229336019 -2.597187172876914 -2.596272875258609 -2.595213725689374 -2.594007814931714 -2.592653047414291 -2.591147158667646 -2.589487438437659 -2.58767080889309 -2.585694058101664 -2.583553724563203
-2.584515405162895 -2.586647741775404 -2.588617099717942 -2.590426895059341 -2.592080428460488 -2.593580788216896 -2.594930513678523 -2.596131917625691 -2.597187172876914 -2.59809816440008 -2.598866375562201 -2.599493101126518 -2.599979436753411 -2.600326237476112 -2.600534094436801 -2.600603343236167 -2.600534094436801 -2.600326237476112 -2.599979436753411 -2.599493101126518 -2.598866375562201 -2.59809816440008 -2.597187172876914 -2.596131917625691 -2.594930513678523 -2.593580788216896 -2.592080428460488 -2.590426895059341 -2.588617099717942 -2.586647741775404 -2.584515405162895
-2.585326311422188 -2.587451927966267 -2.589415025884997 -2.591219071352917 -2.59286744611413 -2.594363108302627 -2.595708562175994 -2.596906202334841 -2.597958229336019 -2.598866375562201 -2.599632152975556 -2.600256915060518 -2.600741784711174 -2.60108755410686 -2.601294780607847 -2.601363816062967 -2.601294780607847 -2.60108755410686 -2.600741784711174 -2.600256915060518 -2.599632152975556 -2.598866375562201 -2.597958229336019 -2.596906202334841 -2.595708562175994 -2.594363108302627 -2.59286744611413 -2.591219071352917 -2.589415025884997 -2.587451927966267 -2.585326311422188
-2.58598787723748 -2.588108001351753 -2.59006598385651 -2.591865363734657 -2.593509545637714 -2.595001347316639 -2.596343324097045 -2.597537948125348 -2.598587307342626 -2.599493101126518 -2.600256915060518 -2.600880150371257 -2.601363816062967 -2.601708687573526 -2.601915363267077 -2.601984213997035 -2.601915363267077 -2.601708687573526 -2.601363816062967 -2.600880150371257 -2.600256915060518 -2.599493101126518 -2.598587307342626 -2.597537948125348 -2.596343324097045 -2.595001347316639 -2.593509545637714 -2.591865363734657 -2.59006598385651 -2.588108001351753 -2.58598787723748
-2.586501252373245 -2.588617099717942 -2.590571113684095 -2.592366899281505 -2.594007814931701 -2.595496611393875 -2.59683591124689 -2.598028206825724 -2.599075465156423 -2.599979436753411 -2.600741784711174 -2.601363816062967 -2.60184649200996 -2.602190645352729 -2.602396906833276 -2.60246562777954 -2.602396906833276 -2.602190645352729 -2.60184649200996 -2.601363816062967 -2.600741784711174 -2.599979436753411 -2.599075465156423 -2.598028206825724 -2.59683591124689 -2.595496611393875 -2.594007814931701 -2.592366899281505 -2.590571113684095 -2.588617099717942 -2.586501252373245
-2.586867318042282 -2.588980109145474 -2.590931296942956 -2.592724533902488 -2.594363108302606 -2.595849761370154 -2.597187172876899 -2.598377794933678 -2.599423545278279 -2.600326237476112 -2.60108755410686 -2.601708687573526 -2.602190645352729 -2.602534333304673 -2.60274034795396 -2.602808981329847 -2.60274034795396 -2.602534333304673 -2.602190645352729 -2.601708687573526 -2.60108755410686 -2.600326237476112 -2.599423545278279 -2.598377794933678 -2.597187172876899 -2.595849761370154 -2.594363108302606 -2.592724533902488 -2.590931296942956 -2.588980109145474 -2.586867318042282
-2.587086704795454 -2.589197662153405 -2.591147158667646 -2.592938871807489 -2.594576038772739 -2.596061408743831 -2.597397696711319 -2.598587307342626 -2.599632152975556 -2.600534094436801 -2.601294780607847 -2.601915363267077 -2.602396906833276 -2.60274034795396 -2.602946179315571 -2.603014737678324 -2.602946179315571 -2.60274034795396 -2.602396906833276 -2.601915363267077 -2.601294780607847 -2.600534094436801 -2.599632152975556 -2.598587307342626 -2.597397696711319 -2.596061408743831 -2.594576038772739 -2.592938871807489 -2.591147158667646 -2.589197662153405 -2.587086704795454
-2.587159791580316 -2.589270137751303 -2.591219071352917 -2.593010277206413 -2.594646974667381 -2.596131917625691 -2.597467832226972 -2.598657104603861 -2.599701649095658 -2.600603343236167 -2.601363816062967 -2.601984213997035 -2.60246562777954 -2.602808981329847 -2.603014737678324 -2.603083280931339 -2.603014737678324 -2.602808981329847 -2.60246562777954 -2.601984213997035 -2.601363816062967 -2.600603343236167 -2.599701649095658 -2.598657104603861 -2.597467832226972 -2.596131917625691 -2.594646974667381 -2.593010277206413 -2.591219071352917 -2.589270137751303 -2.587159791580316
-2.587086704795454 -2.589197662153405 -2.591147158667646 -2.592938871807489 -2.594576038772739 -2.596061408743831 -2.597397696711319 -2.598587307342626 -2.599632152975556 -2.600534094436801 -2.601294780607847 -2.601915363267077 -2.602396906833276 -2.60274034795396 -2.602946179315571 -2.603014737678324 -2.602946179315571 -2.60274034795396 -2.602396906833276 -2.601915363267077 -2.601294780607847 -2.600534094436801 -2.599632152975556 -2.598587307342626 -2.597397696711319 -2.596061408743831 -2.594576038772739 -2.592938871807489 -2.591147158667646 -2.589197662153405 -2.587086704795454
-2.586867318042282 -2.588980109145474 -2.590931296942956 -2.592724533902488 -2.594363108302606 -2.595849761370154 -2.597187172876899 -2.598377794933678 -2.599423545278279 -2.600326237476112 -2.60108755410686 -2.601708687573526 -2.602190645352729 -2.602534333304673 -2.60274034795396 -2.602808981329847 -2.60274034795396 -2.602534333304673 -2.602190645352729 -2.601708687573526 -2.60108755410686 -2.600326237476112 -2.599423545278279 -2.598377794933678 -2.597187172876899 -2.595849761370154 -2.594363108302606 -2.592724533902488 -2.590931296942956 -2.588980109145474 -2.586867318042282
-2.586501252373245 -2.588617099717942 -2.590571113684095 -2.592366899281505 -2.594007814931701 -2.595496611393875 -2.59683591124689 -2.598028206825724 -2.599075465156423 -2.599979436753411 -2.600741784711174 -2.601363816062967 -2.60184649200996 -2.602190645352729 -2.602396906833276 -2.60246562777954 -2.602396906833276 -2.602190645352729 -2.60184649200996 -2.601363816062967 -2.600741784711174 -2.599979436753411 -2.599075465156423 -2.598028206825724 -2.59683591124689 -2.595496611393875 -2.594007814931701 -2.592366899281505 -2.590571113684095 -2.588617099717942 -2.586501252373245
-2.58598787723748 -2.588108001351753 -2.59006598385651 -2.591865363734657 -2.593509545637714 -2.595001347316639 -2.596343324097045 -2.597537948125348 -2.598587307342626 -2.599493101126518 -2.600256915060518 -2.600880150371257 -2.601363816062967 -2.601708687573526 -2.601915363267077 -2.601984213997035 -2.601915363267077 -2.601708687573526 -2.601363816062967 -2.600880150371257 -2.600256915060518 -2.599493101126518 -2.598587307342626 -2.597537948125348 -2.596343324097045 -2.595001347316639 -2.593509545637714 -2.591865363734657 -2.59006598385651 -2.588108001351753 -2.58598787723748
-2.585326311422188 -2.587451927966267 -2.589415025884997 -2.591219071352917 -2.59286744611413 -2.594363108302627 -2.595708562175994 -2.596906202334841 -2.597958229336019 -2.598866375562201 -2.599632152975556 -2.600256915060518 -2.600741784711174 -2.60108755410686 -2.601294780607847 -2.601363816062967 -2.601294780607847 -2.60108755410686 -2.600741784711174 -2.600256915060518 -2.599632152975556 -2.598866375562201 -2.597958229336019 -2.596906202334841 -2.595708562175994 -2.594363108302627 -2.59286744611413 -2.591219071352917 -2.589415025884997 -2.587451927966267 -2.585326311422188
-2.584515405162895 -2.586647741775404 -2.588617099717942 -2.590426895059341 -2.592080428460488 -2.593580788216896 -2.594930513678523 -2.596131917625691 -2.597187172876914 -2.59809816440008 -2.598866375562201 -2.599493101126518 -2.599979436753411 -2.600326237476112 -2.600534094436801 -2.600603343236167 -2.600534094436801 -2.600326237476112 -2.599979436753411 -2.599493101126518 -2.598866375562201 -2.59809816440008 -2.597187172876914 -2.596131917625691 -2.594930513678523 -2.593580788216896 -2.592080428460488 -2.590426895059341 -2.588617099717942 -2.586647741775404 -2.584515405162895
-2.583553724563203 -2.585694058101664 -2.58767080889309 -2.589487438437659 -2.591147158667646 -2.592653047414291 -2.594007814931714 -2.595213725689374 -2.596272875258609 -2.597187172876914 -2.597958229336019 -2.598587307342626 -2.599075465156423 -2.599423545278279 -2.599632152975556 -2.599701649095658 -2.599632152975556 -2.599423545278279 -2.599075465156423 -2.598587307342626 -2.597958229336019 -2.597187172876914 -2.596272875258609 -2.595213725689374 -2.594007814931714 -2.592653047414291 -2.591147158667646 -2.589487438437659 -2.58767080889309 -2.585694058101664 -2.583553724563203
-2.582439554523349 -2.584589230392504 -2.586574507593386 -2.588399041205605 -2.59006598385651 -2.591578326880556 -2.592938871807489 -2.59414999365497 -2.595213725689374 -2.596131917625691 -2.596906202334841 -2.597537948125348 -2.598028206825724 -2.598377794933678 -2.598587307342626 -2.598657104603861 -2.598587307342626 -2.598377794933678 -2.598028206825724 -2.597537948125348 -2.596906202334841 -2.596131917625691 -2.595213725689374 -2.59414999365497 -2.592938871807489 -2.591578326880556 -2.59006598385651 -2.588399041205605 -2.586574507593386 -2.584589230392504 -2.582439554523349
-2.581170901261862 -2.583331280956062 -2.585326311422188 -2.587159791580332 -2.588834968563582 -2.590354754527111 -2.591721885989074 -2.592938871807489 -2.594007814931714 -2.594930513678523 -2.595708562175994 -2.596343324097045 -2.59683591124689 -2.597187172876899 -2.597397696711319 -2.597467832226972 -2.597397696711319 -2.597187172876899 -2.59683591124689 -2.596343324097045 -2.595708562175994 -2.594930513678523 -2.594007814931714 -2.592938871807489 -2.591721885989074 -2.590354754527111 -2.588834968563582 -2.587159791580332 -2.585326311422188 -2.583331280956062 -2.581170901261862
-2.579745499783909 -2.581917932929124 -2.583924031945097 -2.585767544348307 -2.587451927966267 -2.588980109145474 -2.590354754527111 -2.591578326880556 -2.592653047414291 -2.593580788216896 -2.594363108302627 -2.595001347316639 -2.595496611393875 -2.595849761370154 -2.596061408743831 -2.596131917625691 -2.596061408743831 -2.595849761370154 -2.595496611393875 -2.595001347316639 -2.594363108302627 -2.593580788216896 -2.592653047414291 -2.591578326880556 -2.590354754527111 -2.588980109145474 -2.587451927966267 -2.585767544348307 -2.583924031945097 -2.581917932929124 -2.579745499783909
-2.578160825907208 -2.580346634995187 -2.582365102599841 -2.584219890225479 -2.585914453921463 -2.587451927966267 -2.588834968563582 -2.59006598385651 -2.591147158667646 -2.592080428460488 -2.59286744611413 -2.593509545637714 -2.594007814931701 -2.594363108302606 -2.594576038772739 -2.594646974667381 -2.594576038772739 -2.594363108302606 -2.594007814931701 -2.593509545637714 -2.59286744611413 -2.592080428460488 -2.591147158667646 -2.59006598385651 -2.588834968563582 -2.587451927966267 -2.585914453921463 -2.584219890225479 -2.582365102599841 -2.580346634995187 -2.578160825907208
-2.576414090401219 -2.578614579284482 -2.580646675411502 -2.582513984655761 -2.584219890225479 -2.585767544348307 -2.587159791580332 -2.588399041205605 -2.589487438437659 -2.590426895059341 -2.591219071352917 -2.591865363734657 -2.592366899281505 -2.592724533902488 -2.592938871807489 -2.593010277206413 -2.592938871807489 -2.592724533902488 -2.592366899281505 -2.591865363734657 -2.591219071352917 -2.590426895059341 -2.589487438437659 -2.588399041205605 -2.587159791580332 -2.585767544348307 -2.584219890225479 -2.582513984655761 -2.580646675411502 -2.578614579284482 -2.576414090401219
-2.574502070166893 -2.576718712268336 -2.578765654526193 -2.580646675411502 -2.582365102599841 -2.583924031945097 -2.585326311422188 -2.586574507593386 -2.58767080889309 -2.588617099717942 -2.589415025884997 -2.59006598385651 -2.590571113684095 -2.590931296942956 -2.591147158667646 -2.591219071352917 -2.591147158667646 -2.590931296942956 -2.590571113684095 -2.59006598385651 -2.589415025884997 -2.588617099717942 -2.58767080889309 -2.586574507593386 -2.585326311422188 -2.583924031945097 -2.582365102599841 -2.580646675411502 -2.578765654526193 -2.576718712268336 -2.574502070166893
-2.572421159894816 -2.574655550971536 -2.576718712268336 -2.578614579284482 -2.580346634995187 -2.581917932929124 -2.583331280956062 -2.584589230392504 -2.585694058101664 -2.586647741775404 -2.587451927966267 -2.588108001351753 -2.588617099717942 -2.588980109145474 -2.589197662153405 -2.589270137751303 -2.589197662153405 -2.588980109145474 -2.588617099717942 -2.588108001351753 -2.587451927966267 -2.586647741775404 -2.585694058101664 -2.584589230392504 -2.583331280956062 -2.581917932929124 -2.580346634995187 -2.578614579284482 -2.576718712268336 -2.574655550971536 -2.572421159894816
-2.570167475890409 -2.572421159894816 -2.574502070166893 -2.576414090401219 -2.578160825907208 -2.579745499783909 -2.581170901261862 -2.582439554523349 -2.583553724563203 -2.584515405162895 -2.585326311422188 -2.58598787723748 -2.586501252373245 -2.586867318042282 -2.587086704795454 -2.587159791580316 -2.587086704795454 -2.586867318042282 -2.586501252373245 -2.58598787723748 -2.585326311422188 -2.584515405162895 -2.583553724563203 -2.582439554523349 -2.581170901261862 -2.579745499783909 -2.578160825907208 -2.576414090401219 -2.574502070166893 -2.572421159894816 -2.570167475890409
-2.917372661983522 -2.917271918726169 -2.917178521272704 -2.917092395455958 -2.917013469857054 -2.916941675530973 -2.91687694644395 -2.916819217460376 -2.916768427122334 -2.916724522322911 -2.916687455744189 -2.916657186355226 -2.916633679879693 -2.916616909205062 -2.916606854716748 -2.916603504545141 -2.916606854716748 -2.916616909205062 -2.916633679879693 -2.916657186355226 -2.916687455744189 -2.916724522322911 -2.916768427122334 -2.916819217460376 -2.91687694644395 -2.916941675530973 -2.917013469857054 -2.917092395455958 -2.917178521272704 -2.917271918726169 -2.917372661983522
-2.917271918726169 -2.917171618550167 -2.917078647629218 -2.916992930698791 -2.916914394413409 -2.91684296696389 -2.916778574037928 -2.916721149447571 -2.916670632950273 -2.916626969635806 -2.916590110503946 -2.916560013020484 -2.916536641627908 -2.916519968188571 -2.916509972342624 -2.916506641768859 -2.916509972342624 -2.916519968188571 -2.916536641627908 -2.916560013020484 -2.916590110503946 -2.916626969635806 -2.916670632950273 -2.916721149447571 -2.916778574037928 -2.91684296696389 -2.916914394413409 -2.916992930698791 -2.917078647629218 -2.917171618550167 -2.917271918726169
-2.917178521272704 -2.917078647629218 -2.916986088991995 -2.916900768398815 -2.916822608413654 -2.916751528087778 -2.916687455744186 -2.916630324429307 -2.916580071974539 -2.916536641627906 -2.916499982671435 -2.916470049854649 -2.916446806536937 -2.916430224605961 -2.916420283683002 -2.916416971420618 -2.916420283683002 -2.916430224605961 -2.916446806536937 -2.916470049854649 -2.916499982671435 -2.916536641627906 -2.916580071974539 -2.916630324429307 -2.916687455744186 -2.916751528087778 -2.916822608413654 -2.916900768398815 -2.916986088991995 -2.917078647629218 -2.917178521272704
-2.917092395455958 -2.916992930698791 -2.916900768398815 -2.916815827120008 -2.916738020157494 -2.916667270329046 -2.916603504545141 -2.916546653870509 -2.916496654125408 -2.916453444090052 -2.916416971420618 -2.916387192273649 -2.916364069875842 -2.916347575063621 -2.916337686708849 -2.916334392018395 -2.916337686708849 -2.916347575063621 -2.916364069875842 -2.916387192273649 -2.916416971420618 -2.916453444090052 -2.916496654125408 -2.916546653870509 -2.916603504545141 -2.916667270329046 -2.916738020157494 -2.916815827120008 -2.916900768398815 -2.916992930698791 -2.917092395455958
-2.917013469857054 -2.916914394413409 -2.916822608413654 -2.916738020157494 -2.916660547030696 -2.916590110503946 -2.916526635514281 -2.916470049854649 -2.916420283683002 -2.916377278454971 -2.91634098211385 -2.91631134926937 -2.916288341885912 -2.91627192985242 -2.91626209140309 -2.916258813386 -2.91626209140309 -2.91627192985242 -2.916288341885912 -2.91631134926937 -2.91634098211385 -2.916377278454971 -2.916420283683002 -2.916470049854649 -2.916526635514281 -2.916590110503946 -2.916660547030696 -2.916738020157494 -2.916822608413654 -2.916914394413409 -2.917013469857054
-2.916941675530973 -2.91684296696389 -2.916751528087778 -2.916667270329046 -2.916590110503946 -2.916519968188571 -2.916456763887045 -2.91640042049355 -2.916350872606522 -2.916308060328121 -2.916271929852428 -2.916242434323948 -2.916219534588566 -2.916203199296826 -2.916193406684392 -2.916190143918109 -2.916193406684392 -2.916203199296826 -2.916219534588566 -2.916242434323948 -2.916271929852428 -2.916308060328121 -2.916350872606522 -2.91640042049355 -2.916456763887045 -2.916519968188571 -2.916590110503946 -2.916667270329046 -2.916751528087778 -2.91684296696389 -2.916941675530973
-2.91687694644395 -2.916778574037928 -2.916687455744186 -2.916603504545141 -2.916526635514281 -2.916456763887045 -2.916393804987627 -2.916337686708849 -2.916288341885911 -2.916245708664605 -2.916209731281816 -2.916180359957899 -2.916157556255924 -2.91614129005285 -2.916131539296749 -2.916128290549001 -2.916131539296749 -2.91614129005285 -2.916157556255924 -2.916180359957899 -2.916209731281816 -2.916245708664605 -2.916288341885911 -2.916337686708849 -2.916393804987627 -2.916456763887045 -2.916526635514281 -2.916603504545141 -2.916687455744186 -2.916778574037928 -2.91687694644395
-2.916819217460376 -2.916721149447571 -2.916630324429307 -2.916546653870509 -2.916470049854649 -2.91640042049355 -2.916337686708849 -2.916281774884204 -2.91623261572562 -2.916190143918109 -2.916154301528956 -2.916125042556078 -2.916102327868655 -2.916086126052869 -2.9160764142172 -2.916073178486133 -2.9160764142172 -2.916086126052869 -2.916102327868655 -2.916125042556078 -2.916154301528956 -2.916190143918109 -2.91623261572562 -2.916281774884204 -2.916337686708849 -2.91640042049355 -2.916470049854649 -2.916546653870509 -2.916630324429307 -2.916721149447571 -2.916819217460376
-2.916768427122334 -2.916670632950273 -2.916580071974539 -2.916496654125408 -2.916420283683002 -2.916350872606522 -2.916288341885911 -2.91623261572562 -2.916183620553066 -2.916141290052842 -2.916105570535683 -2.9160764142172 -2.916053780381321 -2.916037636606839 -2.916027959596517 -2.916024735458068 -2.916027959596517 -2.916037636606839 -2.916053780381321 -2.9160764142172 -2.916105570535683 -2.916141290052842 -2.916183620553066 -2.91623261572562 -2.916288341885911 -2.916350872606522 -2.916420283683002 -2.916496654125408 -2.916580071974539 -2.916670632950273 -2.916768427122334
-2.916724522322911 -2.916626969635806 -2.916536641627906 -2.916453444090052 -2.916377278454971 -2.916308060328121 -2.916245708664605 -2.916190143918109 -2.916141290052842 -2.916099085968007 -2.916063475943302 -2.91603441016864 -2.916011846155595 -2.915995750846159 -2.915986102612796 -2.915982888059389 -2.915986102612796 -2.915995750846159 -2.916011846155595 -2.91603441016864 -2.916063475943302 -2.916099085968007 -2.916141290052842 -2.916190143918109 -2.916245708664605 -2.916308060328121 -2.916377278454971 -2.916453444090052 -2.916536641627906 -2.916626969635806 -2.916724522322911
-2.916687455744189 -2.916590110503946 -2.916499982671435 -2.916416971420618 -2.91634098211385 -2.916271929852428 -2.916209731281816 -2.916154301528956 -2.916105570535683 -2.916063475943302 -2.916027959596517 -2.915998968430207 -2.915976461272087 -2.9159604080902 -2.915950785846098 -2.915947580071234 -2.915950785846098 -2.9159604080902 -2.915976461272087 -2.915998968430207 -2.916027959596517 -2.916063475943302 -2.916105570535683 -2.916154301528956 -2.916209731281816 -2.916271929852428 -2.91634098211385 -2.916416971420618 -2.916499982671435 -2.916590110503946 -2.916687455744189
-2.916657186355226 -2.916560013020484 -2.916470049854649 -2.916387192273649 -2.91631134926937 -2.916242434323948 -2.916180359957899 -2.916125042556078 -2.9160764142172 -2.91603441016864 -2.915998968430207 -2.91597003761419 -2.915947580071234 -2.915931563650444 -2.915921963788104 -2.915918765478977 -2.915921963788104 -2.915931563650444 -2.915947580071234 -2.91597003761419 -2.915998968430207 -2.91603441016864 -2.9160764142172 -2.916125042556078 -2.916180359957899 -2.916242434323948 -2.91631134926937 -2.916387192273649 -2.916470049854649 -2.916560013020484 -2.916657186355226
-2.916633679879693 -2.916536641627908 -2.916446806536937 -2.916364069875842 -2.916288341885912 -2.916219534588566 -2.916157556255924 -2.916102327868655 -2.916053780381321 -2.916011846155595 -2.915976461272087 -2.915947580071234 -2.91592516291478 -2.915909175308489 -2.915899591526452 -2.915896398200195 -2.915899591526452 -2.915909175308489 -2.91592516291478 -2.915947580071234 -2.915976461272087 -2.916011846155595 -2.916053780381321 -2.916102327868655 -2.916157556255924 -2.916219534588566 -2.916288341885912 -2.916364069875842 -2.916446806536937 -2.916536641627908 -2.916633679879693
-2.916616909205062 -2.916519968188571 -2.916430224605961 -2.916347575063621 -2.91627192985242 -2.916203199296826 -2.91614129005285 -2.916086126052869 -2.916037636606839 -2.915995750846159 -2.9159604080902 -2.915931563650444 -2.915909175308489 -2.915893205550898 -2.915883632072064 -2.915880442581998 -2.915883632072064 -2.915893205550898 -2.915909175308489 -2.915931563650444 -2.9159604080902 -2.915995750846159 -2.916037636606839 -2.916086126052869 -2.91614129005285 -2.916203199296826 -2.91627192985242 -2.916347575063621 -2.916430224605961 -2.916519968188571 -2.916616909205062
-2.916606854716748 -2.916509972342624 -2.916420283683002 -2.916337686708849 -2.91626209140309 -2.916193406684392 -2.916131539296749 -2.9160764142172 -2.916027959596517 -2.915986102612796 -2.915950785846098 -2.915921963788104 -2.915899591526452 -2.915883632072064 -2.915874066589872 -2.915870880335343 -2.915874066589872 -2.915883632072064 -2.915899591526452 -2.915921963788104 -2.915950785846098 -2.915986102612796 -2.916027959596517 -2.9160764142172 -2.916131539296749 -2.916193406684392 -2.91626209140309 -2.916337686708849 -2.916420283683002 -2.916509972342624 -2.916606854716748
-2.916603504545141 -2.916506641768859 -2.916416971420618 -2.916334392018395 -2.916258813386 -2.916190143918109 -2.916128290549001 -2.916073178486133 -2.916024735458068 -2.915982888059389 -2.915947580071234 -2.915918765478977 -2.915896398200195 -2.915880442581998 -2.915870880335343 -2.915867694489594 -2.915870880335343 -2.915880442581998 -2.915896398200195 -2.915918765478977 -2.915947580071234 -2.915982888059389 -2.916024735458068 -2.916073178486133 -2.916128290549001 -2.916190143918109 -2.916258813386 -2.916334392018395 -2.916416971420618 -2.916506641768859 -2.916603504545141
-2.916606854716748 -2.916509972342624 -2.916420283683002 -2.916337686708849 -2.91626209140309 -2.916193406684392 -2.916131539296749 -2.9160764142172 -2.916027959596517 -2.915986102612796 -2.915950785846098 -2.915921963788104 -2.915899591526452 -2.915883632072064 -2.915874066589872 -2.915870880335343 -2.915874066589872 -2.915883632072064 -2.915899591526452 -2.915921963788104 -2.915950785846098 -2.915986102612796 -2.916027959596517 -2.9160764142172 -2.916131539296749 -2.916193406684392 -2.91626209140309 -2.916337686708849 -2.916420283683002 -2.916509972342624 -2.916606854716748
-2.916616909205062 -2.916519968188571 -2.916430224605961 -2.916347575063621 -2.91627192985242 -2.916203199296826 -2.91614129005285 -2.916086126052869 -2.916037636606839 -2.915995750846159 -2.9159604080902 -2.915931563650444 -2.915909175308489 -2.915893205550898 -2.915883632072064 -2.915880442581998 -2.915883632072064 -2.915893205550898 -2.915909175308489 -2.915931563650444 -2.9159604080902 -2.915995750846159 -2.916037636606839 -2.916086126052869 -2.91614129005285 -2.916203199296826 -2.91627192985242 -2.916347575063621 -2.916430224605961 -2.916519968188571 -2.916616909205062
-2.916633679879693 -2.916536641627908 -2.916446806536937 -2.916364069875842 -2.916288341885912 -2.916219534588566 -2.916157556255924 -2.916102327868655 -2.916053780381321 -2.916011846155595 -2.915976461272087 -2.915947580071234 -2.91592516291478 -2.915909175308489 -2.915899591526452 -2.915896398200195 -2.915899591526452 -2.915909175308489 -2.91592516291478 -2.915947580071234 -2.915976461272087 -2.916011846155595 -2.916053780381321 -2.916102327868655 -2.916157556255924 -2.916219534588566 -2.916288341885912 -2.916364069875842 -2.916446806536937 -2.916536641627908 -2.916633679879693
-2.916657186355226 -2.916560013020484 -2.916470049854649 -2.916387192273649 -2.91631134926937 -2.916242434323948 -2.916180359957899 -2.916125042556078 -2.9160764142172 -2.91603441016864 -2.915998968430207 -2.91597003761419 -2.915947580071234 -2.915931563650444 -2.915921963788104 -2.915918765478977 -2.915921963788104 -2.915931563650444 -2.915947580071234 -2.91597003761419 -2.915998968430207 -2.91603441016864 -2.9160764142172 -2.916125042556078 -2.916180359957899 -2.916242434323948 -2.91631134926937 -2.916387192273649 -2.916470049854649 -2.916560013020484 -2.916657186355226
-2.916687455744189 -2.916590110503946 -2.916499982671435 -2.916416971420618 -2.91634098211385 -2.916271929852428 -2.916209731281816 -2.916154301528956 -2.916105570535683 -2.916063475943302 -2.916027959596517 -2.915998968430207 -2.915976461272087 -2.9159604080902 -2.915950785846098 -2.915947580071234 -2.915950785846098 -2.9159604080902 -2.915976461272087 -2.915998968430207 -2.916027959596517 -2.916063475943302 -2.916105570535683 -2.916154301528956 -2.916209731281816 -2.916271929852428 -2.91634098211385 -2.916416971420618 -2.916499982671435 -2.916590110503946 -2.916687455744189
-2.916724522322911 -2.916626969635806 -2.916536641627906 -2.916453444090052 -2.916377278454971 -2.916308060328121 -2.916245708664605 -2.916190143918109 -2.916141290052842 -2.916099085968007 -2.916063475943302 -2.91603441016864 -2.916011846155595 -2.915995750846159 -2.915986102612796 -2.915982888059389 -2.915986102612796 -2.915995750846159 -2.916011846155595 -2.91603441016864 -2.916063475943302 -2.916099085968007 -2.916141290052842 -2.916190143918109 -2.916245708664605 -2.916308060328121 -2.916377278454971 -2.916453444090052 -2.916536641627906 -2.916626969635806 -2.916724522322911
-2.916768427122334 -2.916670632950273 -2.916580071974539 -2.916496654125408 -2.916420283683002 -2.916350872606522 -2.916288341885911 -2.91623261572562 -2.916183620553066 -2.916141290052842 -2.916105570535683 -2.9160764142172 -2.916053780381321 -2.916037636606839 -2.916027959596517 -2.916024735458068 -2.916027959596517 -2.916037636606839 -2.916053780381321 -2.9160764142172 -2.916105570535683 -2.916141290052842 -2.916183620553066 -2.91623261572562 -2.916288341885911 -2.916350872606522 -2.916420283683002 -2.916496654125408 -2.916580071974539 -2.916670632950273 -2.916768427122334
-2.916819217460376 -2.916721149447571 -2.916630324429307 -2.916546653870509 -2.916470049854649 -2.91640042049355 -2.916337686708849 -2.916281774884204 -2.91623261572562 -2.916190143918109 -2.916154301528956 -2.916125042556078 -2.916102327868655 -2.916086126052869 -2.9160764142172 -2.916073178486133 -2.9160764142172 -2.916086126052869 -2.916102327868655 -2.916125042556078 -2.916154301528956 -2.916190143918109 -2.91623261572562 -2.916281774884204 -2.916337686708849 -2.91640042049355 -2.916470049854649 -2.916546653870509 -2.916630324429307 -2.916721149447571 -2.916819217460376
-2.91687694644395 -2.916778574037928 -2.916687455744186 -2.916603504545141 -2.916526635514281 -2.916456763887045 -2.916393804987627 -2.916337686708849 -2.916288341885911 -2.916245708664605 -2.916209731281816 -2.916180359957899 -2.916157556255924 -2.91614129005285 -2.916131539296749 -2.916128290549001 -2.916131539296749 -2.91614129005285 -2.916157556255924 -2.916180359957899 -2.916209731281816 -2.916245708664605 -2.916288341885911 -2.916337686708849 -2.916393804987627 -2.916456763887045 -2.916526635514281 -2.916603504545141 -2.916687455744186 -2.916778574037928 -2.91687694644395
-2.916941675530973 -2.91684296696389 -2.916751528087778 -2.916667270329046 -2.916590110503946 -2.916519968188571 -2.916456763887045 -2.91640042049355 -2.916350872606522 -2.916308060328121 -2.916271929852428 -2.916242434323948 -2.916219534588566 -2.916203199296826 -2.916193406684392 -2.916190143918109 -2.916193406684392 -2.916203199296826 -2.916219534588566 -2.916242434323948 -2.916271929852428 -2.916308060328121 -2.916350872606522 -2.91640042049355 -2.916456763887045 -2.916519968188571 -2.916590110503946 -2.916667270329046 -2.916751528087778 -2.91684296696389 -2.916941675530973
-2.917013469857054 -2.916914394413409 -2.916822608413654 -2.916738020157494 -2.916660547030696 -2.916590110503946 -2.916526635514281 -2.916470049854649 -2.916420283683002 -2.916377278454971 -2.91634098211385 -2.91631134926937 -2.916288341885912 -2.91627192985242 -2.91626209140309 -2.916258813386 -2.91626209140309 -2.91627192985242 -2.916288341885912 -2.91631134926937 -2.91634098211385 -2.916377278454971 -2.916420283683002 -2.916470049854649 -2.916526635514281 -2.916590110503946 -2.916660547030696 -2.916738020157494 -2.916822608413654 -2.916914394413409 -2.917013469857054
-2.917092395455958 -2.916992930698791 -2.916900768398815 -2.916815827120008 -2.916738020157494 -2.916667270329046 -2.916603504545141 -2.916546653870509 -2.916496654125408 -2.916453444090052 -2.916416971420618 -2.916387192273649 -2.916364069875842 -2.916347575063621 -2.916337686708849 -2.916334392018395 -2.916337686708849 -2.916347575063621 -2.916364069875842 -2.916387192273649 -2.916416971420618 -2.916453444090052 -2.916496654125408 -2.916546653870509 -2.916603504545141 -2.916667270329046 -2.916738020157494 -2.916815827120008 -2.916900768398815 -2.916992930698791 -2.917092395455958
-2.917178521272704 -2.917078647629218 -2.916986088991995 -2.916900768398815 -2.916822608413654 -2.916751528087778 -2.916687455744186 -2.916630324429307 -2.916580071974539 -2.916536641627906 -2.916499982671435 -2.916470049854649 -2.916446806536937 -2.916430224605961 -2.916420283683002 -2.916416971420618 -2.916420283683002 -2.916430224605961 -2.916446806536937 -2.916470049854649 -2.916499982671435 -2.916536641627906 -2.916580071974539 -2.916630324429307 -2.916687455744186 -2.916751528087778 -2.916822608413654 -2.916900768398815 -2.916986088991995 -2.917078647629218 -2.917178521272704
-2.917271918726169 -2.917171618550167 -2.917078647629218 -2.916992930698791 -2.916914394413409 -2.91684296696389 -2.916778574037928 -2.916721149447571 -2.916670632950273 -2.916626969635806 -2.916590110503946 -2.916560013020484 -2.916536641627908 -2.916519968188571 -2.916509972342624 -2.916506641768859 -2.916509972342624 -2.916519968188571 -2.916536641627908 -2.916560013020484 -2.916590110503946 -2.916626969635806 -2.916670632950273 -2.916721149447571 -2.916778574037928 -2.91684296696389 -2.916914394413409 -2.916992930698791 -2.917078647629218 -2.917171618550167 -2.917271918726169
-2.917372661983522 -2.917271918726169 -2.917178521272704 -2.917092395455958 -2.917013469857054 -2.916941675530973 -2.91687694644395 -2.916819217460376 -2.916768427122334 -2.916724522322911 -2.916687455744189 -2.916657186355226 -2.916633679879693 -2.916616909205062 -2.916606854716748 -2.916603504545141 -2.916606854716748 -2.916616909205062 -2.916633679879693 -2.916657186355226 -2.916687455744189 -2.916724522322911 -2.916768427122334 -2.916819217460376 -2.91687694644395 -2.916941675530973 -2.917013469857054 -2.917092395455958 -2.917178521272704 -2.917271918726169 -2.917372661983522
-3.276822457488032 -3.276562021479865 -3.276319608562697 -3.276095206789688 -3.275888805432122 -3.275700393559699 -3.275529960350312 -3.275377495763637 -3.275242990615574 -3.275126436648898 -3.275027826596778 -3.274947154236972 -3.274884414457499 -3.274839603280203 -3.27481271776154 -3.274803756120487 -3.27481271776154 -3.274839603280203 -3.274884414457499 -3.274947154236972 -3.275027826596778 -3.275126436648898 -3.275242990615574 -3.275377495763637 -3.275529960350312 -3.275700393559699 -3.275888805432122 -3.276095206789688 -3.276319608562697 -3.276562021479865 -3.276822457488032
-3.276562021479865 -3.276301654469713 -3.276059307516974 -3.275834969394597 -3.275628628166575 -3.275440272043538 -3.275269889953075 -3.27511747162277 -3.274983007662235 -3.274866489690176 -3.27476791055101 -3.274687263862611 -3.274624544285066 -3.274579747616909 -3.274552870832695 -3.274543912107833 -3.274552870832695 -3.274579747616909 -3.274624544285066 -3.274687263862611 -3.27476791055101 -3.274866489690176 -3.274983007662235 -3.27511747162277 -3.275269889953075 -3.275440272043538 -3.275628628166575 -3.275834969394597 -3.276059307516974 -3.276301654469713 -3.276562021479865
-3.276319608562697 -3.276059307516974 -3.27581702477081 -3.275592747671132 -3.275386463523606 -3.27519816027385 -3.275027826596784 -3.274875452024495 -3.274741027420847 -3.274624544285064 -3.274525994963378 -3.274445372863722 -3.274382672520916 -3.274337889645619 -3.274311021156778 -3.274302065200117 -3.274311021156778 -3.274337889645619 -3.274382672520916 -3.274445372863722 -3.274525994963378 -3.274624544285064 -3.274741027420847 -3.274875452024495 -3.275027826596784 -3.27519816027385 -3.275386463523606 -3.275592747671132 -3.27581702477081 -3.276059307516974 -3.276319608562697
-3.276095206789688 -3.275834969394597 -3.275592747671132 -3.275368528097163 -3.275162297702943 -3.274974044162276 -3.274803756120479 -3.274651423499253 -3.27451703654393 -3.274400586391182 -3.274302065200122 -3.274221466237683 -3.274158783945027 -3.274114013980683 -3.274087153241741 -3.274078199868509 -3.274087153241741 -3.274114013980683 -3.274158783945027 -3.274221466237683 -3.274302065200122 -3.274400586391182 -3.27451703654393 -3.274651423499253 -3.274803756120479 -3.274974044162276 -3.275162297702943 -3.275368528097163 -3.275592747671132 -3.275834969394597 -3.276095206789688
