# Created by Octave 5.2.0, Sat Jul 18 14:43:48 2020 CEST <peter@peter-lenovo>
# name: x_opt
# type: matrix
# rows: 10
# columns: 1
 -0.0056021572764985497
 0.0082990789678865882
 0.0057538386495536295
 0.021119280384741718
 0.0094348917371263989
 -0.0028544899430275085
 0.0023188776722588671
 0.024019551447571993
 -0.01679926568532121
 0.0066665582917786676


# name: obj_opt
# type: scalar
10014409.459258698


