# Created by Octave 4.4.1, Sun Mar 24 23:19:12 2019 CET <peter@peter-ThinkPad>
# name: N_it
# type: scalar
5


# name: errh1
# type: matrix
# rows: 1
# columns: 6
 19126.377170503594 11523.715738126484 5563.1876363317115 2294.120035907627 948.22301824771296 441.9560242750245


# name: errl2
# type: matrix
# rows: 1
# columns: 6
 262.95755043870867 91.556631531977303 22.306381833578261 4.379735452924268 0.8035091514526338 0.16580108320871059


