# Created by Octave 4.4.1, Sun Mar 24 18:29:31 2019 CET <peter@peter-ubuntu>
# name: N_it
# type: scalar
5


# name: errh1
# type: matrix
# rows: 1
# columns: 5
 NaN 33718918.870193399 4966.7912526807586 4801.692175024682 4801.7148715371295


# name: errl2
# type: matrix
# rows: 1
# columns: 5
 NaN 46786.694144262969 22.965969236575297 22.813810166199236 22.85273571946394


