# Created by Octave 4.4.1, Tue Mar 26 17:04:42 2019 CET <peter@peter-ThinkPad>
# name: N_it
# type: scalar
5


# name: errh1
# type: matrix
# rows: 1
# columns: 6
 186.12869917364003 28.523629137327323 0.80805559287524886 0.049674203058952641 0.014015699816933571 0.0033606890507138832


# name: errl2
# type: matrix
# rows: 1
# columns: 6
 0.0064846302187884872 0.0029273030520359394 0.0021713847394770661 0.0010503128437789589 0.0003635174477704056 0.00011417181486676865


