# Created by Octave 4.4.1, Tue Mar 26 15:23:02 2019 CET <peter@peter-ThinkPad>
# name: N_it
# type: scalar
5


# name: errh1
# type: matrix
# rows: 1
# columns: 6
 23250.66510167185 11024.825269899704 4295.223575756022 1581.3832332448205 559.42219193406663 217.5184594689299


# name: errl2
# type: matrix
# rows: 1
# columns: 6
 177.77388277533268 54.090673935519376 11.225862687320861 2.2485328537098379 0.384050285772363 0.062888513702288734


