# Created by Octave 5.2.0, Sat Jun 27 09:28:13 2020 CEST <peter@peter-fedora>
# name: volume_constraint_orig
# type: scalar
5.540526350172058


# name: volume_constraint_init
# type: scalar
-310.94473933177812


# name: volume_constraint_opt
# type: scalar
0.08058289827806675


# name: max_orig
# type: scalar
12745401.51921786


# name: max_init
# type: scalar
11967724.208243065


# name: max_opt
# type: scalar
9100368.5366683733


