# Created by Octave 5.2.0, Sat Jun 27 08:03:27 2020 CEST <peter@peter-fedora>
# name: x_opt
# type: matrix
# rows: 10
# columns: 1
 -0.0033841900479892311
 0.0016230730041694951
 0.0026813268280962382
 0.0054953208024803466
 -0.011603942540345557
 0.020554039853967445
 -0.0018171148859796066
 0.016100056363197696
 -0.0014437356517361113
 0.0062131323701974843


# name: obj_opt
# type: scalar
9100368.5366683733


