# Created by Octave 4.4.1, Thu May 21 17:59:20 2020 CEST <peter@peter-ThinkPad>
# name: volume_constraint_init
# type: scalar
2.4579050707513943


# name: volume_constraint_opt
# type: scalar
-55.531781430829938


# name: obj_init
# type: scalar
7858391.215133165


# name: obj_opt
# type: scalar
6624693.9304356528


# name: max_init
# type: scalar
9272202.8004768509


# name: max_opt
# type: scalar
7318000.5913250856


