# Created by Octave 4.4.1, Thu May 21 17:28:10 2020 CEST <peter@peter-ThinkPad>
# name: x
# type: matrix
# rows: 1
# columns: 12
 0.0011049721707048934 1.5192713680958838e-05 0.0074243377770725301 -0.0078677566783263379 0.0050278787015622731 0.0040818913623874168 -0.0056156360623971519 0.0047572079054187906 -0.0070154106586110187 -0.002409913185804898 -0.0066645467934718849 -0.0051018517708861805


# name: obj
# type: scalar
6624693.9304356528


