31 -0.0015 -0.0014 -0.0013 -0.0012 -0.0011 -0.001 -0.0009000000000000001 -0.0008 -0.0007 -0.0006000000000000001 -0.0005 -0.0004 -0.0003 -0.0002 -0.0001 0 0.0001 0.0002 0.0003 0.0004 0.0005 0.0006000000000000001 0.0007 0.0008 0.0009000000000000001 0.001 0.0011 0.0012 0.0013 0.0014 0.0015
31 -0.0015 -0.0014 -0.0013 -0.0012 -0.0011 -0.001 -0.0009000000000000001 -0.0008 -0.0007 -0.0006000000000000001 -0.0005 -0.0004 -0.0003 -0.0002 -0.0001 0 0.0001 0.0002 0.0003 0.0004 0.0005 0.0006000000000000001 0.0007 0.0008 0.0009000000000000001 0.001 0.0011 0.0012 0.0013 0.0014 0.0015
64 0.307 0.3092222222222222 0.3114444444444444 0.3136666666666666 0.3158888888888889 0.3181111111111111 0.3203333333333333 0.3225555555555555 0.3247777777777778 0.327 0.3292222222222222 0.3314444444444444 0.3336666666666667 0.3358888888888889 0.3381111111111111 0.3403333333333333 0.3425555555555556 0.3447777777777778 0.347 0.3492222222222222 0.3514444444444444 0.3536666666666667 0.3558888888888889 0.3581111111111111 0.3603333333333333 0.3625555555555555 0.3647777777777778 0.367 0.3692222222222222 0.3714444444444445 0.3736666666666666 0.3758888888888889 0.3781111111111111 0.3803333333333333 0.3825555555555555 0.3847777777777778 0.387 0.3892222222222222 0.3914444444444444 0.3936666666666667 0.3958888888888889 0.3981111111111111 0.4003333333333333 0.4025555555555556 0.4047777777777778 0.407 0.4092222222222222 0.4114444444444444 0.4136666666666666 0.4158888888888889 0.4181111111111111 0.4203333333333333 0.4225555555555556 0.4247777777777778 0.427 0.4292222222222222 0.4314444444444444 0.4336666666666666 0.4358888888888889 0.4381111111111111 0.4403333333333334 0.4425555555555556 0.4447777777777778 0.447
-2.625157991592265 -2.627450242498127 -2.629566664020209 -2.631511228403733 -2.633287623177085 -2.634899144971175 -2.636348646687545 -2.637638710140177 -2.638771652045585 -2.639749511721226 -2.640574043445219 -2.641246713875379 -2.641768699051727 -2.642140900329109 -2.642363962671969 -2.642438273690227 -2.642363962671969 -2.642140900329109 -2.641768699051727 -2.641246713875379 -2.640574043445219 -2.639749511721226 -2.638771652045585 -2.637638710140177 -2.636348646687545 -2.634899144971175 -2.633287623177085 -2.631511228403733 -2.629566664020209 -2.627450242498127 -2.625157991592265
-2.627450242498127 -2.629722760208333 -2.631821027625225 -2.633749069984078 -2.635510449719369 -2.637108290061613 -2.638545462985041 -2.639824578062831 -2.640947964157844 -2.641917644140389 -2.642735302191947 -2.643402354639685 -2.643919965278429 -2.644289040445354 -2.64451022712043 -2.644583912978769 -2.64451022712043 -2.644289040445354 -2.643919965278429 -2.643402354639685 -2.642735302191947 -2.641917644140389 -2.640947964157844 -2.639824578062831 -2.638545462985041 -2.637108290061613 -2.635510449719369 -2.633749069984078 -2.631821027625225 -2.629722760208333 -2.627450242498127
-2.629566664020209 -2.631821027625225 -2.63390270568563 -2.635815562862872 -2.637563002785495 -2.639148191979893 -2.640574043445219 -2.641843182355609 -2.642957847145205 -2.643919965278429 -2.644731220191464 -2.645393040269796 -2.645906591629871 -2.646272776004587 -2.646492232721768 -2.646565342795054 -2.646492232721768 -2.646272776004587 -2.645906591629871 -2.645393040269796 -2.644731220191464 -2.643919965278429 -2.642957847145205 -2.641843182355609 -2.640574043445219 -2.639148191979893 -2.637563002785495 -2.635815562862872 -2.63390270568563 -2.631821027625225 -2.629566664020209
-2.631511228403733 -2.633749069984078 -2.635815562862872 -2.637714395205979 -2.639449027444937 -2.641022683769055 -2.642438273690216 -2.643698261541395 -2.644804841563063 -2.645759969235413 -2.646565342795054 -2.647222390585778 -2.647732265458558 -2.648095842899538 -2.6483137409405 -2.648386332123354 -2.6483137409405 -2.648095842899538 -2.647732265458558 -2.647222390585778 -2.646565342795054 -2.645759969235413 -2.644804841563063 -2.643698261541395 -2.642438273690216 -2.641022683769055 -2.639449027444937 -2.637714395205979 -2.635815562862872 -2.633749069984078 -2.631511228403733
-2.633287623177085 -2.635510449719369 -2.637563002785495 -2.639449027444937 -2.641172058633201 -2.642735302191947 -2.6441414750124 -2.645393040269796 -2.646492232721768 -2.647441032074558 -2.648241128998976 -2.648893888016255 -2.649400421913589 -2.649761604541659 -2.64997806294793 -2.650050173884821 -2.64997806294793 -2.649761604541659 -2.649400421913589 -2.648893888016255 -2.648241128998976 -2.647441032074558 -2.646492232721768 -2.645393040269796 -2.6441414750124 -2.642735302191947 -2.641172058633201 -2.639449027444937 -2.637563002785495 -2.635510449719369 -2.633287623177085
-2.634899144971175 -2.637108290061613 -2.639148191979893 -2.641022683769055 -2.642735302191947 -2.644289040445354 -2.645686626104408 -2.646930578220643 -2.648023168772377 -2.648966312654419 -2.649761604541693 -2.650410414725 -2.650913874645512 -2.651272864835174 -2.651488010784892 -2.651559684937784 -2.651488010784892 -2.651272864835174 -2.650913874645512 -2.650410414725 -2.649761604541693 -2.648966312654419 -2.648023168772377 -2.646930578220643 -2.645686626104408 -2.644289040445354 -2.642735302191947 -2.641022683769055 -2.639148191979893 -2.637108290061613 -2.634899144971175
-2.636348646687545 -2.638545462985041 -2.640574043445219 -2.642438273690216 -2.6441414750124 -2.645686626104408 -2.647076526015244 -2.6483137409405 -2.649400421913573 -2.650338408384329 -2.651129330946908 -2.651774584472013 -2.652275306204034 -2.652632364828987 -2.652846361523539 -2.652917653764275 -2.652846361523539 -2.652632364828987 -2.652275306204034 -2.651774584472013 -2.651129330946908 -2.650338408384329 -2.649400421913573 -2.6483137409405 -2.647076526015244 -2.645686626104408 -2.6441414750124 -2.642438273690216 -2.640574043445219 -2.638545462985041 -2.636348646687545
-2.637638710140177 -2.639824578062831 -2.641843182355609 -2.643698261541395 -2.645393040269796 -2.646930578220643 -2.6483137409405 -2.649544957743927 -2.650626308401371 -2.651559684937784 -2.652346757578217 -2.652988925938669 -2.653487265921656 -2.653842612715249 -2.654055574830965 -2.654126521073927 -2.654055574830965 -2.653842612715249 -2.653487265921656 -2.652988925938669 -2.652346757578217 -2.651559684937784 -2.650626308401371 -2.649544957743927 -2.6483137409405 -2.646930578220643 -2.645393040269796 -2.643698261541395 -2.641843182355609 -2.639824578062831 -2.637638710140177
-2.638771652045585 -2.640947964157844 -2.642957847145205 -2.644804841563063 -2.646492232721768 -2.648023168772377 -2.649400421913573 -2.650626308401371 -2.651702971736706 -2.652632364829002 -2.65341613532434 -2.654055574830965 -2.654551765832843 -2.654905570117544 -2.655117606809118 -2.655188245016519 -2.655117606809118 -2.654905570117544 -2.654551765832843 -2.654055574830965 -2.65341613532434 -2.652632364829002 -2.651702971736706 -2.650626308401371 -2.649400421913573 -2.648023168772377 -2.646492232721768 -2.644804841563063 -2.642957847145205 -2.640947964157844 -2.638771652045585
-2.639749511721226 -2.641917644140389 -2.643919965278429 -2.645759969235413 -2.647441032074558 -2.648966312654419 -2.650338408384329 -2.651559684937784 -2.652632364829002 -2.653558376147751 -2.654339236211484 -2.65497626942064 -2.655470596516918 -2.655823092108556 -2.656034360873033 -2.656104746096259 -2.656034360873033 -2.655823092108556 -2.655470596516918 -2.65497626942064 -2.654339236211484 -2.653558376147751 -2.652632364829002 -2.651559684937784 -2.650338408384329 -2.648966312654419 -2.647441032074558 -2.645759969235413 -2.643919965278429 -2.641917644140389 -2.639749511721226
-2.640574043445219 -2.642735302191947 -2.644731220191464 -2.646565342795054 -2.648241128998976 -2.649761604541693 -2.651129330946908 -2.652346757578217 -2.65341613532434 -2.654339236211484 -2.655117606809118 -2.655752631583188 -2.656245459133733 -2.656596899779721 -2.656807523645814 -2.656877690638848 -2.656807523645814 -2.656596899779721 -2.656245459133733 -2.655752631583188 -2.655117606809118 -2.654339236211484 -2.65341613532434 -2.652346757578217 -2.651129330946908 -2.649761604541693 -2.648241128998976 -2.646565342795054 -2.644731220191464 -2.642735302191947 -2.640574043445219
-2.641246713875379 -2.643402354639685 -2.645393040269796 -2.647222390585778 -2.648893888016255 -2.650410414725 -2.651774584472013 -2.652988925938669 -2.654055574830965 -2.65497626942064 -2.655752631583188 -2.656386094620004 -2.656877690638848 -2.657228212836268 -2.657438273280123 -2.657508251317301 -2.657438273280123 -2.657228212836268 -2.656877690638848 -2.656386094620004 -2.655752631583188 -2.65497626942064 -2.654055574830965 -2.652988925938669 -2.651774584472013 -2.650410414725 -2.648893888016255 -2.647222390585778 -2.645393040269796 -2.643402354639685 -2.641246713875379
-2.641768699051727 -2.643919965278429 -2.645906591629871 -2.647732265458558 -2.649400421913589 -2.650913874645512 -2.652275306204034 -2.653487265921656 -2.654551765832843 -2.655470596516918 -2.656245459133733 -2.656877690638848 -2.657368274245619 -2.657718061827128 -2.657927698570907 -2.657997543851717 -2.657927698570907 -2.657718061827128 -2.657368274245619 -2.656877690638848 -2.656245459133733 -2.655470596516918 -2.654551765832843 -2.653487265921656 -2.652275306204034 -2.650913874645512 -2.649400421913589 -2.647732265458558 -2.645906591629871 -2.643919965278429 -2.641768699051727
-2.642140900329109 -2.644289040445354 -2.646272776004587 -2.648095842899538 -2.649761604541659 -2.651272864835174 -2.652632364828987 -2.653842612715249 -2.654905570117544 -2.655823092108556 -2.656596899779721 -2.657228212836268 -2.657718061827128 -2.658067373358115 -2.658276757616254 -2.65834651332059 -2.658276757616254 -2.658067373358115 -2.657718061827128 -2.657228212836268 -2.656596899779721 -2.655823092108556 -2.654905570117544 -2.653842612715249 -2.652632364828987 -2.651272864835174 -2.649761604541659 -2.648095842899538 -2.646272776004587 -2.644289040445354 -2.642140900329109
-2.642363962671969 -2.64451022712043 -2.646492232721768 -2.6483137409405 -2.64997806294793 -2.651488010784892 -2.652846361523539 -2.654055574830965 -2.655117606809118 -2.656034360873033 -2.656807523645814 -2.657438273280123 -2.657927698570907 -2.658276757616254 -2.65848595438795 -2.658555633360774 -2.65848595438795 -2.658276757616254 -2.657927698570907 -2.657438273280123 -2.656807523645814 -2.656034360873033 -2.655117606809118 -2.654055574830965 -2.652846361523539 -2.651488010784892 -2.64997806294793 -2.6483137409405 -2.646492232721768 -2.64451022712043 -2.642363962671969
-2.642438273690227 -2.644583912978769 -2.646565342795054 -2.648386332123354 -2.650050173884821 -2.651559684937784 -2.652917653764275 -2.654126521073927 -2.655188245016519 -2.656104746096259 -2.656877690638848 -2.657508251317301 -2.657997543851717 -2.65834651332059 -2.658555633360774 -2.658625296877937 -2.658555633360774 -2.65834651332059 -2.657997543851717 -2.657508251317301 -2.656877690638848 -2.656104746096259 -2.655188245016519 -2.654126521073927 -2.652917653764275 -2.651559684937784 -2.650050173884821 -2.648386332123354 -2.646565342795054 -2.644583912978769 -2.642438273690227
-2.642363962671969 -2.64451022712043 -2.646492232721768 -2.6483137409405 -2.64997806294793 -2.651488010784892 -2.652846361523539 -2.654055574830965 -2.655117606809118 -2.656034360873033 -2.656807523645814 -2.657438273280123 -2.657927698570907 -2.658276757616254 -2.65848595438795 -2.658555633360774 -2.65848595438795 -2.658276757616254 -2.657927698570907 -2.657438273280123 -2.656807523645814 -2.656034360873033 -2.655117606809118 -2.654055574830965 -2.652846361523539 -2.651488010784892 -2.64997806294793 -2.6483137409405 -2.646492232721768 -2.64451022712043 -2.642363962671969
-2.642140900329109 -2.644289040445354 -2.646272776004587 -2.648095842899538 -2.649761604541659 -2.651272864835174 -2.652632364828987 -2.653842612715249 -2.654905570117544 -2.655823092108556 -2.656596899779721 -2.657228212836268 -2.657718061827128 -2.658067373358115 -2.658276757616254 -2.65834651332059 -2.658276757616254 -2.658067373358115 -2.657718061827128 -2.657228212836268 -2.656596899779721 -2.655823092108556 -2.654905570117544 -2.653842612715249 -2.652632364828987 -2.651272864835174 -2.649761604541659 -2.648095842899538 -2.646272776004587 -2.644289040445354 -2.642140900329109
-2.641768699051727 -2.643919965278429 -2.645906591629871 -2.647732265458558 -2.649400421913589 -2.650913874645512 -2.652275306204034 -2.653487265921656 -2.654551765832843 -2.655470596516918 -2.656245459133733 -2.656877690638848 -2.657368274245619 -2.657718061827128 -2.657927698570907 -2.657997543851717 -2.657927698570907 -2.657718061827128 -2.657368274245619 -2.656877690638848 -2.656245459133733 -2.655470596516918 -2.654551765832843 -2.653487265921656 -2.652275306204034 -2.650913874645512 -2.649400421913589 -2.647732265458558 -2.645906591629871 -2.643919965278429 -2.641768699051727
-2.641246713875379 -2.643402354639685 -2.645393040269796 -2.647222390585778 -2.648893888016255 -2.650410414725 -2.651774584472013 -2.652988925938669 -2.654055574830965 -2.65497626942064 -2.655752631583188 -2.656386094620004 -2.656877690638848 -2.657228212836268 -2.657438273280123 -2.657508251317301 -2.657438273280123 -2.657228212836268 -2.656877690638848 -2.656386094620004 -2.655752631583188 -2.65497626942064 -2.654055574830965 -2.652988925938669 -2.651774584472013 -2.650410414725 -2.648893888016255 -2.647222390585778 -2.645393040269796 -2.643402354639685 -2.641246713875379
-2.640574043445219 -2.642735302191947 -2.644731220191464 -2.646565342795054 -2.648241128998976 -2.649761604541693 -2.651129330946908 -2.652346757578217 -2.65341613532434 -2.654339236211484 -2.655117606809118 -2.655752631583188 -2.656245459133733 -2.656596899779721 -2.656807523645814 -2.656877690638848 -2.656807523645814 -2.656596899779721 -2.656245459133733 -2.655752631583188 -2.655117606809118 -2.654339236211484 -2.65341613532434 -2.652346757578217 -2.651129330946908 -2.649761604541693 -2.648241128998976 -2.646565342795054 -2.644731220191464 -2.642735302191947 -2.640574043445219
-2.639749511721226 -2.641917644140389 -2.643919965278429 -2.645759969235413 -2.647441032074558 -2.648966312654419 -2.650338408384329 -2.651559684937784 -2.652632364829002 -2.653558376147751 -2.654339236211484 -2.65497626942064 -2.655470596516918 -2.655823092108556 -2.656034360873033 -2.656104746096259 -2.656034360873033 -2.655823092108556 -2.655470596516918 -2.65497626942064 -2.654339236211484 -2.653558376147751 -2.652632364829002 -2.651559684937784 -2.650338408384329 -2.648966312654419 -2.647441032074558 -2.645759969235413 -2.643919965278429 -2.641917644140389 -2.639749511721226
-2.638771652045585 -2.640947964157844 -2.642957847145205 -2.644804841563063 -2.646492232721768 -2.648023168772377 -2.649400421913573 -2.650626308401371 -2.651702971736706 -2.652632364829002 -2.65341613532434 -2.654055574830965 -2.654551765832843 -2.654905570117544 -2.655117606809118 -2.655188245016519 -2.655117606809118 -2.654905570117544 -2.654551765832843 -2.654055574830965 -2.65341613532434 -2.652632364829002 -2.651702971736706 -2.650626308401371 -2.649400421913573 -2.648023168772377 -2.646492232721768 -2.644804841563063 -2.642957847145205 -2.640947964157844 -2.638771652045585
-2.637638710140177 -2.639824578062831 -2.641843182355609 -2.643698261541395 -2.645393040269796 -2.646930578220643 -2.6483137409405 -2.649544957743927 -2.650626308401371 -2.651559684937784 -2.652346757578217 -2.652988925938669 -2.653487265921656 -2.653842612715249 -2.654055574830965 -2.654126521073927 -2.654055574830965 -2.653842612715249 -2.653487265921656 -2.652988925938669 -2.652346757578217 -2.651559684937784 -2.650626308401371 -2.649544957743927 -2.6483137409405 -2.646930578220643 -2.645393040269796 -2.643698261541395 -2.641843182355609 -2.639824578062831 -2.637638710140177
-2.636348646687545 -2.638545462985041 -2.640574043445219 -2.642438273690216 -2.6441414750124 -2.645686626104408 -2.647076526015244 -2.6483137409405 -2.649400421913573 -2.650338408384329 -2.651129330946908 -2.651774584472013 -2.652275306204034 -2.652632364828987 -2.652846361523539 -2.652917653764275 -2.652846361523539 -2.652632364828987 -2.652275306204034 -2.651774584472013 -2.651129330946908 -2.650338408384329 -2.649400421913573 -2.6483137409405 -2.647076526015244 -2.645686626104408 -2.6441414750124 -2.642438273690216 -2.640574043445219 -2.638545462985041 -2.636348646687545
-2.634899144971175 -2.637108290061613 -2.639148191979893 -2.641022683769055 -2.642735302191947 -2.644289040445354 -2.645686626104408 -2.646930578220643 -2.648023168772377 -2.648966312654419 -2.649761604541693 -2.650410414725 -2.650913874645512 -2.651272864835174 -2.651488010784892 -2.651559684937784 -2.651488010784892 -2.651272864835174 -2.650913874645512 -2.650410414725 -2.649761604541693 -2.648966312654419 -2.648023168772377 -2.646930578220643 -2.645686626104408 -2.644289040445354 -2.642735302191947 -2.641022683769055 -2.639148191979893 -2.637108290061613 -2.634899144971175
-2.633287623177085 -2.635510449719369 -2.637563002785495 -2.639449027444937 -2.641172058633201 -2.642735302191947 -2.6441414750124 -2.645393040269796 -2.646492232721768 -2.647441032074558 -2.648241128998976 -2.648893888016255 -2.649400421913589 -2.649761604541659 -2.64997806294793 -2.650050173884821 -2.64997806294793 -2.649761604541659 -2.649400421913589 -2.648893888016255 -2.648241128998976 -2.647441032074558 -2.646492232721768 -2.645393040269796 -2.6441414750124 -2.642735302191947 -2.641172058633201 -2.639449027444937 -2.637563002785495 -2.635510449719369 -2.633287623177085
-2.631511228403733 -2.633749069984078 -2.635815562862872 -2.637714395205979 -2.639449027444937 -2.641022683769055 -2.642438273690216 -2.643698261541395 -2.644804841563063 -2.645759969235413 -2.646565342795054 -2.647222390585778 -2.647732265458558 -2.648095842899538 -2.6483137409405 -2.648386332123354 -2.6483137409405 -2.648095842899538 -2.647732265458558 -2.647222390585778 -2.646565342795054 -2.645759969235413 -2.644804841563063 -2.643698261541395 -2.642438273690216 -2.641022683769055 -2.639449027444937 -2.637714395205979 -2.635815562862872 -2.633749069984078 -2.631511228403733
-2.629566664020209 -2.631821027625225 -2.63390270568563 -2.635815562862872 -2.637563002785495 -2.639148191979893 -2.640574043445219 -2.641843182355609 -2.642957847145205 -2.643919965278429 -2.644731220191464 -2.645393040269796 -2.645906591629871 -2.646272776004587 -2.646492232721768 -2.646565342795054 -2.646492232721768 -2.646272776004587 -2.645906591629871 -2.645393040269796 -2.644731220191464 -2.643919965278429 -2.642957847145205 -2.641843182355609 -2.640574043445219 -2.639148191979893 -2.637563002785495 -2.635815562862872 -2.63390270568563 -2.631821027625225 -2.629566664020209
-2.627450242498127 -2.629722760208333 -2.631821027625225 -2.633749069984078 -2.635510449719369 -2.637108290061613 -2.638545462985041 -2.639824578062831 -2.640947964157844 -2.641917644140389 -2.642735302191947 -2.643402354639685 -2.643919965278429 -2.644289040445354 -2.64451022712043 -2.644583912978769 -2.64451022712043 -2.644289040445354 -2.643919965278429 -2.643402354639685 -2.642735302191947 -2.641917644140389 -2.640947964157844 -2.639824578062831 -2.638545462985041 -2.637108290061613 -2.635510449719369 -2.633749069984078 -2.631821027625225 -2.629722760208333 -2.627450242498127
-2.625157991592265 -2.627450242498127 -2.629566664020209 -2.631511228403733 -2.633287623177085 -2.634899144971175 -2.636348646687545 -2.637638710140177 -2.638771652045585 -2.639749511721226 -2.640574043445219 -2.641246713875379 -2.641768699051727 -2.642140900329109 -2.642363962671969 -2.642438273690227 -2.642363962671969 -2.642140900329109 -2.641768699051727 -2.641246713875379 -2.640574043445219 -2.639749511721226 -2.638771652045585 -2.637638710140177 -2.636348646687545 -2.634899144971175 -2.633287623177085 -2.631511228403733 -2.629566664020209 -2.627450242498127 -2.625157991592265
-2.674786156035689 -2.676011275273624 -2.677151408678184 -2.67820666629077 -2.6791770862169 -2.680062735878262 -2.680863722916095 -2.681580144675665 -2.682212087664758 -2.682759627199426 -2.683222820410311 -2.683601709125131 -2.683896345539648 -2.684106770846288 -2.684233014351768 -2.684275093577451 -2.684233014351768 -2.684106770846288 -2.683896345539648 -2.683601709125131 -2.683222820410311 -2.682759627199426 -2.682212087664758 -2.681580144675665 -2.680863722916095 -2.680062735878262 -2.6791770862169 -2.67820666629077 -2.677151408678184 -2.676011275273624 -2.674786156035689
-2.676011275273624 -2.677235844154295 -2.678375466811117 -2.679430166467001 -2.680400029881119 -2.681285175959487 -2.682085713451837 -2.682801740151466 -2.683433323940416 -2.683980518585336 -2.684443400784703 -2.684822035496496 -2.685116475419052 -2.685326761094487 -2.685452921157349 -2.68549497263008 -2.685452921157349 -2.685326761094487 -2.685116475419052 -2.684822035496496 -2.684443400784703 -2.683980518585336 -2.683433323940416 -2.682801740151466 -2.682085713451837 -2.681285175959487 -2.680400029881119 -2.679430166467001 -2.678375466811117 -2.677235844154295 -2.676011275273624
-2.677151408678184 -2.678375466811117 -2.679514519875537 -2.680568657053372 -2.681538008716722 -2.682422695509671 -2.683222820410308 -2.683938432550011 -2.684569621030682 -2.685116475419064 -2.685579072762841 -2.685957477298029 -2.686251740495496 -2.686461901421143 -2.686587987308491 -2.686630014177348 -2.686587987308491 -2.686461901421143 -2.686251740495496 -2.685957477298029 -2.685579072762841 -2.685116475419064 -2.684569621030682 -2.683938432550011 -2.683222820410308 -2.682422695509671 -2.681538008716722 -2.680568657053372 -2.679514519875537 -2.678375466811117 -2.677151408678184
-2.67820666629077 -2.679430166467001 -2.680568657053372 -2.681622279827102 -2.682591167610886 -2.683475421705638 -2.684275093577451 -2.684990292611447 -2.685621121426162 -2.686167669837665 -2.686630014177356 -2.687008213874624 -2.687302309177577 -2.687512344430201 -2.687638352481768 -2.687680352986232 -2.687638352481768 -2.687512344430201 -2.687302309177577 -2.687008213874624 -2.686630014177356 -2.686167669837665 -2.685621121426162 -2.684990292611447 -2.684275093577451 -2.683475421705638 -2.682591167610886 -2.681622279827102 -2.680568657053372 -2.679430166467001 -2.67820666629077
-2.6791770862169 -2.680400029881119 -2.681538008716722 -2.682591167610886 -2.683559614297672 -2.684443400784703 -2.685242649667022 -2.685957477298029 -2.686587987308491 -2.687134261289071 -2.687596350888086 -2.687974326096809 -2.688268246256566 -2.688478157100742 -2.688604090876991 -2.688646066695176 -2.688604090876991 -2.688478157100742 -2.688268246256566 -2.687974326096809 -2.687596350888086 -2.687134261289071 -2.686587987308491 -2.685957477298029 -2.685242649667022 -2.684443400784703 -2.683559614297672 -2.682591167610886 -2.681538008716722 -2.680400029881119 -2.6791770862169
-2.680062735878262 -2.681285175959487 -2.682422695509671 -2.683475421705638 -2.684443400784703 -2.685326761094487 -2.686125633151124 -2.686840135315036 -2.68747033956461 -2.688016317922377 -2.688478157100747 -2.688855930108681 -2.689149695602237 -2.689359497871338 -2.689485367441929 -2.689527322035456 -2.689485367441929 -2.689359497871338 -2.689149695602237 -2.688855930108681 -2.688478157100747 -2.688016317922377 -2.68747033956461 -2.686840135315036 -2.686125633151124 -2.685326761094487 -2.684443400784703 -2.683475421705638 -2.682422695509671 -2.681285175959487 -2.680062735878262
-2.680863722916095 -2.682085713451837 -2.683222820410308 -2.684275093577451 -2.685242649667022 -2.686125633151124 -2.686924176786682 -2.687638352481768 -2.68826824625658 -2.688813959506064 -2.689275579938969 -2.689653180118773 -2.689946815510929 -2.690156521231475 -2.690282330441842 -2.690324264474153 -2.690282330441842 -2.690156521231475 -2.689946815510929 -2.689653180118773 -2.689275579938969 -2.688813959506064 -2.68826824625658 -2.687638352481768 -2.686924176786682 -2.686125633151124 -2.685242649667022 -2.684275093577451 -2.683222820410308 -2.682085713451837 -2.680863722916095
-2.681580144675665 -2.682801740151466 -2.683938432550011 -2.684990292611447 -2.685957477298029 -2.686840135315036 -2.687638352481768 -2.688352213790159 -2.688981835730478 -2.689527322035456 -2.689988759023635 -2.690366197321142 -2.690659694115971 -2.690869299353556 -2.690995048500117 -2.691036962570344 -2.690995048500117 -2.690869299353556 -2.690659694115971 -2.690366197321142 -2.689988759023635 -2.689527322035456 -2.688981835730478 -2.688352213790159 -2.687638352481768 -2.686840135315036 -2.685957477298029 -2.684990292611447 -2.683938432550011 -2.682801740151466 -2.681580144675665
-2.682212087664758 -2.683433323940416 -2.684569621030682 -2.685621121426162 -2.686587987308491 -2.68747033956461 -2.68826824625658 -2.688981835730478 -2.689611228366868 -2.690156521231473 -2.690617769545559 -2.690995048500117 -2.691288423061288 -2.691497942889402 -2.691623641968547 -2.691665539600963 -2.691623641968547 -2.691497942889402 -2.691288423061288 -2.690995048500117 -2.690617769545559 -2.690156521231473 -2.689611228366868 -2.688981835730478 -2.68826824625658 -2.68747033956461 -2.686587987308491 -2.685621121426162 -2.684569621030682 -2.683433323940416 -2.682212087664758
-2.682759627199426 -2.683980518585336 -2.685116475419064 -2.686167669837665 -2.687134261289071 -2.688016317922377 -2.688813959506064 -2.689527322035456 -2.690156521231473 -2.690701617509233 -2.691162697909358 -2.691539843626896 -2.691833120262618 -2.692042575144122 -2.692168234778954 -2.692210118824779 -2.692168234778954 -2.692042575144122 -2.691833120262618 -2.691539843626896 -2.691162697909358 -2.690701617509233 -2.690156521231473 -2.689527322035456 -2.688813959506064 -2.688016317922377 -2.687134261289071 -2.686167669837665 -2.685116475419064 -2.683980518585336 -2.682759627199426
-2.683222820410311 -2.684443400784703 -2.685579072762841 -2.686630014177356 -2.687596350888086 -2.688478157100747 -2.689275579938969 -2.689988759023635 -2.690617769545559 -2.691162697909358 -2.691623641968547 -2.692000686120472 -2.692293883132945 -2.692503271603349 -2.692628889256591 -2.692670759229405 -2.692628889256591 -2.692503271603349 -2.692293883132945 -2.692000686120472 -2.691623641968547 -2.691162697909358 -2.690617769545559 -2.689988759023635 -2.689275579938969 -2.688478157100747 -2.687596350888086 -2.686630014177356 -2.685579072762841 -2.684443400784703 -2.683222820410311
-2.683601709125131 -2.684822035496496 -2.685957477298029 -2.687008213874624 -2.687974326096809 -2.688855930108681 -2.689653180118773 -2.690366197321142 -2.690995048500117 -2.691539843626896 -2.692000686120472 -2.692377642361582 -2.692670759229405 -2.692880089945415 -2.693005673521803 -2.693047532389481 -2.693005673521803 -2.692880089945415 -2.692670759229405 -2.692377642361582 -2.692000686120472 -2.691539843626896 -2.690995048500117 -2.690366197321142 -2.689653180118773 -2.688855930108681 -2.687974326096809 -2.687008213874624 -2.685957477298029 -2.684822035496496 -2.683601709125131
-2.683896345539648 -2.685116475419052 -2.686251740495496 -2.687302309177577 -2.688268246256566 -2.689149695602237 -2.689946815510929 -2.690659694115971 -2.691288423061288 -2.691833120262618 -2.692293883132945 -2.692670759229405 -2.692963813516543 -2.693173102740063 -2.693298665717517 -2.693340518479624 -2.693298665717517 -2.693173102740063 -2.692963813516543 -2.692670759229405 -2.692293883132945 -2.691833120262618 -2.691288423061288 -2.690659694115971 -2.689946815510929 -2.689149695602237 -2.688268246256566 -2.687302309177577 -2.686251740495496 -2.685116475419052 -2.683896345539648
-2.684106770846288 -2.685326761094487 -2.686461901421143 -2.687512344430201 -2.688478157100742 -2.689359497871338 -2.690156521231475 -2.690869299353556 -2.691497942889402 -2.692042575144122 -2.692503271603349 -2.692880089945415 -2.693173102740063 -2.693382370076352 -2.693507917196621 -2.693549763385266 -2.693507917196621 -2.693382370076352 -2.693173102740063 -2.692880089945415 -2.692503271603349 -2.692042575144122 -2.691497942889402 -2.690869299353556 -2.690156521231475 -2.689359497871338 -2.688478157100742 -2.687512344430201 -2.686461901421143 -2.685326761094487 -2.684106770846288
-2.684233014351768 -2.685452921157349 -2.686587987308491 -2.687638352481768 -2.688604090876991 -2.689485367441929 -2.690282330441842 -2.690995048500117 -2.691623641968547 -2.692168234778954 -2.692628889256591 -2.693005673521803 -2.693298665717517 -2.693507917196621 -2.693633450723655 -2.693675291535585 -2.693633450723655 -2.693507917196621 -2.693298665717517 -2.693005673521803 -2.692628889256591 -2.692168234778954 -2.691623641968547 -2.690995048500117 -2.690282330441842 -2.689485367441929 -2.688604090876991 -2.687638352481768 -2.686587987308491 -2.685452921157349 -2.684233014351768
-2.684275093577451 -2.68549497263008 -2.686630014177348 -2.687680352986232 -2.688646066695176 -2.689527322035456 -2.690324264474153 -2.691036962570344 -2.691665539600963 -2.692210118824779 -2.692670759229405 -2.693047532389481 -2.693340518479624 -2.693549763385266 -2.693675291535585 -2.693717132482361 -2.693675291535585 -2.693549763385266 -2.693340518479624 -2.693047532389481 -2.692670759229405 -2.692210118824779 -2.691665539600963 -2.691036962570344 -2.690324264474153 -2.689527322035456 -2.688646066695176 -2.687680352986232 -2.686630014177348 -2.68549497263008 -2.684275093577451
-2.684233014351768 -2.685452921157349 -2.686587987308491 -2.687638352481768 -2.688604090876991 -2.689485367441929 -2.690282330441842 -2.690995048500117 -2.691623641968547 -2.692168234778954 -2.692628889256591 -2.693005673521803 -2.693298665717517 -2.693507917196621 -2.693633450723655 -2.693675291535585 -2.693633450723655 -2.693507917196621 -2.693298665717517 -2.693005673521803 -2.692628889256591 -2.692168234778954 -2.691623641968547 -2.690995048500117 -2.690282330441842 -2.689485367441929 -2.688604090876991 -2.687638352481768 -2.686587987308491 -2.685452921157349 -2.684233014351768
-2.684106770846288 -2.685326761094487 -2.686461901421143 -2.687512344430201 -2.688478157100742 -2.689359497871338 -2.690156521231475 -2.690869299353556 -2.691497942889402 -2.692042575144122 -2.692503271603349 -2.692880089945415 -2.693173102740063 -2.693382370076352 -2.693507917196621 -2.693549763385266 -2.693507917196621 -2.693382370076352 -2.693173102740063 -2.692880089945415 -2.692503271603349 -2.692042575144122 -2.691497942889402 -2.690869299353556 -2.690156521231475 -2.689359497871338 -2.688478157100742 -2.687512344430201 -2.686461901421143 -2.685326761094487 -2.684106770846288
-2.683896345539648 -2.685116475419052 -2.686251740495496 -2.687302309177577 -2.688268246256566 -2.689149695602237 -2.689946815510929 -2.690659694115971 -2.691288423061288 -2.691833120262618 -2.692293883132945 -2.692670759229405 -2.692963813516543 -2.693173102740063 -2.693298665717517 -2.693340518479624 -2.693298665717517 -2.693173102740063 -2.692963813516543 -2.692670759229405 -2.692293883132945 -2.691833120262618 -2.691288423061288 -2.690659694115971 -2.689946815510929 -2.689149695602237 -2.688268246256566 -2.687302309177577 -2.686251740495496 -2.685116475419052 -2.683896345539648
-2.683601709125131 -2.684822035496496 -2.685957477298029 -2.687008213874624 -2.687974326096809 -2.688855930108681 -2.689653180118773 -2.690366197321142 -2.690995048500117 -2.691539843626896 -2.692000686120472 -2.692377642361582 -2.692670759229405 -2.692880089945415 -2.693005673521803 -2.693047532389481 -2.693005673521803 -2.692880089945415 -2.692670759229405 -2.692377642361582 -2.692000686120472 -2.691539843626896 -2.690995048500117 -2.690366197321142 -2.689653180118773 -2.688855930108681 -2.687974326096809 -2.687008213874624 -2.685957477298029 -2.684822035496496 -2.683601709125131
-2.683222820410311 -2.684443400784703 -2.685579072762841 -2.686630014177356 -2.687596350888086 -2.688478157100747 -2.689275579938969 -2.689988759023635 -2.690617769545559 -2.691162697909358 -2.691623641968547 -2.692000686120472 -2.692293883132945 -2.692503271603349 -2.692628889256591 -2.692670759229405 -2.692628889256591 -2.692503271603349 -2.692293883132945 -2.692000686120472 -2.691623641968547 -2.691162697909358 -2.690617769545559 -2.689988759023635 -2.689275579938969 -2.688478157100747 -2.687596350888086 -2.686630014177356 -2.685579072762841 -2.684443400784703 -2.683222820410311
-2.682759627199426 -2.683980518585336 -2.685116475419064 -2.686167669837665 -2.687134261289071 -2.688016317922377 -2.688813959506064 -2.689527322035456 -2.690156521231473 -2.690701617509233 -2.691162697909358 -2.691539843626896 -2.691833120262618 -2.692042575144122 -2.692168234778954 -2.692210118824779 -2.692168234778954 -2.692042575144122 -2.691833120262618 -2.691539843626896 -2.691162697909358 -2.690701617509233 -2.690156521231473 -2.689527322035456 -2.688813959506064 -2.688016317922377 -2.687134261289071 -2.686167669837665 -2.685116475419064 -2.683980518585336 -2.682759627199426
-2.682212087664758 -2.683433323940416 -2.684569621030682 -2.685621121426162 -2.686587987308491 -2.68747033956461 -2.68826824625658 -2.688981835730478 -2.689611228366868 -2.690156521231473 -2.690617769545559 -2.690995048500117 -2.691288423061288 -2.691497942889402 -2.691623641968547 -2.691665539600963 -2.691623641968547 -2.691497942889402 -2.691288423061288 -2.690995048500117 -2.690617769545559 -2.690156521231473 -2.689611228366868 -2.688981835730478 -2.68826824625658 -2.68747033956461 -2.686587987308491 -2.685621121426162 -2.684569621030682 -2.683433323940416 -2.682212087664758
-2.681580144675665 -2.682801740151466 -2.683938432550011 -2.684990292611447 -2.685957477298029 -2.686840135315036 -2.687638352481768 -2.688352213790159 -2.688981835730478 -2.689527322035456 -2.689988759023635 -2.690366197321142 -2.690659694115971 -2.690869299353556 -2.690995048500117 -2.691036962570344 -2.690995048500117 -2.690869299353556 -2.690659694115971 -2.690366197321142 -2.689988759023635 -2.689527322035456 -2.688981835730478 -2.688352213790159 -2.687638352481768 -2.686840135315036 -2.685957477298029 -2.684990292611447 -2.683938432550011 -2.682801740151466 -2.681580144675665
-2.680863722916095 -2.682085713451837 -2.683222820410308 -2.684275093577451 -2.685242649667022 -2.686125633151124 -2.686924176786682 -2.687638352481768 -2.68826824625658 -2.688813959506064 -2.689275579938969 -2.689653180118773 -2.689946815510929 -2.690156521231475 -2.690282330441842 -2.690324264474153 -2.690282330441842 -2.690156521231475 -2.689946815510929 -2.689653180118773 -2.689275579938969 -2.688813959506064 -2.68826824625658 -2.687638352481768 -2.686924176786682 -2.686125633151124 -2.685242649667022 -2.684275093577451 -2.683222820410308 -2.682085713451837 -2.680863722916095
-2.680062735878262 -2.681285175959487 -2.682422695509671 -2.683475421705638 -2.684443400784703 -2.685326761094487 -2.686125633151124 -2.686840135315036 -2.68747033956461 -2.688016317922377 -2.688478157100747 -2.688855930108681 -2.689149695602237 -2.689359497871338 -2.689485367441929 -2.689527322035456 -2.689485367441929 -2.689359497871338 -2.689149695602237 -2.688855930108681 -2.688478157100747 -2.688016317922377 -2.68747033956461 -2.686840135315036 -2.686125633151124 -2.685326761094487 -2.684443400784703 -2.683475421705638 -2.682422695509671 -2.681285175959487 -2.680062735878262
-2.6791770862169 -2.680400029881119 -2.681538008716722 -2.682591167610886 -2.683559614297672 -2.684443400784703 -2.685242649667022 -2.685957477298029 -2.686587987308491 -2.687134261289071 -2.687596350888086 -2.687974326096809 -2.688268246256566 -2.688478157100742 -2.688604090876991 -2.688646066695176 -2.688604090876991 -2.688478157100742 -2.688268246256566 -2.687974326096809 -2.687596350888086 -2.687134261289071 -2.686587987308491 -2.685957477298029 -2.685242649667022 -2.684443400784703 -2.683559614297672 -2.682591167610886 -2.681538008716722 -2.680400029881119 -2.6791770862169
-2.67820666629077 -2.679430166467001 -2.680568657053372 -2.681622279827102 -2.682591167610886 -2.683475421705638 -2.684275093577451 -2.684990292611447 -2.685621121426162 -2.686167669837665 -2.686630014177356 -2.687008213874624 -2.687302309177577 -2.687512344430201 -2.687638352481768 -2.687680352986232 -2.687638352481768 -2.687512344430201 -2.687302309177577 -2.687008213874624 -2.686630014177356 -2.686167669837665 -2.685621121426162 -2.684990292611447 -2.684275093577451 -2.683475421705638 -2.682591167610886 -2.681622279827102 -2.680568657053372 -2.679430166467001 -2.67820666629077
-2.677151408678184 -2.678375466811117 -2.679514519875537 -2.680568657053372 -2.681538008716722 -2.682422695509671 -2.683222820410308 -2.683938432550011 -2.684569621030682 -2.685116475419064 -2.685579072762841 -2.685957477298029 -2.686251740495496 -2.686461901421143 -2.686587987308491 -2.686630014177348 -2.686587987308491 -2.686461901421143 -2.686251740495496 -2.685957477298029 -2.685579072762841 -2.685116475419064 -2.684569621030682 -2.683938432550011 -2.683222820410308 -2.682422695509671 -2.681538008716722 -2.680568657053372 -2.679514519875537 -2.678375466811117 -2.677151408678184
-2.676011275273624 -2.677235844154295 -2.678375466811117 -2.679430166467001 -2.680400029881119 -2.681285175959487 -2.682085713451837 -2.682801740151466 -2.683433323940416 -2.683980518585336 -2.684443400784703 -2.684822035496496 -2.685116475419052 -2.685326761094487 -2.685452921157349 -2.68549497263008 -2.685452921157349 -2.685326761094487 -2.685116475419052 -2.684822035496496 -2.684443400784703 -2.683980518585336 -2.683433323940416 -2.682801740151466 -2.682085713451837 -2.681285175959487 -2.680400029881119 -2.679430166467001 -2.678375466811117 -2.677235844154295 -2.676011275273624
-2.674786156035689 -2.676011275273624 -2.677151408678184 -2.67820666629077 -2.6791770862169 -2.680062735878262 -2.680863722916095 -2.681580144675665 -2.682212087664758 -2.682759627199426 -2.683222820410311 -2.683601709125131 -2.683896345539648 -2.684106770846288 -2.684233014351768 -2.684275093577451 -2.684233014351768 -2.684106770846288 -2.683896345539648 -2.683601709125131 -2.683222820410311 -2.682759627199426 -2.682212087664758 -2.681580144675665 -2.680863722916095 -2.680062735878262 -2.6791770862169 -2.67820666629077 -2.677151408678184 -2.676011275273624 -2.674786156035689
-2.752968390150326 -2.753515445698072 -2.75402877514421 -2.754507434901616 -2.754950606161156 -2.755357584041285 -2.755727720067577 -2.756060426102283 -2.756355177739148 -2.756611511147975 -2.756829037830837 -2.757007444356568 -2.757146473059707 -2.757245922974267 -2.757305650405353 -2.757325569128097 -2.757305650405353 -2.757245922974267 -2.757146473059707 -2.757007444356568 -2.756829037830837 -2.756611511147975 -2.756355177739148 -2.756060426102283 -2.755727720067577 -2.755357584041285 -2.754950606161156 -2.754507434901616 -2.75402877514421 -2.753515445698072 -2.752968390150326
-2.753515445698072 -2.754066950963907 -2.754584315136983 -2.755066657667911 -2.755513209470545 -2.755923255310965 -2.756296139110096 -2.756631262439922 -2.756928104720967 -2.757186238654369 -2.757405291902286 -2.757584948039848 -2.757724948046313 -2.757825090926968 -2.757885233648943 -2.757905290703081 -2.757885233648943 -2.757825090926968 -2.757724948046313 -2.757584948039848 -2.757405291902286 -2.757186238654369 -2.756928104720967 -2.756631262439922 -2.756296139110096 -2.755923255310965 -2.755513209470545 -2.755066657667911 -2.754584315136983 -2.754066950963907 -2.753515445698072
-2.75402877514421 -2.754584315136983 -2.755105382055531 -2.755591143029496 -2.756040815402217 -2.756453672288138 -2.756829037830839 -2.757166353461864 -2.75746513424113 -2.757724948046309 -2.757945419010482 -2.758126229869208 -2.758267123023784 -2.758367900241146 -2.758428420923102 -2.758448603457452 -2.758428420923102 -2.758367900241146 -2.758267123023784 -2.758126229869208 -2.757945419010482 -2.757724948046309 -2.75746513424113 -2.757166353461864 -2.756829037830839 -2.756453672288138 -2.756040815402217 -2.755591143029496 -2.755105382055531 -2.754584315136983 -2.75402877514421
