15 -0.0025 -0.002142857142857143 -0.001785714285714286 -0.001428571428571429 -0.001071428571428571 -0.0007142857142857143 -0.0003571428571428571 0 0.0003571428571428571 0.0007142857142857143 0.001071428571428571 0.001428571428571429 0.001785714285714286 0.002142857142857143 0.0025
15 -0.0025 -0.002142857142857143 -0.001785714285714286 -0.001428571428571429 -0.001071428571428571 -0.0007142857142857143 -0.0003571428571428571 0 0.0003571428571428571 0.0007142857142857143 0.001071428571428571 0.001428571428571429 0.001785714285714286 0.002142857142857143 0.0025
128 0.307 0.3081023622047244 0.3092047244094488 0.3103070866141732 0.3114094488188976 0.312511811023622 0.3136141732283464 0.3147165354330709 0.3158188976377952 0.3169212598425197 0.3180236220472441 0.3191259842519685 0.3202283464566929 0.3213307086614173 0.3224330708661417 0.3235354330708661 0.3246377952755906 0.3257401574803149 0.3268425196850394 0.3279448818897638 0.3290472440944882 0.3301496062992126 0.331251968503937 0.3323543307086614 0.3334566929133858 0.3345590551181102 0.3356614173228347 0.336763779527559 0.3378661417322835 0.3389685039370079 0.3400708661417323 0.3411732283464567 0.3422755905511811 0.3433779527559055 0.3444803149606299 0.3455826771653543 0.3466850393700787 0.3477874015748031 0.3488897637795276 0.3499921259842519 0.3510944881889764 0.3521968503937008 0.3532992125984252 0.3544015748031496 0.355503937007874 0.3566062992125984 0.3577086614173228 0.3588110236220473 0.3599133858267717 0.3610157480314961 0.3621181102362205 0.3632204724409449 0.3643228346456693 0.3654251968503937 0.3665275590551181 0.3676299212598425 0.3687322834645669 0.3698346456692914 0.3709370078740157 0.3720393700787402 0.3731417322834646 0.374244094488189 0.3753464566929134 0.3764488188976378 0.3775511811023622 0.3786535433070866 0.379755905511811 0.3808582677165354 0.3819606299212598 0.3830629921259843 0.3841653543307086 0.3852677165354331 0.3863700787401575 0.3874724409448819 0.3885748031496063 0.3896771653543307 0.3907795275590551 0.3918818897637795 0.392984251968504 0.3940866141732283 0.3951889763779527 0.3962913385826772 0.3973937007874015 0.398496062992126 0.3995984251968504 0.4007007874015748 0.4018031496062992 0.4029055118110236 0.404007874015748 0.4051102362204724 0.4062125984251969 0.4073149606299212 0.4084173228346457 0.4095196850393701 0.4106220472440945 0.4117244094488189 0.4128267716535433 0.4139291338582677 0.4150314960629921 0.4161338582677165 0.4172362204724409 0.4183385826771653 0.4194409448818898 0.4205433070866141 0.4216456692913386 0.422748031496063 0.4238503937007874 0.4249527559055118 0.4260551181102362 0.4271574803149606 0.428259842519685 0.4293622047244094 0.4304645669291339 0.4315669291338582 0.4326692913385827 0.433771653543307 0.4348740157480315 0.4359763779527559 0.4370787401574803 0.4381811023622048 0.4392834645669291 0.4403858267716536 0.441488188976378 0.4425905511811024 0.4436929133858268 0.4447952755905512 0.4458976377952756 0.447
-2.859526407669471 -2.87975286707815 -2.896147593892882 -2.90909349574651 -2.91888227193765 -2.925728608497741 -2.92977926710078 -2.931120127664551 -2.92977926710078 -2.925728608497741 -2.91888227193765 -2.90909349574651 -2.896147593892882 -2.87975286707815 -2.859526407669471
-2.87975286707815 -2.899060274719219 -2.914716448379584 -2.92708353933069 -2.936437404924368 -2.942981024839987 -2.946853264675665 -2.948135197513569 -2.946853264675665 -2.942981024839987 -2.936437404924368 -2.92708353933069 -2.914716448379584 -2.899060274719219 -2.87975286707815
-2.896147593892882 -2.914716448379584 -2.92977926710078 -2.941681362740586 -2.950685907593547 -2.956986465071739 -2.960715484007765 -2.961950083578121 -2.960715484007765 -2.956986465071739 -2.950685907593547 -2.941681362740586 -2.92977926710078 -2.914716448379584 -2.896147593892882
-2.90909349574651 -2.92708353933069 -2.941681362740586 -2.953219131353948 -2.961950083578121 -2.968060336105843 -2.971677206744041 -2.972874727298368 -2.971677206744041 -2.968060336105843 -2.961950083578121 -2.953219131353948 -2.941681362740586 -2.92708353933069 -2.90909349574651
-2.91888227193765 -2.936437404924368 -2.950685907593547 -2.961950083578121 -2.970475629241462 -2.976443033063941 -2.979975684008007 -2.981145352888362 -2.979975684008007 -2.976443033063941 -2.970475629241462 -2.961950083578121 -2.950685907593547 -2.936437404924368 -2.91888227193765
-2.925728608497741 -2.942981024839987 -2.956986465071739 -2.968060336105843 -2.976443033063941 -2.982311072886191 -2.985785107775331 -2.986935390703584 -2.985785107775331 -2.982311072886191 -2.976443033063941 -2.968060336105843 -2.956986465071739 -2.942981024839987 -2.925728608497741
-2.92977926710078 -2.946853264675665 -2.960715484007765 -2.971677206744041 -2.979975684008007 -2.985785107775331 -2.989224576126301 -2.990363426637817 -2.989224576126301 -2.985785107775331 -2.979975684008007 -2.971677206744041 -2.960715484007765 -2.946853264675665 -2.92977926710078
-2.931120127664551 -2.948135197513569 -2.961950083578121 -2.972874727298368 -2.981145352888362 -2.986935390703584 -2.990363426637817 -2.991498578725484 -2.990363426637817 -2.986935390703584 -2.981145352888362 -2.972874727298368 -2.961950083578121 -2.948135197513569 -2.931120127664551
-2.92977926710078 -2.946853264675665 -2.960715484007765 -2.971677206744041 -2.979975684008007 -2.985785107775331 -2.989224576126301 -2.990363426637817 -2.989224576126301 -2.985785107775331 -2.979975684008007 -2.971677206744041 -2.960715484007765 -2.946853264675665 -2.92977926710078
-2.925728608497741 -2.942981024839987 -2.956986465071739 -2.968060336105843 -2.976443033063941 -2.982311072886191 -2.985785107775331 -2.986935390703584 -2.985785107775331 -2.982311072886191 -2.976443033063941 -2.968060336105843 -2.956986465071739 -2.942981024839987 -2.925728608497741
-2.91888227193765 -2.936437404924368 -2.950685907593547 -2.961950083578121 -2.970475629241462 -2.976443033063941 -2.979975684008007 -2.981145352888362 -2.979975684008007 -2.976443033063941 -2.970475629241462 -2.961950083578121 -2.950685907593547 -2.936437404924368 -2.91888227193765
-2.90909349574651 -2.92708353933069 -2.941681362740586 -2.953219131353948 -2.961950083578121 -2.968060336105843 -2.971677206744041 -2.972874727298368 -2.971677206744041 -2.968060336105843 -2.961950083578121 -2.953219131353948 -2.941681362740586 -2.92708353933069 -2.90909349574651
-2.896147593892882 -2.914716448379584 -2.92977926710078 -2.941681362740586 -2.950685907593547 -2.956986465071739 -2.960715484007765 -2.961950083578121 -2.960715484007765 -2.956986465071739 -2.950685907593547 -2.941681362740586 -2.92977926710078 -2.914716448379584 -2.896147593892882
-2.87975286707815 -2.899060274719219 -2.914716448379584 -2.92708353933069 -2.936437404924368 -2.942981024839987 -2.946853264675665 -2.948135197513569 -2.946853264675665 -2.942981024839987 -2.936437404924368 -2.92708353933069 -2.914716448379584 -2.899060274719219 -2.87975286707815
-2.859526407669471 -2.87975286707815 -2.896147593892882 -2.90909349574651 -2.91888227193765 -2.925728608497741 -2.92977926710078 -2.931120127664551 -2.92977926710078 -2.925728608497741 -2.91888227193765 -2.90909349574651 -2.896147593892882 -2.87975286707815 -2.859526407669471
-2.938050037703619 -2.951019380544063 -2.961727859235381 -2.970313847166941 -2.976885819048242 -2.98152414674959 -2.984285237649717 -2.985201991327812 -2.984285237649717 -2.98152414674959 -2.976885819048242 -2.970313847166941 -2.961727859235381 -2.951019380544063 -2.938050037703619
-2.951019380544063 -2.963649341151884 -2.974080533291838 -2.982446314474619 -2.988850920574926 -2.993371812961665 -2.996063287018724 -2.99695695061211 -2.996063287018724 -2.993371812961665 -2.988850920574926 -2.982446314474619 -2.974080533291838 -2.963649341151884 -2.951019380544063
-2.961727859235381 -2.974080533291838 -2.984285237649717 -2.992471170474866 -2.998739039194766 -3.003163996540721 -3.005798576852025 -3.006673375465049 -3.005798576852025 -3.003163996540721 -2.998739039194766 -2.992471170474866 -2.984285237649717 -2.974080533291838 -2.961727859235381
-2.970313847166941 -2.982446314474619 -2.992471170474866 -3.00051417611534 -3.006673375465049 -3.011022105279001 -3.013611469000519 -3.014471275603778 -3.013611469000519 -3.011022105279001 -3.006673375465049 -3.00051417611534 -2.992471170474866 -2.982446314474619 -2.970313847166941
-2.976885819048242 -2.988850920574926 -2.998739039194766 -3.006673375465049 -3.012750004264222 -3.017040828024417 -3.019595834400492 -3.020444247744372 -3.019595834400492 -3.017040828024417 -3.012750004264222 -3.006673375465049 -2.998739039194766 -2.988850920574926 -2.976885819048242
-2.98152414674959 -2.993371812961665 -3.003163996540721 -3.011022105279001 -3.017040828024417 -3.021291041277576 -3.023821920743084 -3.024662333806647 -3.023821920743084 -3.021291041277576 -3.017040828024417 -3.011022105279001 -3.003163996540721 -2.993371812961665 -2.98152414674959
-2.984285237649717 -2.996063287018724 -3.005798576852025 -3.013611469000519 -3.019595834400492 -3.023821920743084 -3.026338473116108 -3.027174138918534 -3.026338473116108 -3.023821920743084 -3.019595834400492 -3.013611469000519 -3.005798576852025 -2.996063287018724 -2.984285237649717
-2.985201991327812 -2.99695695061211 -3.006673375465049 -3.014471275603778 -3.020444247744372 -3.024662333806647 -3.027174138918534 -3.028008279701947 -3.027174138918534 -3.024662333806647 -3.020444247744372 -3.014471275603778 -3.006673375465049 -2.99695695061211 -2.985201991327812
-2.984285237649717 -2.996063287018724 -3.005798576852025 -3.013611469000519 -3.019595834400492 -3.023821920743084 -3.026338473116108 -3.027174138918534 -3.026338473116108 -3.023821920743084 -3.019595834400492 -3.013611469000519 -3.005798576852025 -2.996063287018724 -2.984285237649717
-2.98152414674959 -2.993371812961665 -3.003163996540721 -3.011022105279001 -3.017040828024417 -3.021291041277576 -3.023821920743084 -3.024662333806647 -3.023821920743084 -3.021291041277576 -3.017040828024417 -3.011022105279001 -3.003163996540721 -2.993371812961665 -2.98152414674959
-2.976885819048242 -2.988850920574926 -2.998739039194766 -3.006673375465049 -3.012750004264222 -3.017040828024417 -3.019595834400492 -3.020444247744372 -3.019595834400492 -3.017040828024417 -3.012750004264222 -3.006673375465049 -2.998739039194766 -2.988850920574926 -2.976885819048242
-2.970313847166941 -2.982446314474619 -2.992471170474866 -3.00051417611534 -3.006673375465049 -3.011022105279001 -3.013611469000519 -3.014471275603778 -3.013611469000519 -3.011022105279001 -3.006673375465049 -3.00051417611534 -2.992471170474866 -2.982446314474619 -2.970313847166941
-2.961727859235381 -2.974080533291838 -2.984285237649717 -2.992471170474866 -2.998739039194766 -3.003163996540721 -3.005798576852025 -3.006673375465049 -3.005798576852025 -3.003163996540721 -2.998739039194766 -2.992471170474866 -2.984285237649717 -2.974080533291838 -2.961727859235381
-2.951019380544063 -2.963649341151884 -2.974080533291838 -2.982446314474619 -2.988850920574926 -2.993371812961665 -2.996063287018724 -2.99695695061211 -2.996063287018724 -2.993371812961665 -2.988850920574926 -2.982446314474619 -2.974080533291838 -2.963649341151884 -2.951019380544063
-2.938050037703619 -2.951019380544063 -2.961727859235381 -2.970313847166941 -2.976885819048242 -2.98152414674959 -2.984285237649717 -2.985201991327812 -2.984285237649717 -2.98152414674959 -2.976885819048242 -2.970313847166941 -2.961727859235381 -2.951019380544063 -2.938050037703619
-3.023159108388885 -3.030735433388775 -3.037158499508896 -3.042418509304446 -3.046510982578305 -3.049434243422076 -3.051188140178918 -3.051772708360277 -3.051188140178918 -3.049434243422076 -3.046510982578305 -3.042418509304446 -3.037158499508896 -3.030735433388775 -3.023159108388885
-3.030735433388775 -3.038327067096962 -3.044757044803613 -3.05001889525363 -3.054110614686456 -3.057032171431208 -3.058784547999778 -3.059368533755809 -3.058784547999778 -3.057032171431208 -3.054110614686456 -3.05001889525363 -3.044757044803613 -3.038327067096962 -3.030735433388775
-3.037158499508896 -3.044757044803613 -3.051188140178918 -3.056447933489224 -3.060536296731815 -3.063454516251935 -3.065204498497212 -3.065787631113573 -3.065204498497212 -3.063454516251935 -3.060536296731815 -3.056447933489224 -3.051188140178918 -3.044757044803613 -3.037158499508896
-3.042418509304446 -3.05001889525363 -3.056447933489224 -3.061703785248956 -3.065787631113573 -3.068701893567361 -3.070449214264166 -3.071031416865714 -3.070449214264166 -3.068701893567361 -3.065787631113573 -3.061703785248956 -3.056447933489224 -3.05001889525363 -3.042418509304446
-3.046510982578305 -3.054110614686456 -3.060536296731815 -3.065787631113573 -3.0698668941254 -3.072777352444263 -3.074522191456515 -3.075103533079034 -3.074522191456515 -3.072777352444263 -3.0698668941254 -3.065787631113573 -3.060536296731815 -3.054110614686456 -3.046510982578305
-3.049434243422076 -3.057032171431208 -3.063454516251935 -3.068701893567361 -3.072777352444263 -3.075684748283888 -3.07742760144625 -3.078008257042075 -3.07742760144625 -3.075684748283888 -3.072777352444263 -3.068701893567361 -3.063454516251935 -3.057032171431208 -3.049434243422076
-3.051188140178918 -3.058784547999778 -3.065204498497212 -3.070449214264166 -3.074522191456515 -3.07742760144625 -3.079169164728977 -3.079749379187839 -3.079169164728977 -3.07742760144625 -3.074522191456515 -3.070449214264166 -3.065204498497212 -3.058784547999778 -3.051188140178918
-3.051772708360277 -3.059368533755809 -3.065787631113573 -3.071031416865714 -3.075103533079034 -3.078008257042075 -3.079749379187839 -3.08032945923293 -3.079749379187839 -3.078008257042075 -3.075103533079034 -3.071031416865714 -3.065787631113573 -3.059368533755809 -3.051772708360277
-3.051188140178918 -3.058784547999778 -3.065204498497212 -3.070449214264166 -3.074522191456515 -3.07742760144625 -3.079169164728977 -3.079749379187839 -3.079169164728977 -3.07742760144625 -3.074522191456515 -3.070449214264166 -3.065204498497212 -3.058784547999778 -3.051188140178918
-3.049434243422076 -3.057032171431208 -3.063454516251935 -3.068701893567361 -3.072777352444263 -3.075684748283888 -3.07742760144625 -3.078008257042075 -3.07742760144625 -3.075684748283888 -3.072777352444263 -3.068701893567361 -3.063454516251935 -3.057032171431208 -3.049434243422076
-3.046510982578305 -3.054110614686456 -3.060536296731815 -3.065787631113573 -3.0698668941254 -3.072777352444263 -3.074522191456515 -3.075103533079034 -3.074522191456515 -3.072777352444263 -3.0698668941254 -3.065787631113573 -3.060536296731815 -3.054110614686456 -3.046510982578305
-3.042418509304446 -3.05001889525363 -3.056447933489224 -3.061703785248956 -3.065787631113573 -3.068701893567361 -3.070449214264166 -3.071031416865714 -3.070449214264166 -3.068701893567361 -3.065787631113573 -3.061703785248956 -3.056447933489224 -3.05001889525363 -3.042418509304446
-3.037158499508896 -3.044757044803613 -3.051188140178918 -3.056447933489224 -3.060536296731815 -3.063454516251935 -3.065204498497212 -3.065787631113573 -3.065204498497212 -3.063454516251935 -3.060536296731815 -3.056447933489224 -3.051188140178918 -3.044757044803613 -3.037158499508896
-3.030735433388775 -3.038327067096962 -3.044757044803613 -3.05001889525363 -3.054110614686456 -3.057032171431208 -3.058784547999778 -3.059368533755809 -3.058784547999778 -3.057032171431208 -3.054110614686456 -3.05001889525363 -3.044757044803613 -3.038327067096962 -3.030735433388775
-3.023159108388885 -3.030735433388775 -3.037158499508896 -3.042418509304446 -3.046510982578305 -3.049434243422076 -3.051188140178918 -3.051772708360277 -3.051188140178918 -3.049434243422076 -3.046510982578305 -3.042418509304446 -3.037158499508896 -3.030735433388775 -3.023159108388885
-3.116155491535196 -3.119902388118272 -3.123223001716812 -3.126035367986257 -3.128278551190828 -3.129909580372677 -3.13089923258187 -3.13123090434327 -3.13089923258187 -3.129909580372677 -3.128278551190828 -3.126035367986257 -3.123223001716812 -3.119902388118272 -3.116155491535196
-3.119902388118272 -3.123840721329259 -3.127311358750115 -3.130238568732449 -3.132566460902675 -3.134255535788289 -3.135279036450152 -3.135621841179684 -3.135279036450152 -3.134255535788289 -3.132566460902675 -3.130238568732449 -3.127311358750115 -3.123840721329259 -3.119902388118272
-3.123223001716812 -3.127311358750115 -3.13089923258187 -3.133916011134581 -3.136309895804879 -3.138044097754452 -3.139093901341793 -3.139445352997253 -3.139093901341793 -3.138044097754452 -3.136309895804879 -3.133916011134581 -3.13089923258187 -3.127311358750115 -3.123223001716812
-3.126035367986257 -3.130238568732449 -3.133916011134581 -3.137001188492297 -3.139445352997253 -3.141213874912628 -3.1422836748259 -3.14264169741319 -3.1422836748259 -3.141213874912628 -3.139445352997253 -3.137001188492297 -3.133916011134581 -3.130238568732449 -3.126035367986257
-3.128278551190828 -3.132566460902675 -3.136309895804879 -3.139445352997253 -3.141926364320204 -3.143720012045939 -3.144804453080619 -3.145167284661525 -3.144804453080619 -3.143720012045939 -3.141926364320204 -3.139445352997253 -3.136309895804879 -3.132566460902675 -3.128278551190828
-3.129909580372677 -3.134255535788289 -3.138044097754452 -3.141213874912628 -3.143720012045939 -3.145530794191933 -3.146625228799663 -3.146991339345889 -3.146625228799663 -3.145530794191933 -3.143720012045939 -3.141213874912628 -3.138044097754452 -3.134255535788289 -3.129909580372677
-3.13089923258187 -3.135279036450152 -3.139093901341793 -3.1422836748259 -3.144804453080619 -3.146625228799663 -3.147725469750731 -3.14809348514364 -3.147725469750731 -3.146625228799663 -3.144804453080619 -3.1422836748259 -3.139093901341793 -3.135279036450152 -3.13089923258187
-3.13123090434327 -3.135621841179684 -3.139445352997253 -3.14264169741319 -3.145167284661525 -3.146991339345889 -3.14809348514364 -3.148462117318485 -3.14809348514364 -3.146991339345889 -3.145167284661525 -3.14264169741319 -3.139445352997253 -3.135621841179684 -3.13123090434327
-3.13089923258187 -3.135279036450152 -3.139093901341793 -3.1422836748259 -3.144804453080619 -3.146625228799663 -3.147725469750731 -3.14809348514364 -3.147725469750731 -3.146625228799663 -3.144804453080619 -3.1422836748259 -3.139093901341793 -3.135279036450152 -3.13089923258187
-3.129909580372677 -3.134255535788289 -3.138044097754452 -3.141213874912628 -3.143720012045939 -3.145530794191933 -3.146625228799663 -3.146991339345889 -3.146625228799663 -3.145530794191933 -3.143720012045939 -3.141213874912628 -3.138044097754452 -3.134255535788289 -3.129909580372677
-3.128278551190828 -3.132566460902675 -3.136309895804879 -3.139445352997253 -3.141926364320204 -3.143720012045939 -3.144804453080619 -3.145167284661525 -3.144804453080619 -3.143720012045939 -3.141926364320204 -3.139445352997253 -3.136309895804879 -3.132566460902675 -3.128278551190828
-3.126035367986257 -3.130238568732449 -3.133916011134581 -3.137001188492297 -3.139445352997253 -3.141213874912628 -3.1422836748259 -3.14264169741319 -3.1422836748259 -3.141213874912628 -3.139445352997253 -3.137001188492297 -3.133916011134581 -3.130238568732449 -3.126035367986257
-3.123223001716812 -3.127311358750115 -3.13089923258187 -3.133916011134581 -3.136309895804879 -3.138044097754452 -3.139093901341793 -3.139445352997253 -3.139093901341793 -3.138044097754452 -3.136309895804879 -3.133916011134581 -3.13089923258187 -3.127311358750115 -3.123223001716812
-3.119902388118272 -3.123840721329259 -3.127311358750115 -3.130238568732449 -3.132566460902675 -3.134255535788289 -3.135279036450152 -3.135621841179684 -3.135279036450152 -3.134255535788289 -3.132566460902675 -3.130238568732449 -3.127311358750115 -3.123840721329259 -3.119902388118272
-3.116155491535196 -3.119902388118272 -3.123223001716812 -3.126035367986257 -3.128278551190828 -3.129909580372677 -3.13089923258187 -3.13123090434327 -3.13089923258187 -3.129909580372677 -3.128278551190828 -3.126035367986257 -3.123223001716812 -3.119902388118272 -3.116155491535196
-3.218155798019159 -3.219383142167424 -3.220599752914063 -3.221710434442576 -3.222642724606112 -3.223344180548833 -3.223778803159217 -3.223925943505098 -3.223778803159217 -3.223344180548833 -3.222642724606112 -3.221710434442576 -3.220599752914063 -3.219383142167424 -3.218155798019159
-3.219383142167424 -3.220837814796427 -3.222235962290875 -3.223487918970476 -3.224525737886113 -3.225300297977552 -3.22577789573519 -3.225939218358505 -3.22577789573519 -3.225300297977552 -3.224525737886113 -3.223487918970476 -3.222235962290875 -3.220837814796427 -3.219383142167424
-3.220599752914063 -3.222235962290875 -3.223778803159217 -3.22514322819835 -3.226265029642241 -3.227097729993609 -3.227609494306845 -3.227782090557585 -3.227609494306845 -3.227097729993609 -3.226265029642241 -3.22514322819835 -3.223778803159217 -3.222235962290875 -3.220599752914063
-3.221710434442576 -3.223487918970476 -3.22514322819835 -3.226595028358244 -3.227782090557585 -3.228659920413575 -3.229198198604882 -3.229379542805514 -3.229198198604882 -3.228659920413575 -3.227782090557585 -3.226595028358244 -3.22514322819835 -3.223487918970476 -3.221710434442576
-3.222642724606112 -3.224525737886113 -3.226265029642241 -3.227782090557585 -3.229017813172891 -3.229929264103223 -3.230487296480123 -3.230675158469387 -3.230487296480123 -3.229929264103223 -3.229017813172891 -3.227782090557585 -3.226265029642241 -3.224525737886113 -3.222642724606112
-3.223344180548833 -3.225300297977552 -3.227097729993609 -3.228659920413575 -3.229929264103223 -3.230863941188372 -3.231435641466632 -3.231628010811196 -3.231435641466632 -3.230863941188372 -3.229929264103223 -3.228659920413575 -3.227097729993609 -3.225300297977552 -3.223344180548833
-3.223778803159217 -3.22577789573519 -3.227609494306845 -3.229198198604882 -3.230487296480123 -3.231435641466632 -3.232015373585901 -3.2322103887705 -3.232015373585901 -3.231435641466632 -3.230487296480123 -3.229198198604882 -3.227609494306845 -3.22577789573519 -3.223778803159217
-3.223925943505098 -3.225939218358505 -3.227782090557585 -3.229379542805514 -3.230675158469387 -3.231628010811196 -3.2322103887705 -3.232406253958564 -3.2322103887705 -3.231628010811196 -3.230675158469387 -3.229379542805514 -3.227782090557585 -3.225939218358505 -3.223925943505098
-3.223778803159217 -3.22577789573519 -3.227609494306845 -3.229198198604882 -3.230487296480123 -3.231435641466632 -3.232015373585901 -3.2322103887705 -3.232015373585901 -3.231435641466632 -3.230487296480123 -3.229198198604882 -3.227609494306845 -3.22577789573519 -3.223778803159217
-3.223344180548833 -3.225300297977552 -3.227097729993609 -3.228659920413575 -3.229929264103223 -3.230863941188372 -3.231435641466632 -3.231628010811196 -3.231435641466632 -3.230863941188372 -3.229929264103223 -3.228659920413575 -3.227097729993609 -3.225300297977552 -3.223344180548833
-3.222642724606112 -3.224525737886113 -3.226265029642241 -3.227782090557585 -3.229017813172891 -3.229929264103223 -3.230487296480123 -3.230675158469387 -3.230487296480123 -3.229929264103223 -3.229017813172891 -3.227782090557585 -3.226265029642241 -3.224525737886113 -3.222642724606112
-3.221710434442576 -3.223487918970476 -3.22514322819835 -3.226595028358244 -3.227782090557585 -3.228659920413575 -3.229198198604882 -3.229379542805514 -3.229198198604882 -3.228659920413575 -3.227782090557585 -3.226595028358244 -3.22514322819835 -3.223487918970476 -3.221710434442576
-3.220599752914063 -3.222235962290875 -3.223778803159217 -3.22514322819835 -3.226265029642241 -3.227097729993609 -3.227609494306845 -3.227782090557585 -3.227609494306845 -3.227097729993609 -3.226265029642241 -3.22514322819835 -3.223778803159217 -3.222235962290875 -3.220599752914063
-3.219383142167424 -3.220837814796427 -3.222235962290875 -3.223487918970476 -3.224525737886113 -3.225300297977552 -3.22577789573519 -3.225939218358505 -3.22577789573519 -3.225300297977552 -3.224525737886113 -3.223487918970476 -3.222235962290875 -3.220837814796427 -3.219383142167424
-3.218155798019159 -3.219383142167424 -3.220599752914063 -3.221710434442576 -3.222642724606112 -3.223344180548833 -3.223778803159217 -3.223925943505098 -3.223778803159217 -3.223344180548833 -3.222642724606112 -3.221710434442576 -3.220599752914063 -3.219383142167424 -3.218155798019159
-3.329934740998374 -3.329730726600627 -3.32968004532022 -3.329718790855162 -3.329797391894406 -3.329878873032272 -3.329937705952196 -3.329958965610264 -3.329937705952196 -3.329878873032272 -3.329797391894406 -3.329718790855162 -3.32968004532022 -3.329730726600627 -3.329934740998374
-3.329730726600627 -3.329682526071713 -3.329758576142319 -3.329897657970149 -3.330052184858541 -3.330186827410481 -3.330277126013196 -3.330308804498287 -3.330277126013196 -3.330186827410481 -3.330052184858541 -3.329897657970149 -3.329758576142319 -3.329682526071713 -3.329730726600627
-3.32968004532022 -3.329758576142319 -3.329937705952196 -3.330158310746434 -3.330374517033027 -3.330552342723872 -3.330668195556184 -3.330708335549326 -3.330668195556184 -3.330552342723872 -3.330374517033027 -3.330158310746434 -3.329937705952196 -3.329758576142319 -3.32968004532022
-3.329718790855162 -3.329897657970149 -3.330158310746434 -3.330443346753776 -3.330708335549326 -3.3309202990391 -3.33105634972877 -3.331103178239279 -3.33105634972877 -3.3309202990391 -3.330708335549326 -3.330443346753776 -3.330158310746434 -3.329897657970149 -3.329718790855162
-3.329797391894406 -3.330052184858541 -3.330374517033027 -3.330708335549326 -3.331010259923654 -3.331248042510818 -3.331399369726676 -3.33145125827535 -3.331399369726676 -3.331248042510818 -3.331010259923654 -3.330708335549326 -3.330374517033027 -3.330052184858541 -3.329797391894406
-3.329878873032272 -3.330186827410481 -3.330552342723872 -3.3309202990391 -3.331248042510818 -3.331503864027894 -3.331665881237499 -3.331721310319947 -3.331665881237499 -3.331503864027894 -3.331248042510818 -3.3309202990391 -3.330552342723872 -3.330186827410481 -3.329878873032272
-3.329937705952196 -3.330277126013196 -3.330668195556184 -3.33105634972877 -3.331399369726676 -3.331665881237499 -3.331834235655553 -3.331891760336054 -3.331834235655553 -3.331665881237499 -3.331399369726676 -3.33105634972877 -3.330668195556184 -3.330277126013196 -3.329937705952196
-3.329958965610264 -3.330308804498287 -3.330708335549326 -3.331103178239279 -3.33145125827535 -3.331721310319947 -3.331891760336054 -3.331949956915574 -3.331891760336054 -3.331721310319947 -3.33145125827535 -3.331103178239279 -3.330708335549326 -3.330308804498287 -3.329958965610264
-3.329937705952196 -3.330277126013196 -3.330668195556184 -3.33105634972877 -3.331399369726676 -3.331665881237499 -3.331834235655553 -3.331891760336054 -3.331834235655553 -3.331665881237499 -3.331399369726676 -3.33105634972877 -3.330668195556184 -3.330277126013196 -3.329937705952196
-3.329878873032272 -3.330186827410481 -3.330552342723872 -3.3309202990391 -3.331248042510818 -3.331503864027894 -3.331665881237499 -3.331721310319947 -3.331665881237499 -3.331503864027894 -3.331248042510818 -3.3309202990391 -3.330552342723872 -3.330186827410481 -3.329878873032272
-3.329797391894406 -3.330052184858541 -3.330374517033027 -3.330708335549326 -3.331010259923654 -3.331248042510818 -3.331399369726676 -3.33145125827535 -3.331399369726676 -3.331248042510818 -3.331010259923654 -3.330708335549326 -3.330374517033027 -3.330052184858541 -3.329797391894406
-3.329718790855162 -3.329897657970149 -3.330158310746434 -3.330443346753776 -3.330708335549326 -3.3309202990391 -3.33105634972877 -3.331103178239279 -3.33105634972877 -3.3309202990391 -3.330708335549326 -3.330443346753776 -3.330158310746434 -3.329897657970149 -3.329718790855162
-3.32968004532022 -3.329758576142319 -3.329937705952196 -3.330158310746434 -3.330374517033027 -3.330552342723872 -3.330668195556184 -3.330708335549326 -3.330668195556184 -3.330552342723872 -3.330374517033027 -3.330158310746434 -3.329937705952196 -3.329758576142319 -3.32968004532022
-3.329730726600627 -3.329682526071713 -3.329758576142319 -3.329897657970149 -3.330052184858541 -3.330186827410481 -3.330277126013196 -3.330308804498287 -3.330277126013196 -3.330186827410481 -3.330052184858541 -3.329897657970149 -3.329758576142319 -3.329682526071713 -3.329730726600627
-3.329934740998374 -3.329730726600627 -3.32968004532022 -3.329718790855162 -3.329797391894406 -3.329878873032272 -3.329937705952196 -3.329958965610264 -3.329937705952196 -3.329878873032272 -3.329797391894406 -3.329718790855162 -3.32968004532022 -3.329730726600627 -3.329934740998374
-3.440327436133835 -3.439178626698846 -3.438264436590448 -3.437555941137634 -3.437029527361549 -3.43666667550653 -3.436454241575186 -3.436384310850366 -3.436454241575186 -3.43666667550653 -3.437029527361549 -3.437555941137634 -3.438264436590448 -3.439178626698846 -3.440327436133835
-3.439178626698846 -3.438103916001791 -3.437252497931829 -3.436595423910276 -3.436108984382825 -3.435774678761482 -3.435579359495767 -3.435515132526455 -3.435579359495767 -3.435774678761482 -3.436108984382825 -3.436595423910276 -3.437252497931829 -3.438103916001791 -3.439178626698846
-3.438264436590448 -3.437252497931829 -3.436454241575186 -3.435840664031438 -3.435387996375331 -3.435077801012094 -3.434896929865009 -3.434837517578425 -3.434896929865009 -3.435077801012094 -3.435387996375331 -3.435840664031438 -3.436454241575186 -3.437252497931829 -3.438264436590448
-3.437555941137634 -3.436595423910276 -3.435840664031438 -3.435262611602984 -3.434837517578425 -3.434547002273384 -3.434377918912658 -3.434322434926298 -3.434377918912658 -3.434547002273384 -3.434837517578425 -3.435262611602984 -3.435840664031438 -3.436595423910276 -3.437555941137634
-3.437029527361549 -3.436108984382825 -3.435387996375331 -3.434837517578425 -3.434433841651165 -3.434158593113803 -3.433998651096835 -3.433946214313387 -3.433998651096835 -3.434158593113803 -3.434433841651165 -3.434837517578425 -3.435387996375331 -3.436108984382825 -3.437029527361549
-3.43666667550653 -3.435774678761482 -3.435077801012094 -3.434547002273384 -3.434158593113803 -3.433894213266681 -3.433740786173376 -3.433690521601519 -3.433740786173376 -3.433894213266681 -3.434158593113803 -3.434547002273384 -3.435077801012094 -3.435774678761482 -3.43666667550653
-3.436454241575186 -3.435579359495767 -3.434896929865009 -3.434377918912658 -3.433998651096835 -3.433740786173376 -3.433591271030031 -3.43354230850318 -3.433591271030031 -3.433740786173376 -3.433998651096835 -3.434377918912658 -3.434896929865009 -3.435579359495767 -3.436454241575186
-3.436384310850366 -3.435515132526455 -3.434837517578425 -3.434322434926298 -3.433946214313387 -3.433690521601519 -3.43354230850318 -3.433493764259673 -3.43354230850318 -3.433690521601519 -3.433946214313387 -3.434322434926298 -3.434837517578425 -3.435515132526455 -3.436384310850366
-3.436454241575186 -3.435579359495767 -3.434896929865009 -3.434377918912658 -3.433998651096835 -3.433740786173376 -3.433591271030031 -3.43354230850318 -3.433591271030031 -3.433740786173376 -3.433998651096835 -3.434377918912658 -3.434896929865009 -3.435579359495767 -3.436454241575186
-3.43666667550653 -3.435774678761482 -3.435077801012094 -3.434547002273384 -3.434158593113803 -3.433894213266681 -3.433740786173376 -3.433690521601519 -3.433740786173376 -3.433894213266681 -3.434158593113803 -3.434547002273384 -3.435077801012094 -3.435774678761482 -3.43666667550653
-3.437029527361549 -3.436108984382825 -3.435387996375331 -3.434837517578425 -3.434433841651165 -3.434158593113803 -3.433998651096835 -3.433946214313387 -3.433998651096835 -3.434158593113803 -3.434433841651165 -3.434837517578425 -3.435387996375331 -3.436108984382825 -3.437029527361549
-3.437555941137634 -3.436595423910276 -3.435840664031438 -3.435262611602984 -3.434837517578425 -3.434547002273384 -3.434377918912658 -3.434322434926298 -3.434377918912658 -3.434547002273384 -3.434837517578425 -3.435262611602984 -3.435840664031438 -3.436595423910276 -3.437555941137634
-3.438264436590448 -3.437252497931829 -3.436454241575186 -3.435840664031438 -3.435387996375331 -3.435077801012094 -3.434896929865009 -3.434837517578425 -3.434896929865009 -3.435077801012094 -3.435387996375331 -3.435840664031438 -3.436454241575186 -3.437252497931829 -3.438264436590448
-3.439178626698846 -3.438103916001791 -3.437252497931829 -3.436595423910276 -3.436108984382825 -3.435774678761482 -3.435579359495767 -3.435515132526455 -3.435579359495767 -3.435774678761482 -3.436108984382825 -3.436595423910276 -3.437252497931829 -3.438103916001791 -3.439178626698846
-3.440327436133835 -3.439178626698846 -3.438264436590448 -3.437555941137634 -3.437029527361549 -3.43666667550653 -3.436454241575186 -3.436384310850366 -3.436454241575186 -3.43666667550653 -3.437029527361549 -3.437555941137634 -3.438264436590448 -3.439178626698846 -3.440327436133835
-3.542461256331938 -3.540561810132363 -3.538973917108111 -3.537689495228825 -3.536700430939959 -3.535999591911731 -3.535581426421465 -3.535442434926358 -3.535581426421465 -3.535999591911731 -3.536700430939959 -3.537689495228825 -3.538973917108111 -3.540561810132363 -3.542461256331938
-3.540561810132363 -3.538687290396743 -3.537123216062329 -3.53586000616348 -3.534888488026645 -3.534200703381861 -3.533790575612908 -3.533654297582062 -3.533790575612908 -3.534200703381861 -3.534888488026645 -3.53586000616348 -3.537123216062329 -3.538687290396743 -3.540561810132363
-3.538973917108111 -3.537123216062329 -3.535581426421465 -3.534337839785273 -3.533382395507946 -3.532706506767747 -3.532303676749013 -3.532169858508259 -3.532303676749013 -3.532706506767747 -3.533382395507946 -3.534337839785273 -3.535581426421465 -3.537123216062329 -3.538973917108111
-3.537689495228825 -3.53586000616348 -3.534337839785273 -3.533111372638974 -3.532169858508259 -3.531504245104476 -3.531107701346289 -3.530975999882114 -3.531107701346289 -3.531504245104476 -3.532169858508259 -3.533111372638974 -3.534337839785273 -3.53586000616348 -3.537689495228825
-3.536700430939959 -3.534888488026645 -3.533382395507946 -3.532169858508259 -3.531239643488733 -3.530582340233127 -3.530190869824343 -3.530060876075821 -3.530190869824343 -3.530582340233127 -3.531239643488733 -3.532169858508259 -3.533382395507946 -3.534888488026645 -3.536700430939959
-3.535999591911731 -3.534200703381861 -3.532706506767747 -3.531504245104476 -3.530582340233127 -3.529931130394375 -3.529543377787201 -3.529414635590531 -3.529543377787201 -3.529931130394375 -3.530582340233127 -3.531504245104476 -3.532706506767747 -3.534200703381861 -3.535999591911731
-3.535581426421465 -3.533790575612908 -3.532303676749013 -3.531107701346289 -3.530190869824343 -3.529543377787201 -3.529157897975953 -3.529029919645668 -3.529157897975953 -3.529543377787201 -3.530190869824343 -3.531107701346289 -3.532303676749013 -3.533790575612908 -3.535581426421465
-3.535442434926358 -3.533654297582062 -3.532169858508259 -3.530975999882114 -3.530060876075821 -3.529414635590531 -3.529029919645668 -3.528902187950788 -3.529029919645668 -3.529414635590531 -3.530060876075821 -3.530975999882114 -3.532169858508259 -3.533654297582062 -3.535442434926358
-3.535581426421465 -3.533790575612908 -3.532303676749013 -3.531107701346289 -3.530190869824343 -3.529543377787201 -3.529157897975953 -3.529029919645668 -3.529157897975953 -3.529543377787201 -3.530190869824343 -3.531107701346289 -3.532303676749013 -3.533790575612908 -3.535581426421465
-3.535999591911731 -3.534200703381861 -3.532706506767747 -3.531504245104476 -3.530582340233127 -3.529931130394375 -3.529543377787201 -3.529414635590531 -3.529543377787201 -3.529931130394375 -3.530582340233127 -3.531504245104476 -3.532706506767747 -3.534200703381861 -3.535999591911731
-3.536700430939959 -3.534888488026645 -3.533382395507946 -3.532169858508259 -3.531239643488733 -3.530582340233127 -3.530190869824343 -3.530060876075821 -3.530190869824343 -3.530582340233127 -3.531239643488733 -3.532169858508259 -3.533382395507946 -3.534888488026645 -3.536700430939959
-3.537689495228825 -3.53586000616348 -3.534337839785273 -3.533111372638974 -3.532169858508259 -3.531504245104476 -3.531107701346289 -3.530975999882114 -3.531107701346289 -3.531504245104476 -3.532169858508259 -3.533111372638974 -3.534337839785273 -3.53586000616348 -3.537689495228825
-3.538973917108111 -3.537123216062329 -3.535581426421465 -3.534337839785273 -3.533382395507946 -3.532706506767747 -3.532303676749013 -3.532169858508259 -3.532303676749013 -3.532706506767747 -3.533382395507946 -3.534337839785273 -3.535581426421465 -3.537123216062329 -3.538973917108111
-3.540561810132363 -3.538687290396743 -3.537123216062329 -3.53586000616348 -3.534888488026645 -3.534200703381861 -3.533790575612908 -3.533654297582062 -3.533790575612908 -3.534200703381861 -3.534888488026645 -3.53586000616348 -3.537123216062329 -3.538687290396743 -3.540561810132363
-3.542461256331938 -3.540561810132363 -3.538973917108111 -3.537689495228825 -3.536700430939959 -3.535999591911731 -3.535581426421465 -3.535442434926358 -3.535581426421465 -3.535999591911731 -3.536700430939959 -3.537689495228825 -3.538973917108111 -3.540561810132363 -3.542461256331938
-3.636474414305972 -3.634017932416014 -3.631940303742447 -3.630243059464354 -3.628925538332388 -3.627986227310654 -3.627423445408209 -3.62723599601718 -3.627423445408209 -3.627986227310654 -3.628925538332388 -3.630243059464354 -3.631940303742447 -3.634017932416014 -3.636474414305972
-3.634017932416014 -3.631562879544804 -3.629489862477565 -3.627798562920029 -3.626486975010507 -3.625552573064434 -3.624993002356827 -3.624806667222341 -3.624993002356827 -3.625552573064434 -3.626486975010507 -3.627798562920029 -3.629489862477565 -3.631562879544804 -3.634017932416014
-3.631940303742447 -3.629489862477565 -3.627423445408209 -3.625739279228356 -3.624434291131882 -3.623505138168059 -3.622948929067852 -3.622763749604041 -3.622948929067852 -3.623505138168059 -3.624434291131882 -3.625739279228356 -3.627423445408209 -3.629489862477565 -3.631940303742447
-3.630243059464354 -3.627798562920029 -3.625739279228356 -3.624062318354054 -3.622763749604041 -3.621839599116083 -3.6212865562498 -3.621102459766259 -3.6212865562498 -3.621839599116083 -3.622763749604041 -3.624062318354054 -3.625739279228356 -3.627798562920029 -3.630243059464354
-3.628925538332388 -3.626486975010507 -3.624434291131882 -3.622763749604041 -3.621470779430751 -3.620550941319568 -3.620000607725536 -3.619817435382889 -3.620000607725536 -3.620550941319568 -3.621470779430751 -3.622763749604041 -3.624434291131882 -3.626486975010507 -3.628925538332388
-3.627986227310654 -3.625552573064434 -3.623505138168059 -3.621839599116083 -3.620550941319568 -3.619634400648619 -3.619086129175758 -3.618903659465293 -3.619086129175758 -3.619634400648619 -3.620550941319568 -3.621839599116083 -3.623505138168059 -3.625552573064434 -3.627986227310654
-3.627423445408209 -3.624993002356827 -3.622948929067852 -3.6212865562498 -3.620000607725536 -3.619086129175758 -3.618539147201899 -3.6183571162068 -3.618539147201899 -3.619086129175758 -3.620000607725536 -3.6212865562498 -3.622948929067852 -3.624993002356827 -3.627423445408209
-3.62723599601718 -3.624806667222341 -3.622763749604041 -3.621102459766259 -3.619817435382889 -3.618903659465293 -3.6183571162068 -3.618175227988912 -3.6183571162068 -3.618903659465293 -3.619817435382889 -3.621102459766259 -3.622763749604041 -3.624806667222341 -3.62723599601718
-3.627423445408209 -3.624993002356827 -3.622948929067852 -3.6212865562498 -3.620000607725536 -3.619086129175758 -3.618539147201899 -3.6183571162068 -3.618539147201899 -3.619086129175758 -3.620000607725536 -3.6212865562498 -3.622948929067852 -3.624993002356827 -3.627423445408209
-3.627986227310654 -3.625552573064434 -3.623505138168059 -3.621839599116083 -3.620550941319568 -3.619634400648619 -3.619086129175758 -3.618903659465293 -3.619086129175758 -3.619634400648619 -3.620550941319568 -3.621839599116083 -3.623505138168059 -3.625552573064434 -3.627986227310654
