31 -0.004 -0.003733333333333333 -0.003466666666666667 -0.0032 -0.002933333333333333 -0.002666666666666667 -0.0024 -0.002133333333333333 -0.001866666666666667 -0.0016 -0.001333333333333334 -0.001066666666666667 -0.0008 -0.0005333333333333334 -0.0002666666666666667 0 0.0002666666666666667 0.0005333333333333334 0.0008 0.001066666666666667 0.001333333333333334 0.0016 0.001866666666666667 0.002133333333333333 0.0024 0.002666666666666667 0.002933333333333333 0.0032 0.003466666666666667 0.003733333333333333 0.004
31 -0.004 -0.003733333333333333 -0.003466666666666667 -0.0032 -0.002933333333333333 -0.002666666666666667 -0.0024 -0.002133333333333333 -0.001866666666666667 -0.0016 -0.001333333333333334 -0.001066666666666667 -0.0008 -0.0005333333333333334 -0.0002666666666666667 0 0.0002666666666666667 0.0005333333333333334 0.0008 0.001066666666666667 0.001333333333333334 0.0016 0.001866666666666667 0.002133333333333333 0.0024 0.002666666666666667 0.002933333333333333 0.0032 0.003466666666666667 0.003733333333333333 0.004
128 0.307 0.3081023622047244 0.3092047244094488 0.3103070866141732 0.3114094488188976 0.312511811023622 0.3136141732283464 0.3147165354330709 0.3158188976377952 0.3169212598425197 0.3180236220472441 0.3191259842519685 0.3202283464566929 0.3213307086614173 0.3224330708661417 0.3235354330708661 0.3246377952755906 0.3257401574803149 0.3268425196850394 0.3279448818897638 0.3290472440944882 0.3301496062992126 0.331251968503937 0.3323543307086614 0.3334566929133858 0.3345590551181102 0.3356614173228347 0.336763779527559 0.3378661417322835 0.3389685039370079 0.3400708661417323 0.3411732283464567 0.3422755905511811 0.3433779527559055 0.3444803149606299 0.3455826771653543 0.3466850393700787 0.3477874015748031 0.3488897637795276 0.3499921259842519 0.3510944881889764 0.3521968503937008 0.3532992125984252 0.3544015748031496 0.355503937007874 0.3566062992125984 0.3577086614173228 0.3588110236220473 0.3599133858267717 0.3610157480314961 0.3621181102362205 0.3632204724409449 0.3643228346456693 0.3654251968503937 0.3665275590551181 0.3676299212598425 0.3687322834645669 0.3698346456692914 0.3709370078740157 0.3720393700787402 0.3731417322834646 0.374244094488189 0.3753464566929134 0.3764488188976378 0.3775511811023622 0.3786535433070866 0.379755905511811 0.3808582677165354 0.3819606299212598 0.3830629921259843 0.3841653543307086 0.3852677165354331 0.3863700787401575 0.3874724409448819 0.3885748031496063 0.3896771653543307 0.3907795275590551 0.3918818897637795 0.392984251968504 0.3940866141732283 0.3951889763779527 0.3962913385826772 0.3973937007874015 0.398496062992126 0.3995984251968504 0.4007007874015748 0.4018031496062992 0.4029055118110236 0.404007874015748 0.4051102362204724 0.4062125984251969 0.4073149606299212 0.4084173228346457 0.4095196850393701 0.4106220472440945 0.4117244094488189 0.4128267716535433 0.4139291338582677 0.4150314960629921 0.4161338582677165 0.4172362204724409 0.4183385826771653 0.4194409448818898 0.4205433070866141 0.4216456692913386 0.422748031496063 0.4238503937007874 0.4249527559055118 0.4260551181102362 0.4271574803149606 0.428259842519685 0.4293622047244094 0.4304645669291339 0.4315669291338582 0.4326692913385827 0.433771653543307 0.4348740157480315 0.4359763779527559 0.4370787401574803 0.4381811023622048 0.4392834645669291 0.4403858267716536 0.441488188976378 0.4425905511811024 0.4436929133858268 0.4447952755905512 0.4458976377952756 0.447
-2.589975773822158 -2.589975773822158 -2.589975773822158 -2.589975773822158 -2.596408518674999 -2.619923945551135 -2.640188944613389 -2.657547812121781 -2.672282649280971 -2.684630127837954 -2.694781705923099 -2.702890697846423 -2.709078286614944 -2.713435467838943 -2.71602511290924 -2.716884241675699 -2.71602511290924 -2.713435467838943 -2.709078286614944 -2.702890697846423 -2.694781705923099 -2.684630127837954 -2.672282649280971 -2.657547812121781 -2.640188944613389 -2.619923945551135 -2.596408518674999 -2.589975773822158 -2.589975773822158 -2.589975773822158 -2.589975773822158
-2.589975773822158 -2.589975773822158 -2.589975773822158 -2.603250410058133 -2.628570512423819 -2.650486457823735 -2.669378182456967 -2.685564107768677 -2.699308262433184 -2.710827350166825 -2.720300438896587 -2.727869290475987 -2.73364553720059 -2.737713387745845 -2.740131277729578 -2.74093347719565 -2.740131277729578 -2.737713387745845 -2.73364553720059 -2.727869290475987 -2.720300438896587 -2.710827350166825 -2.699308262433184 -2.685564107768677 -2.669378182456967 -2.650486457823735 -2.628570512423819 -2.603250410058133 -2.589975773822158 -2.589975773822158 -2.589975773822158
-2.589975773822158 -2.589975773822158 -2.605508923245408 -2.632831201526373 -2.656546361916588 -2.677077191489707 -2.694781705923059 -2.709953854065323 -2.722841379053298 -2.73364553720059 -2.742532254063323 -2.749634707675479 -2.755056095408517 -2.758874476361747 -2.761144221278755 -2.761897292241835 -2.761144221278755 -2.758874476361747 -2.755056095408517 -2.749634707675479 -2.742532254063323 -2.73364553720059 -2.722841379053298 -2.709953854065323 -2.694781705923059 -2.677077191489707 -2.656546361916588 -2.632831201526373 -2.605508923245408 -2.589975773822158 -2.589975773822158
-2.589975773822158 -2.603250410058133 -2.632831201526373 -2.65854684045182 -2.680871742162384 -2.700207086711848 -2.716884241675699 -2.731181710761014 -2.743328838378716 -2.75351619455951 -2.761897292241866 -2.768597095330398 -2.773712409215946 -2.777315756795767 -2.779457857107605 -2.780168603213519 -2.779457857107605 -2.777315756795767 -2.773712409215946 -2.768597095330398 -2.761897292241866 -2.75351619455951 -2.743328838378716 -2.731181710761014 -2.716884241675699 -2.700207086711848 -2.680871742162384 -2.65854684045182 -2.632831201526373 -2.603250410058133 -2.589975773822158
-2.596408518674999 -2.628570512423819 -2.656546361916588 -2.680871742162384 -2.701998297968284 -2.720300438896587 -2.73609198719521 -2.749634707675479 -2.761144221278755 -2.770799536065706 -2.778745470937554 -2.785098399089784 -2.789950013311462 -2.793368239483244 -2.795400498510438 -2.796074830090792 -2.795400498510438 -2.793368239483244 -2.789950013311462 -2.785098399089784 -2.778745470937554 -2.770799536065706 -2.761144221278755 -2.749634707675479 -2.73609198719521 -2.720300438896587 -2.701998297968284 -2.680871742162384 -2.656546361916588 -2.628570512423819 -2.596408518674999
-2.619923945551135 -2.650486457823735 -2.677077191489707 -2.700207086711848 -2.720300438896587 -2.73771338774584 -2.752743533888615 -2.765636608733747 -2.776598418434681 -2.785796240708493 -2.79336823948329 -2.799423541554327 -2.804048500640098 -2.807307695230473 -2.809245640882457 -2.809888712549753 -2.809245640882457 -2.807307695230473 -2.804048500640098 -2.799423541554327 -2.79336823948329 -2.785796240708493 -2.776598418434681 -2.765636608733747 -2.752743533888615 -2.73771338774584 -2.720300438896587 -2.700207086711848 -2.677077191489707 -2.650486457823735 -2.619923945551135
-2.640188944613389 -2.669378182456967 -2.694781705923059 -2.716884241675699 -2.73609198719521 -2.752743533888615 -2.767120277270785 -2.779457857107605 -2.789950013311462 -2.7987568415646 -2.806008424019595 -2.81180924808314 -2.816240443760515 -2.819363498616244 -2.821220756494958 -2.821837091871304 -2.821220756494958 -2.819363498616244 -2.816240443760515 -2.81180924808314 -2.806008424019595 -2.7987568415646 -2.789950013311462 -2.779457857107605 -2.767120277270785 -2.752743533888615 -2.73609198719521 -2.716884241675699 -2.694781705923059 -2.669378182456967 -2.640188944613389
-2.657547812121781 -2.685564107768677 -2.709953854065323 -2.731181710761014 -2.749634707675479 -2.765636608733747 -2.779457857107605 -2.791321995846677 -2.801414605218838 -2.809888712549753 -2.816867829141677 -2.822452055924635 -2.826718674508331 -2.829725967446704 -2.831514565653652 -2.832108159258854 -2.831514565653652 -2.829725967446704 -2.826718674508331 -2.822452055924635 -2.816867829141677 -2.809888712549753 -2.801414605218838 -2.791321995846677 -2.779457857107605 -2.765636608733747 -2.749634707675479 -2.731181710761014 -2.709953854065323 -2.685564107768677 -2.657547812121781
-2.672282649280971 -2.699308262433184 -2.722841379053298 -2.743328838378716 -2.761144221278755 -2.776598418434681 -2.789950013311462 -2.801414605218838 -2.811170512161724 -2.819363498616244 -2.826113216402288 -2.831514565653652 -2.835642453892877 -2.83855228575359 -2.840282980633671 -2.84085738517851 -2.840282980633671 -2.83855228575359 -2.835642453892877 -2.831514565653652 -2.826113216402288 -2.819363498616244 -2.811170512161724 -2.801414605218838 -2.789950013311462 -2.776598418434681 -2.761144221278755 -2.743328838378716 -2.722841379053298 -2.699308262433184 -2.672282649280971
-2.684630127837954 -2.710827350166825 -2.73364553720059 -2.75351619455951 -2.770799536065706 -2.785796240708493 -2.7987568415646 -2.809888712549753 -2.819363498616244 -2.827322791798013 -2.833881138281928 -2.839130438690781 -2.843142630449452 -2.845971392582967 -2.847653944401829 -2.848212374418389 -2.847653944401829 -2.845971392582967 -2.843142630449452 -2.839130438690781 -2.833881138281928 -2.827322791798013 -2.819363498616244 -2.809888712549753 -2.7987568415646 -2.785796240708493 -2.770799536065706 -2.75351619455951 -2.73364553720059 -2.710827350166825 -2.684630127837954
-2.694781705923099 -2.720300438896587 -2.742532254063323 -2.761897292241866 -2.778745470937554 -2.79336823948329 -2.806008424019595 -2.816867829141677 -2.826113216402288 -2.833881138281928 -2.840282980633675 -2.845408101409134 -2.849325652120795 -2.852088116572872 -2.853731368001319 -2.854276759868379 -2.853731368001319 -2.852088116572872 -2.849325652120795 -2.845408101409134 -2.840282980633675 -2.833881138281928 -2.826113216402288 -2.816867829141677 -2.806008424019595 -2.79336823948329 -2.778745470937554 -2.761897292241866 -2.742532254063323 -2.720300438896587 -2.694781705923099
-2.702890697846423 -2.727869290475987 -2.749634707675479 -2.768597095330398 -2.785098399089784 -2.799423541554327 -2.81180924808314 -2.822452055924635 -2.831514565653652 -2.839130438690781 -2.845408101409134 -2.850434194927101 -2.854276759868379 -2.856986377974909 -2.858598415192788 -2.859133458845041 -2.858598415192788 -2.856986377974909 -2.854276759868379 -2.850434194927101 -2.845408101409134 -2.839130438690781 -2.831514565653652 -2.822452055924635 -2.81180924808314 -2.799423541554327 -2.785098399089784 -2.768597095330398 -2.749634707675479 -2.727869290475987 -2.702890697846423
-2.709078286614944 -2.73364553720059 -2.755056095408517 -2.773712409215946 -2.789950013311462 -2.804048500640098 -2.816240443760515 -2.826718674508331 -2.835642453892877 -2.843142630449452 -2.849325652120795 -2.854276759868379 -2.858062220008827 -2.86073173543314 -2.862319994538665 -2.862847184549046 -2.862319994538665 -2.86073173543314 -2.858062220008827 -2.854276759868379 -2.849325652120795 -2.843142630449452 -2.835642453892877 -2.826718674508331 -2.816240443760515 -2.804048500640098 -2.789950013311462 -2.773712409215946 -2.755056095408517 -2.73364553720059 -2.709078286614944
-2.713435467838943 -2.737713387745845 -2.758874476361747 -2.777315756795767 -2.793368239483244 -2.807307695230473 -2.819363498616244 -2.829725967446704 -2.83855228575359 -2.845971392582967 -2.852088116572872 -2.856986377974909 -2.86073173543314 -2.863373242006592 -2.864944722779009 -2.865466408554157 -2.864944722779009 -2.863373242006592 -2.86073173543314 -2.856986377974909 -2.852088116572872 -2.845971392582967 -2.83855228575359 -2.829725967446704 -2.819363498616244 -2.807307695230473 -2.793368239483244 -2.777315756795767 -2.758874476361747 -2.737713387745845 -2.713435467838943
-2.71602511290924 -2.740131277729578 -2.761144221278755 -2.779457857107605 -2.795400498510438 -2.809245640882457 -2.821220756494958 -2.831514565653652 -2.840282980633671 -2.847653944401829 -2.853731368001319 -2.858598415192788 -2.862319994538665 -2.864944722779009 -2.866506401826941 -2.86702474499118 -2.866506401826941 -2.864944722779009 -2.862319994538665 -2.858598415192788 -2.853731368001319 -2.847653944401829 -2.840282980633671 -2.831514565653652 -2.821220756494958 -2.809245640882457 -2.795400498510438 -2.779457857107605 -2.761144221278755 -2.740131277729578 -2.71602511290924
-2.716884241675699 -2.74093347719565 -2.761897292241835 -2.780168603213519 -2.796074830090792 -2.809888712549753 -2.821837091871304 -2.832108159258854 -2.84085738517851 -2.848212374418389 -2.854276759868379 -2.859133458845041 -2.862847184549046 -2.865466408554157 -2.86702474499118 -2.867542045668625 -2.86702474499118 -2.865466408554157 -2.862847184549046 -2.859133458845041 -2.854276759868379 -2.848212374418389 -2.84085738517851 -2.832108159258854 -2.821837091871304 -2.809888712549753 -2.796074830090792 -2.780168603213519 -2.761897292241835 -2.74093347719565 -2.716884241675699
-2.71602511290924 -2.740131277729578 -2.761144221278755 -2.779457857107605 -2.795400498510438 -2.809245640882457 -2.821220756494958 -2.831514565653652 -2.840282980633671 -2.847653944401829 -2.853731368001319 -2.858598415192788 -2.862319994538665 -2.864944722779009 -2.866506401826941 -2.86702474499118 -2.866506401826941 -2.864944722779009 -2.862319994538665 -2.858598415192788 -2.853731368001319 -2.847653944401829 -2.840282980633671 -2.831514565653652 -2.821220756494958 -2.809245640882457 -2.795400498510438 -2.779457857107605 -2.761144221278755 -2.740131277729578 -2.71602511290924
-2.713435467838943 -2.737713387745845 -2.758874476361747 -2.777315756795767 -2.793368239483244 -2.807307695230473 -2.819363498616244 -2.829725967446704 -2.83855228575359 -2.845971392582967 -2.852088116572872 -2.856986377974909 -2.86073173543314 -2.863373242006592 -2.864944722779009 -2.865466408554157 -2.864944722779009 -2.863373242006592 -2.86073173543314 -2.856986377974909 -2.852088116572872 -2.845971392582967 -2.83855228575359 -2.829725967446704 -2.819363498616244 -2.807307695230473 -2.793368239483244 -2.777315756795767 -2.758874476361747 -2.737713387745845 -2.713435467838943
-2.709078286614944 -2.73364553720059 -2.755056095408517 -2.773712409215946 -2.789950013311462 -2.804048500640098 -2.816240443760515 -2.826718674508331 -2.835642453892877 -2.843142630449452 -2.849325652120795 -2.854276759868379 -2.858062220008827 -2.86073173543314 -2.862319994538665 -2.862847184549046 -2.862319994538665 -2.86073173543314 -2.858062220008827 -2.854276759868379 -2.849325652120795 -2.843142630449452 -2.835642453892877 -2.826718674508331 -2.816240443760515 -2.804048500640098 -2.789950013311462 -2.773712409215946 -2.755056095408517 -2.73364553720059 -2.709078286614944
-2.702890697846423 -2.727869290475987 -2.749634707675479 -2.768597095330398 -2.785098399089784 -2.799423541554327 -2.81180924808314 -2.822452055924635 -2.831514565653652 -2.839130438690781 -2.845408101409134 -2.850434194927101 -2.854276759868379 -2.856986377974909 -2.858598415192788 -2.859133458845041 -2.858598415192788 -2.856986377974909 -2.854276759868379 -2.850434194927101 -2.845408101409134 -2.839130438690781 -2.831514565653652 -2.822452055924635 -2.81180924808314 -2.799423541554327 -2.785098399089784 -2.768597095330398 -2.749634707675479 -2.727869290475987 -2.702890697846423
-2.694781705923099 -2.720300438896587 -2.742532254063323 -2.761897292241866 -2.778745470937554 -2.79336823948329 -2.806008424019595 -2.816867829141677 -2.826113216402288 -2.833881138281928 -2.840282980633675 -2.845408101409134 -2.849325652120795 -2.852088116572872 -2.853731368001319 -2.854276759868379 -2.853731368001319 -2.852088116572872 -2.849325652120795 -2.845408101409134 -2.840282980633675 -2.833881138281928 -2.826113216402288 -2.816867829141677 -2.806008424019595 -2.79336823948329 -2.778745470937554 -2.761897292241866 -2.742532254063323 -2.720300438896587 -2.694781705923099
-2.684630127837954 -2.710827350166825 -2.73364553720059 -2.75351619455951 -2.770799536065706 -2.785796240708493 -2.7987568415646 -2.809888712549753 -2.819363498616244 -2.827322791798013 -2.833881138281928 -2.839130438690781 -2.843142630449452 -2.845971392582967 -2.847653944401829 -2.848212374418389 -2.847653944401829 -2.845971392582967 -2.843142630449452 -2.839130438690781 -2.833881138281928 -2.827322791798013 -2.819363498616244 -2.809888712549753 -2.7987568415646 -2.785796240708493 -2.770799536065706 -2.75351619455951 -2.73364553720059 -2.710827350166825 -2.684630127837954
-2.672282649280971 -2.699308262433184 -2.722841379053298 -2.743328838378716 -2.761144221278755 -2.776598418434681 -2.789950013311462 -2.801414605218838 -2.811170512161724 -2.819363498616244 -2.826113216402288 -2.831514565653652 -2.835642453892877 -2.83855228575359 -2.840282980633671 -2.84085738517851 -2.840282980633671 -2.83855228575359 -2.835642453892877 -2.831514565653652 -2.826113216402288 -2.819363498616244 -2.811170512161724 -2.801414605218838 -2.789950013311462 -2.776598418434681 -2.761144221278755 -2.743328838378716 -2.722841379053298 -2.699308262433184 -2.672282649280971
-2.657547812121781 -2.685564107768677 -2.709953854065323 -2.731181710761014 -2.749634707675479 -2.765636608733747 -2.779457857107605 -2.791321995846677 -2.801414605218838 -2.809888712549753 -2.816867829141677 -2.822452055924635 -2.826718674508331 -2.829725967446704 -2.831514565653652 -2.832108159258854 -2.831514565653652 -2.829725967446704 -2.826718674508331 -2.822452055924635 -2.816867829141677 -2.809888712549753 -2.801414605218838 -2.791321995846677 -2.779457857107605 -2.765636608733747 -2.749634707675479 -2.731181710761014 -2.709953854065323 -2.685564107768677 -2.657547812121781
-2.640188944613389 -2.669378182456967 -2.694781705923059 -2.716884241675699 -2.73609198719521 -2.752743533888615 -2.767120277270785 -2.779457857107605 -2.789950013311462 -2.7987568415646 -2.806008424019595 -2.81180924808314 -2.816240443760515 -2.819363498616244 -2.821220756494958 -2.821837091871304 -2.821220756494958 -2.819363498616244 -2.816240443760515 -2.81180924808314 -2.806008424019595 -2.7987568415646 -2.789950013311462 -2.779457857107605 -2.767120277270785 -2.752743533888615 -2.73609198719521 -2.716884241675699 -2.694781705923059 -2.669378182456967 -2.640188944613389
-2.619923945551135 -2.650486457823735 -2.677077191489707 -2.700207086711848 -2.720300438896587 -2.73771338774584 -2.752743533888615 -2.765636608733747 -2.776598418434681 -2.785796240708493 -2.79336823948329 -2.799423541554327 -2.804048500640098 -2.807307695230473 -2.809245640882457 -2.809888712549753 -2.809245640882457 -2.807307695230473 -2.804048500640098 -2.799423541554327 -2.79336823948329 -2.785796240708493 -2.776598418434681 -2.765636608733747 -2.752743533888615 -2.73771338774584 -2.720300438896587 -2.700207086711848 -2.677077191489707 -2.650486457823735 -2.619923945551135
-2.596408518674999 -2.628570512423819 -2.656546361916588 -2.680871742162384 -2.701998297968284 -2.720300438896587 -2.73609198719521 -2.749634707675479 -2.761144221278755 -2.770799536065706 -2.778745470937554 -2.785098399089784 -2.789950013311462 -2.793368239483244 -2.795400498510438 -2.796074830090792 -2.795400498510438 -2.793368239483244 -2.789950013311462 -2.785098399089784 -2.778745470937554 -2.770799536065706 -2.761144221278755 -2.749634707675479 -2.73609198719521 -2.720300438896587 -2.701998297968284 -2.680871742162384 -2.656546361916588 -2.628570512423819 -2.596408518674999
-2.589975773822158 -2.603250410058133 -2.632831201526373 -2.65854684045182 -2.680871742162384 -2.700207086711848 -2.716884241675699 -2.731181710761014 -2.743328838378716 -2.75351619455951 -2.761897292241866 -2.768597095330398 -2.773712409215946 -2.777315756795767 -2.779457857107605 -2.780168603213519 -2.779457857107605 -2.777315756795767 -2.773712409215946 -2.768597095330398 -2.761897292241866 -2.75351619455951 -2.743328838378716 -2.731181710761014 -2.716884241675699 -2.700207086711848 -2.680871742162384 -2.65854684045182 -2.632831201526373 -2.603250410058133 -2.589975773822158
-2.589975773822158 -2.589975773822158 -2.605508923245408 -2.632831201526373 -2.656546361916588 -2.677077191489707 -2.694781705923059 -2.709953854065323 -2.722841379053298 -2.73364553720059 -2.742532254063323 -2.749634707675479 -2.755056095408517 -2.758874476361747 -2.761144221278755 -2.761897292241835 -2.761144221278755 -2.758874476361747 -2.755056095408517 -2.749634707675479 -2.742532254063323 -2.73364553720059 -2.722841379053298 -2.709953854065323 -2.694781705923059 -2.677077191489707 -2.656546361916588 -2.632831201526373 -2.605508923245408 -2.589975773822158 -2.589975773822158
-2.589975773822158 -2.589975773822158 -2.589975773822158 -2.603250410058133 -2.628570512423819 -2.650486457823735 -2.669378182456967 -2.685564107768677 -2.699308262433184 -2.710827350166825 -2.720300438896587 -2.727869290475987 -2.73364553720059 -2.737713387745845 -2.740131277729578 -2.74093347719565 -2.740131277729578 -2.737713387745845 -2.73364553720059 -2.727869290475987 -2.720300438896587 -2.710827350166825 -2.699308262433184 -2.685564107768677 -2.669378182456967 -2.650486457823735 -2.628570512423819 -2.603250410058133 -2.589975773822158 -2.589975773822158 -2.589975773822158
-2.589975773822158 -2.589975773822158 -2.589975773822158 -2.589975773822158 -2.596408518674999 -2.619923945551135 -2.640188944613389 -2.657547812121781 -2.672282649280971 -2.684630127837954 -2.694781705923099 -2.702890697846423 -2.709078286614944 -2.713435467838943 -2.71602511290924 -2.716884241675699 -2.71602511290924 -2.713435467838943 -2.709078286614944 -2.702890697846423 -2.694781705923099 -2.684630127837954 -2.672282649280971 -2.657547812121781 -2.640188944613389 -2.619923945551135 -2.596408518674999 -2.589975773822158 -2.589975773822158 -2.589975773822158 -2.589975773822158
-2.6969751209643 -2.696975120964316 -2.6969751209643 -2.6969751209643 -2.706822500090023 -2.719902824780617 -2.731409061000741 -2.741446995048053 -2.750109965462102 -2.757474425216104 -2.763603857508273 -2.768551139640121 -2.772357821082798 -2.775054828264963 -2.776664281856992 -2.777199316837267 -2.776664281856992 -2.775054828264963 -2.772357821082798 -2.768551139640121 -2.763603857508273 -2.757474425216104 -2.750109965462102 -2.741446995048053 -2.731409061000741 -2.719902824780617 -2.706822500090023 -2.6969751209643 -2.6969751209643 -2.696975120964316 -2.6969751209643
-2.696975120964316 -2.696975120964316 -2.6969751209643 -2.71059963028153 -2.724785010086004 -2.737342569373595 -2.748391574088262 -2.758035470759654 -2.766359758133868 -2.773438820227189 -2.779332251240456 -2.78408967250574 -2.787750705205409 -2.790345107953516 -2.791893478580562 -2.79240822874631 -2.791893478580562 -2.790345107953516 -2.787750705205409 -2.78408967250574 -2.779332251240456 -2.773438820227189 -2.766359758133868 -2.758035470759654 -2.748391574088262 -2.737342569373595 -2.724785010086004 -2.71059963028153 -2.6969751209643 -2.696975120964316 -2.696975120964316
-2.6969751209643 -2.6969751209643 -2.711851506280131 -2.727205673254054 -2.740863087880395 -2.752958121497989 -2.763603857508273 -2.772898687621439 -2.780924433108882 -2.787750705205409 -2.793435676623516 -2.798025603246017 -2.80155807671142 -2.804061581421832 -2.805555930007612 -2.806052751991957 -2.805555930007612 -2.804061581421832 -2.80155807671142 -2.798025603246017 -2.793435676623516 -2.787750705205409 -2.780924433108882 -2.772898687621439 -2.763603857508273 -2.752958121497989 -2.740863087880395 -2.727205673254054 -2.711851506280131 -2.6969751209643 -2.6969751209643
-2.6969751209643 -2.71059963028153 -2.727205673254054 -2.742030094896606 -2.755222504276713 -2.766908708315378 -2.777199316837267 -2.7861858352587 -2.793948376987936 -2.800552103441829 -2.806052751991959 -2.8104950273161 -2.813914279256997 -2.816337705589064 -2.817784309476656 -2.818265280849864 -2.817784309476656 -2.816337705589064 -2.813914279256997 -2.8104950273161 -2.806052751991959 -2.800552103441829 -2.793948376987936 -2.7861858352587 -2.777199316837267 -2.766908708315378 -2.755222504276713 -2.742030094896606 -2.727205673254054 -2.71059963028153 -2.6969751209643
-2.706822500090023 -2.724785010086004 -2.740863087880395 -2.755222504276713 -2.768004396734626 -2.779332251240456 -2.789309415380803 -2.79802560324605 -2.805555930007612 -2.811964229388391 -2.817302724555593 -2.821614976058496 -2.824934712217432 -2.827287800008463 -2.828692477452138 -2.82915951749903 -2.828692477452138 -2.827287800008463 -2.824934712217432 -2.821614976058496 -2.817302724555593 -2.811964229388391 -2.805555930007612 -2.79802560324605 -2.789309415380803 -2.779332251240456 -2.768004396734626 -2.755222504276713 -2.740863087880395 -2.724785010086004 -2.706822500090023
-2.719902824780617 -2.737342569373595 -2.752958121497989 -2.766908708315378 -2.779332251240456 -2.790345107953516 -2.800048129114354 -2.80852713203673 -2.815854267463395 -2.822091052799347 -2.827287800008463 -2.831485911868254 -2.83471842527611 -2.83700992410192 -2.838377906427508 -2.838832755651119 -2.838377906427508 -2.83700992410192 -2.83471842527611 -2.831485911868254 -2.827287800008463 -2.822091052799347 -2.815854267463395 -2.80852713203673 -2.800048129114354 -2.790345107953516 -2.779332251240456 -2.766908708315378 -2.752958121497989 -2.737342569373595 -2.719902824780617
-2.731409061000741 -2.748391574088262 -2.763603857508273 -2.777199316837267 -2.789309415380803 -2.800048129114354 -2.809512363958907 -2.817784309476656 -2.824934712217432 -2.831021800098776 -2.836095059855967 -2.84019389069728 -2.843350210950938 -2.845588032952085 -2.846924052989207 -2.847368286148071 -2.846924052989207 -2.845588032952085 -2.843350210950938 -2.84019389069728 -2.836095059855967 -2.831021800098776 -2.824934712217432 -2.817784309476656 -2.809512363958907 -2.800048129114354 -2.789309415380803 -2.777199316837267 -2.763603857508273 -2.748391574088262 -2.731409061000741
-2.741446995048053 -2.758035470759654 -2.772898687621439 -2.7861858352587 -2.79802560324605 -2.80852713203673 -2.817784309476656 -2.825877750533833 -2.832874772465345 -2.838832755651119 -2.843798890898253 -2.847811967757451 -2.850902418998353 -2.853093716767458 -2.854402083634514 -2.854837135122402 -2.854402083634514 -2.853093716767458 -2.850902418998353 -2.847811967757451 -2.843798890898253 -2.838832755651119 -2.832874772465345 -2.825877750533833 -2.817784309476656 -2.80852713203673 -2.79802560324605 -2.7861858352587 -2.772898687621439 -2.758035470759654 -2.741446995048053
-2.750109965462102 -2.766359758133868 -2.780924433108882 -2.793948376987936 -2.805555930007612 -2.815854267463395 -2.824934712217432 -2.832874772465345 -2.83974074607545 -2.845588032952085 -2.850462555309432 -2.854402083634514 -2.857436254553276 -2.859587685109788 -2.860872332624775 -2.861299518317939 -2.860872332624775 -2.859587685109788 -2.857436254553276 -2.854402083634514 -2.850462555309432 -2.845588032952085 -2.83974074607545 -2.832874772465345 -2.824934712217432 -2.815854267463395 -2.805555930007612 -2.793948376987936 -2.780924433108882 -2.766359758133868 -2.750109965462102
-2.757474425216104 -2.773438820227189 -2.787750705205409 -2.800552103441829 -2.811964229388391 -2.822091052799347 -2.831021800098776 -2.838832755651119 -2.845588032952085 -2.851341745043385 -2.856139086489851 -2.860016413518946 -2.863003084500976 -2.865120938773324 -2.866385533297982 -2.866806061105671 -2.866385533297982 -2.865120938773324 -2.863003084500976 -2.860016413518946 -2.856139086489851 -2.851341745043385 -2.845588032952085 -2.838832755651119 -2.831021800098776 -2.822091052799347 -2.811964229388391 -2.800552103441829 -2.787750705205409 -2.773438820227189 -2.757474425216104
-2.763603857508273 -2.779332251240456 -2.793435676623516 -2.806052751991959 -2.817302724555593 -2.827287800008463 -2.836095059855967 -2.843798890898253 -2.850462555309432 -2.856139086489851 -2.860872332624788 -2.864698393250473 -2.867645625502329 -2.869735741581887 -2.87098378607475 -2.871398806451834 -2.87098378607475 -2.869735741581887 -2.867645625502329 -2.864698393250473 -2.860872332624788 -2.856139086489851 -2.850462555309432 -2.843798890898253 -2.836095059855967 -2.827287800008463 -2.817302724555593 -2.806052751991959 -2.793435676623516 -2.779332251240456 -2.763603857508273
-2.768551139640121 -2.78408967250574 -2.798025603246017 -2.8104950273161 -2.821614976058496 -2.831485911868254 -2.84019389069728 -2.847811967757451 -2.854402083634514 -2.860016413518946 -2.864698393250473 -2.868483181979995 -2.871398806451834 -2.873466592915902 -2.874701378860762 -2.87511198787294 -2.874701378860762 -2.873466592915902 -2.871398806451834 -2.868483181979995 -2.864698393250473 -2.860016413518946 -2.854402083634514 -2.847811967757451 -2.84019389069728 -2.831485911868254 -2.821614976058496 -2.8104950273161 -2.798025603246017 -2.78408967250574 -2.768551139640121
-2.772357821082798 -2.787750705205409 -2.80155807671142 -2.813914279256997 -2.824934712217432 -2.83471842527611 -2.843350210950938 -2.850902418998353 -2.857436254553276 -2.863003084500976 -2.867645625502329 -2.871398806451834 -2.874290277272379 -2.876340899079544 -2.877565524108936 -2.877972762294423 -2.877565524108936 -2.876340899079544 -2.874290277272379 -2.871398806451834 -2.867645625502329 -2.863003084500976 -2.857436254553276 -2.850902418998353 -2.843350210950938 -2.83471842527611 -2.824934712217432 -2.813914279256997 -2.80155807671142 -2.787750705205409 -2.772357821082798
-2.775054828264963 -2.790345107953516 -2.804061581421832 -2.816337705589064 -2.827287800008463 -2.83700992410192 -2.845588032952085 -2.853093716767458 -2.859587685109788 -2.865120938773324 -2.869735741581887 -2.873466592915902 -2.876340899079544 -2.878379510560451 -2.879596891820879 -2.880001758799029 -2.879596891820879 -2.878379510560451 -2.876340899079544 -2.873466592915902 -2.869735741581887 -2.865120938773324 -2.859587685109788 -2.853093716767458 -2.845588032952085 -2.83700992410192 -2.827287800008463 -2.816337705589064 -2.804061581421832 -2.790345107953516 -2.775054828264963
-2.776664281856992 -2.791893478580562 -2.805555930007612 -2.817784309476656 -2.828692477452138 -2.838377906427508 -2.846924052989207 -2.854402083634514 -2.860872332624775 -2.866385533297982 -2.87098378607475 -2.874701378860762 -2.877565524108936 -2.879596891820879 -2.88081001215553 -2.881213431003675 -2.88081001215553 -2.879596891820879 -2.877565524108936 -2.874701378860762 -2.87098378607475 -2.866385533297982 -2.860872332624775 -2.854402083634514 -2.846924052989207 -2.838377906427508 -2.828692477452138 -2.817784309476656 -2.805555930007612 -2.791893478580562 -2.776664281856992
-2.777199316837267 -2.79240822874631 -2.806052751991957 -2.818265280849864 -2.82915951749903 -2.838832755651119 -2.847368286148071 -2.854837135122402 -2.861299518317939 -2.866806061105671 -2.871398806451834 -2.87511198787294 -2.877972762294423 -2.880001758799029 -2.881213431003675 -2.881616390727784 -2.881213431003675 -2.880001758799029 -2.877972762294423 -2.87511198787294 -2.871398806451834 -2.866806061105671 -2.861299518317939 -2.854837135122402 -2.847368286148071 -2.838832755651119 -2.82915951749903 -2.818265280849864 -2.806052751991957 -2.79240822874631 -2.777199316837267
-2.776664281856992 -2.791893478580562 -2.805555930007612 -2.817784309476656 -2.828692477452138 -2.838377906427508 -2.846924052989207 -2.854402083634514 -2.860872332624775 -2.866385533297982 -2.87098378607475 -2.874701378860762 -2.877565524108936 -2.879596891820879 -2.88081001215553 -2.881213431003675 -2.88081001215553 -2.879596891820879 -2.877565524108936 -2.874701378860762 -2.87098378607475 -2.866385533297982 -2.860872332624775 -2.854402083634514 -2.846924052989207 -2.838377906427508 -2.828692477452138 -2.817784309476656 -2.805555930007612 -2.791893478580562 -2.776664281856992
-2.775054828264963 -2.790345107953516 -2.804061581421832 -2.816337705589064 -2.827287800008463 -2.83700992410192 -2.845588032952085 -2.853093716767458 -2.859587685109788 -2.865120938773324 -2.869735741581887 -2.873466592915902 -2.876340899079544 -2.878379510560451 -2.879596891820879 -2.880001758799029 -2.879596891820879 -2.878379510560451 -2.876340899079544 -2.873466592915902 -2.869735741581887 -2.865120938773324 -2.859587685109788 -2.853093716767458 -2.845588032952085 -2.83700992410192 -2.827287800008463 -2.816337705589064 -2.804061581421832 -2.790345107953516 -2.775054828264963
-2.772357821082798 -2.787750705205409 -2.80155807671142 -2.813914279256997 -2.824934712217432 -2.83471842527611 -2.843350210950938 -2.850902418998353 -2.857436254553276 -2.863003084500976 -2.867645625502329 -2.871398806451834 -2.874290277272379 -2.876340899079544 -2.877565524108936 -2.877972762294423 -2.877565524108936 -2.876340899079544 -2.874290277272379 -2.871398806451834 -2.867645625502329 -2.863003084500976 -2.857436254553276 -2.850902418998353 -2.843350210950938 -2.83471842527611 -2.824934712217432 -2.813914279256997 -2.80155807671142 -2.787750705205409 -2.772357821082798
-2.768551139640121 -2.78408967250574 -2.798025603246017 -2.8104950273161 -2.821614976058496 -2.831485911868254 -2.84019389069728 -2.847811967757451 -2.854402083634514 -2.860016413518946 -2.864698393250473 -2.868483181979995 -2.871398806451834 -2.873466592915902 -2.874701378860762 -2.87511198787294 -2.874701378860762 -2.873466592915902 -2.871398806451834 -2.868483181979995 -2.864698393250473 -2.860016413518946 -2.854402083634514 -2.847811967757451 -2.84019389069728 -2.831485911868254 -2.821614976058496 -2.8104950273161 -2.798025603246017 -2.78408967250574 -2.768551139640121
-2.763603857508273 -2.779332251240456 -2.793435676623516 -2.806052751991959 -2.817302724555593 -2.827287800008463 -2.836095059855967 -2.843798890898253 -2.850462555309432 -2.856139086489851 -2.860872332624788 -2.864698393250473 -2.867645625502329 -2.869735741581887 -2.87098378607475 -2.871398806451834 -2.87098378607475 -2.869735741581887 -2.867645625502329 -2.864698393250473 -2.860872332624788 -2.856139086489851 -2.850462555309432 -2.843798890898253 -2.836095059855967 -2.827287800008463 -2.817302724555593 -2.806052751991959 -2.793435676623516 -2.779332251240456 -2.763603857508273
-2.757474425216104 -2.773438820227189 -2.787750705205409 -2.800552103441829 -2.811964229388391 -2.822091052799347 -2.831021800098776 -2.838832755651119 -2.845588032952085 -2.851341745043385 -2.856139086489851 -2.860016413518946 -2.863003084500976 -2.865120938773324 -2.866385533297982 -2.866806061105671 -2.866385533297982 -2.865120938773324 -2.863003084500976 -2.860016413518946 -2.856139086489851 -2.851341745043385 -2.845588032952085 -2.838832755651119 -2.831021800098776 -2.822091052799347 -2.811964229388391 -2.800552103441829 -2.787750705205409 -2.773438820227189 -2.757474425216104
-2.750109965462102 -2.766359758133868 -2.780924433108882 -2.793948376987936 -2.805555930007612 -2.815854267463395 -2.824934712217432 -2.832874772465345 -2.83974074607545 -2.845588032952085 -2.850462555309432 -2.854402083634514 -2.857436254553276 -2.859587685109788 -2.860872332624775 -2.861299518317939 -2.860872332624775 -2.859587685109788 -2.857436254553276 -2.854402083634514 -2.850462555309432 -2.845588032952085 -2.83974074607545 -2.832874772465345 -2.824934712217432 -2.815854267463395 -2.805555930007612 -2.793948376987936 -2.780924433108882 -2.766359758133868 -2.750109965462102
-2.741446995048053 -2.758035470759654 -2.772898687621439 -2.7861858352587 -2.79802560324605 -2.80852713203673 -2.817784309476656 -2.825877750533833 -2.832874772465345 -2.838832755651119 -2.843798890898253 -2.847811967757451 -2.850902418998353 -2.853093716767458 -2.854402083634514 -2.854837135122402 -2.854402083634514 -2.853093716767458 -2.850902418998353 -2.847811967757451 -2.843798890898253 -2.838832755651119 -2.832874772465345 -2.825877750533833 -2.817784309476656 -2.80852713203673 -2.79802560324605 -2.7861858352587 -2.772898687621439 -2.758035470759654 -2.741446995048053
-2.731409061000741 -2.748391574088262 -2.763603857508273 -2.777199316837267 -2.789309415380803 -2.800048129114354 -2.809512363958907 -2.817784309476656 -2.824934712217432 -2.831021800098776 -2.836095059855967 -2.84019389069728 -2.843350210950938 -2.845588032952085 -2.846924052989207 -2.847368286148071 -2.846924052989207 -2.845588032952085 -2.843350210950938 -2.84019389069728 -2.836095059855967 -2.831021800098776 -2.824934712217432 -2.817784309476656 -2.809512363958907 -2.800048129114354 -2.789309415380803 -2.777199316837267 -2.763603857508273 -2.748391574088262 -2.731409061000741
-2.719902824780617 -2.737342569373595 -2.752958121497989 -2.766908708315378 -2.779332251240456 -2.790345107953516 -2.800048129114354 -2.80852713203673 -2.815854267463395 -2.822091052799347 -2.827287800008463 -2.831485911868254 -2.83471842527611 -2.83700992410192 -2.838377906427508 -2.838832755651119 -2.838377906427508 -2.83700992410192 -2.83471842527611 -2.831485911868254 -2.827287800008463 -2.822091052799347 -2.815854267463395 -2.80852713203673 -2.800048129114354 -2.790345107953516 -2.779332251240456 -2.766908708315378 -2.752958121497989 -2.737342569373595 -2.719902824780617
-2.706822500090023 -2.724785010086004 -2.740863087880395 -2.755222504276713 -2.768004396734626 -2.779332251240456 -2.789309415380803 -2.79802560324605 -2.805555930007612 -2.811964229388391 -2.817302724555593 -2.821614976058496 -2.824934712217432 -2.827287800008463 -2.828692477452138 -2.82915951749903 -2.828692477452138 -2.827287800008463 -2.824934712217432 -2.821614976058496 -2.817302724555593 -2.811964229388391 -2.805555930007612 -2.79802560324605 -2.789309415380803 -2.779332251240456 -2.768004396734626 -2.755222504276713 -2.740863087880395 -2.724785010086004 -2.706822500090023
-2.6969751209643 -2.71059963028153 -2.727205673254054 -2.742030094896606 -2.755222504276713 -2.766908708315378 -2.777199316837267 -2.7861858352587 -2.793948376987936 -2.800552103441829 -2.806052751991959 -2.8104950273161 -2.813914279256997 -2.816337705589064 -2.817784309476656 -2.818265280849864 -2.817784309476656 -2.816337705589064 -2.813914279256997 -2.8104950273161 -2.806052751991959 -2.800552103441829 -2.793948376987936 -2.7861858352587 -2.777199316837267 -2.766908708315378 -2.755222504276713 -2.742030094896606 -2.727205673254054 -2.71059963028153 -2.6969751209643
-2.6969751209643 -2.6969751209643 -2.711851506280131 -2.727205673254054 -2.740863087880395 -2.752958121497989 -2.763603857508273 -2.772898687621439 -2.780924433108882 -2.787750705205409 -2.793435676623516 -2.798025603246017 -2.80155807671142 -2.804061581421832 -2.805555930007612 -2.806052751991957 -2.805555930007612 -2.804061581421832 -2.80155807671142 -2.798025603246017 -2.793435676623516 -2.787750705205409 -2.780924433108882 -2.772898687621439 -2.763603857508273 -2.752958121497989 -2.740863087880395 -2.727205673254054 -2.711851506280131 -2.6969751209643 -2.6969751209643
-2.696975120964316 -2.696975120964316 -2.6969751209643 -2.71059963028153 -2.724785010086004 -2.737342569373595 -2.748391574088262 -2.758035470759654 -2.766359758133868 -2.773438820227189 -2.779332251240456 -2.78408967250574 -2.787750705205409 -2.790345107953516 -2.791893478580562 -2.79240822874631 -2.791893478580562 -2.790345107953516 -2.787750705205409 -2.78408967250574 -2.779332251240456 -2.773438820227189 -2.766359758133868 -2.758035470759654 -2.748391574088262 -2.737342569373595 -2.724785010086004 -2.71059963028153 -2.6969751209643 -2.696975120964316 -2.696975120964316
-2.6969751209643 -2.696975120964316 -2.6969751209643 -2.6969751209643 -2.706822500090023 -2.719902824780617 -2.731409061000741 -2.741446995048053 -2.750109965462102 -2.757474425216104 -2.763603857508273 -2.768551139640121 -2.772357821082798 -2.775054828264963 -2.776664281856992 -2.777199316837267 -2.776664281856992 -2.775054828264963 -2.772357821082798 -2.768551139640121 -2.763603857508273 -2.757474425216104 -2.750109965462102 -2.741446995048053 -2.731409061000741 -2.719902824780617 -2.706822500090023 -2.6969751209643 -2.6969751209643 -2.696975120964316 -2.6969751209643
