15 -0.0025 -0.002142857142857143 -0.001785714285714286 -0.001428571428571429 -0.001071428571428571 -0.0007142857142857143 -0.0003571428571428571 0 0.0003571428571428571 0.0007142857142857143 0.001071428571428571 0.001428571428571429 0.001785714285714286 0.002142857142857143 0.0025
15 -0.0025 -0.002142857142857143 -0.001785714285714286 -0.001428571428571429 -0.001071428571428571 -0.0007142857142857143 -0.0003571428571428571 0 0.0003571428571428571 0.0007142857142857143 0.001071428571428571 0.001428571428571429 0.001785714285714286 0.002142857142857143 0.0025
128 0.307 0.3081023622047244 0.3092047244094488 0.3103070866141732 0.3114094488188976 0.312511811023622 0.3136141732283464 0.3147165354330709 0.3158188976377952 0.3169212598425197 0.3180236220472441 0.3191259842519685 0.3202283464566929 0.3213307086614173 0.3224330708661417 0.3235354330708661 0.3246377952755906 0.3257401574803149 0.3268425196850394 0.3279448818897638 0.3290472440944882 0.3301496062992126 0.331251968503937 0.3323543307086614 0.3334566929133858 0.3345590551181102 0.3356614173228347 0.336763779527559 0.3378661417322835 0.3389685039370079 0.3400708661417323 0.3411732283464567 0.3422755905511811 0.3433779527559055 0.3444803149606299 0.3455826771653543 0.3466850393700787 0.3477874015748031 0.3488897637795276 0.3499921259842519 0.3510944881889764 0.3521968503937008 0.3532992125984252 0.3544015748031496 0.355503937007874 0.3566062992125984 0.3577086614173228 0.3588110236220473 0.3599133858267717 0.3610157480314961 0.3621181102362205 0.3632204724409449 0.3643228346456693 0.3654251968503937 0.3665275590551181 0.3676299212598425 0.3687322834645669 0.3698346456692914 0.3709370078740157 0.3720393700787402 0.3731417322834646 0.374244094488189 0.3753464566929134 0.3764488188976378 0.3775511811023622 0.3786535433070866 0.379755905511811 0.3808582677165354 0.3819606299212598 0.3830629921259843 0.3841653543307086 0.3852677165354331 0.3863700787401575 0.3874724409448819 0.3885748031496063 0.3896771653543307 0.3907795275590551 0.3918818897637795 0.392984251968504 0.3940866141732283 0.3951889763779527 0.3962913385826772 0.3973937007874015 0.398496062992126 0.3995984251968504 0.4007007874015748 0.4018031496062992 0.4029055118110236 0.404007874015748 0.4051102362204724 0.4062125984251969 0.4073149606299212 0.4084173228346457 0.4095196850393701 0.4106220472440945 0.4117244094488189 0.4128267716535433 0.4139291338582677 0.4150314960629921 0.4161338582677165 0.4172362204724409 0.4183385826771653 0.4194409448818898 0.4205433070866141 0.4216456692913386 0.422748031496063 0.4238503937007874 0.4249527559055118 0.4260551181102362 0.4271574803149606 0.428259842519685 0.4293622047244094 0.4304645669291339 0.4315669291338582 0.4326692913385827 0.433771653543307 0.4348740157480315 0.4359763779527559 0.4370787401574803 0.4381811023622048 0.4392834645669291 0.4403858267716536 0.441488188976378 0.4425905511811024 0.4436929133858268 0.4447952755905512 0.4458976377952756 0.447
2.739545153208112e-13 -4.003950608534932e-13 3.954041356315363e-14 5.53177386705484e-14 -1.264405455326821e-13 -1.685873940435761e-13 -3.226868089115325e-14 -1.713588926959828e-26 -3.226868089115325e-14 -1.685873940435761e-13 -1.264405455326821e-13 5.53177386705484e-14 3.954041356315363e-14 -4.003950608534932e-13 2.739545153208112e-13
-4.003950608534932e-13 1.852066373342764e-14 0 -1.71221572075507e-13 1.896608182990231e-13 2.818570494166038e-13 4.214684851089403e-14 8.429369702178806e-14 4.214684851089403e-14 2.818570494166038e-13 1.896608182990231e-13 -1.71221572075507e-13 0 1.852066373342764e-14 -4.003950608534932e-13
3.954041356315363e-14 0 -3.226868089115325e-14 6.322027276634104e-14 4.214684851089403e-14 -1.726163524581457e-13 -1.277478524731004e-13 -1.896608182990231e-13 -1.277478524731004e-13 -1.726163524581457e-13 4.214684851089403e-14 6.322027276634104e-14 -3.226868089115325e-14 0 3.954041356315363e-14
5.53177386705484e-14 -1.71221572075507e-13 6.322027276634104e-14 -3.309044194275079e-14 -1.896608182990231e-13 -4.478102654282491e-14 2.528810910653642e-13 5.268356063861753e-13 2.528810910653642e-13 -4.478102654282491e-14 -1.896608182990231e-13 -3.309044194275079e-14 6.322027276634104e-14 -1.71221572075507e-13 5.53177386705484e-14
-1.264405455326821e-13 1.896608182990231e-13 4.214684851089403e-14 -1.896608182990231e-13 2.950279395762582e-13 2.627592586851049e-13 -3.793216365980463e-13 -3.898583487257697e-13 -3.793216365980463e-13 2.627592586851049e-13 2.950279395762582e-13 -1.896608182990231e-13 4.214684851089403e-14 1.896608182990231e-13 -1.264405455326821e-13
-1.685873940435761e-13 2.818570494166038e-13 -1.726163524581457e-13 -4.478102654282491e-14 2.627592586851049e-13 -1.975633523948157e-13 2.107342425544701e-14 2.107342425544701e-14 2.107342425544701e-14 -1.975633523948157e-13 2.627592586851049e-13 -4.478102654282491e-14 -1.726163524581457e-13 2.818570494166038e-13 -1.685873940435761e-13
-3.226868089115325e-14 4.214684851089403e-14 -1.277478524731004e-13 2.528810910653642e-13 -3.793216365980463e-13 2.107342425544701e-14 -6.322027276634104e-14 -3.579709424786199e-14 -6.322027276634104e-14 2.107342425544701e-14 -3.793216365980463e-13 2.528810910653642e-13 -1.277478524731004e-13 4.214684851089403e-14 -3.226868089115325e-14
0 0 0 0 0 0 0 0 0 0 0 0 0 0 0
3.226868089115325e-14 -4.214684851089403e-14 1.277478524731004e-13 -2.528810910653642e-13 3.793216365980463e-13 -2.107342425544701e-14 6.322027276634104e-14 3.579709424786199e-14 6.322027276634104e-14 -2.107342425544701e-14 3.793216365980463e-13 -2.528810910653642e-13 1.277478524731004e-13 -4.214684851089403e-14 3.226868089115325e-14
1.685873940435761e-13 -2.818570494166038e-13 1.726163524581457e-13 4.478102654282491e-14 -2.627592586851049e-13 1.975633523948157e-13 -2.107342425544701e-14 -2.107342425544701e-14 -2.107342425544701e-14 1.975633523948157e-13 -2.627592586851049e-13 4.478102654282491e-14 1.726163524581457e-13 -2.818570494166038e-13 1.685873940435761e-13
1.264405455326821e-13 -1.896608182990231e-13 -4.214684851089403e-14 1.896608182990231e-13 -2.950279395762582e-13 -2.627592586851049e-13 3.793216365980463e-13 3.898583487257697e-13 3.793216365980463e-13 -2.627592586851049e-13 -2.950279395762582e-13 1.896608182990231e-13 -4.214684851089403e-14 -1.896608182990231e-13 1.264405455326821e-13
-5.53177386705484e-14 1.71221572075507e-13 -6.322027276634104e-14 3.309044194275079e-14 1.896608182990231e-13 4.478102654282491e-14 -2.528810910653642e-13 -5.268356063861753e-13 -2.528810910653642e-13 4.478102654282491e-14 1.896608182990231e-13 3.309044194275079e-14 -6.322027276634104e-14 1.71221572075507e-13 -5.53177386705484e-14
-3.954041356315363e-14 -0 3.226868089115325e-14 -6.322027276634104e-14 -4.214684851089403e-14 1.726163524581457e-13 1.277478524731004e-13 1.896608182990231e-13 1.277478524731004e-13 1.726163524581457e-13 -4.214684851089403e-14 -6.322027276634104e-14 3.226868089115325e-14 -0 -3.954041356315363e-14
4.003950608534932e-13 -1.852066373342764e-14 -0 1.71221572075507e-13 -1.896608182990231e-13 -2.818570494166038e-13 -4.214684851089403e-14 -8.429369702178806e-14 -4.214684851089403e-14 -2.818570494166038e-13 -1.896608182990231e-13 1.71221572075507e-13 -0 -1.852066373342764e-14 4.003950608534932e-13
-2.739545153208112e-13 4.003950608534932e-13 -3.954041356315363e-14 -5.53177386705484e-14 1.264405455326821e-13 1.685873940435761e-13 3.226868089115325e-14 1.713588926959828e-26 3.226868089115325e-14 1.685873940435761e-13 1.264405455326821e-13 -5.53177386705484e-14 -3.954041356315363e-14 4.003950608534932e-13 -2.739545153208112e-13
-0.05565237888004887 -0.04990072320974273 -0.04510638464508634 -0.04119900451369427 -0.03815359705975131 -0.03596028062130434 -0.03463586016931929 -0.0341922938284997 -0.03463586016931929 -0.03596028062130434 -0.03815359705975131 -0.04119900451369427 -0.04510638464508634 -0.04990072320974273 -0.05565237888004887
-0.04990072320974273 -0.04423758006729506 -0.03946199512575599 -0.03551956104642626 -0.0324026368006996 -0.03012689923951014 -0.02873680008959527 -0.02826772546421844 -0.02873680008959527 -0.03012689923951014 -0.0324026368006996 -0.03551956104642626 -0.03946199512575599 -0.04423758006729506 -0.04990072320974273
-0.04510638464508634 -0.03946199512575599 -0.03463586016931929 -0.0305858087377991 -0.02731988355139143 -0.02488654179738593 -0.02337270990117363 -0.02285625986485789 -0.02337270990117363 -0.02488654179738593 -0.02731988355139143 -0.0305858087377991 -0.03463586016931929 -0.03946199512575599 -0.04510638464508634
-0.04119900451369427 -0.03551956104642626 -0.0305858087377991 -0.02635814925573074 -0.02285625986485789 -0.020166800082879 -0.01844322987198254 -0.01784404029075143 -0.01844322987198254 -0.020166800082879 -0.02285625986485789 -0.02635814925573074 -0.0305858087377991 -0.03551956104642626 -0.04119900451369427
-0.03815359705975131 -0.0324026368006996 -0.02731988355139143 -0.02285625986485789 -0.01902938532351044 -0.01595472924979724 -0.01388152421200983 -0.01313358491575932 -0.01388152421200983 -0.01595472924979724 -0.01902938532351044 -0.02285625986485789 -0.02731988355139143 -0.0324026368006996 -0.03815359705975131
-0.03596028062130434 -0.03012689923951014 -0.02488654179738593 -0.020166800082879 -0.01595472924979724 -0.01234921201922779 -0.009685565127694815 -0.008639595736882775 -0.009685565127694815 -0.01234921201922779 -0.01595472924979724 -0.020166800082879 -0.02488654179738593 -0.03012689923951014 -0.03596028062130434
-0.03463586016931929 -0.02873680008959527 -0.02337270990117363 -0.01844322987198254 -0.01388152421200983 -0.009685565127694815 -0.006077268858683321 -0.004285394058581343 -0.006077268858683321 -0.009685565127694815 -0.01388152421200983 -0.01844322987198254 -0.02337270990117363 -0.02873680008959527 -0.03463586016931929
0 0 0 0 0 0 0 0 0 0 0 0 0 0 0
0.03463586016931929 0.02873680008959527 0.02337270990117363 0.01844322987198254 0.01388152421200983 0.009685565127694815 0.006077268858683321 0.004285394058581343 0.006077268858683321 0.009685565127694815 0.01388152421200983 0.01844322987198254 0.02337270990117363 0.02873680008959527 0.03463586016931929
0.03596028062130434 0.03012689923951014 0.02488654179738593 0.020166800082879 0.01595472924979724 0.01234921201922779 0.009685565127694815 0.008639595736882775 0.009685565127694815 0.01234921201922779 0.01595472924979724 0.020166800082879 0.02488654179738593 0.03012689923951014 0.03596028062130434
0.03815359705975131 0.0324026368006996 0.02731988355139143 0.02285625986485789 0.01902938532351044 0.01595472924979724 0.01388152421200983 0.01313358491575932 0.01388152421200983 0.01595472924979724 0.01902938532351044 0.02285625986485789 0.02731988355139143 0.0324026368006996 0.03815359705975131
0.04119900451369427 0.03551956104642626 0.0305858087377991 0.02635814925573074 0.02285625986485789 0.020166800082879 0.01844322987198254 0.01784404029075143 0.01844322987198254 0.020166800082879 0.02285625986485789 0.02635814925573074 0.0305858087377991 0.03551956104642626 0.04119900451369427
0.04510638464508634 0.03946199512575599 0.03463586016931929 0.0305858087377991 0.02731988355139143 0.02488654179738593 0.02337270990117363 0.02285625986485789 0.02337270990117363 0.02488654179738593 0.02731988355139143 0.0305858087377991 0.03463586016931929 0.03946199512575599 0.04510638464508634
0.04990072320974273 0.04423758006729506 0.03946199512575599 0.03551956104642626 0.0324026368006996 0.03012689923951014 0.02873680008959527 0.02826772546421844 0.02873680008959527 0.03012689923951014 0.0324026368006996 0.03551956104642626 0.03946199512575599 0.04423758006729506 0.04990072320974273
0.05565237888004887 0.04990072320974273 0.04510638464508634 0.04119900451369427 0.03815359705975131 0.03596028062130434 0.03463586016931929 0.0341922938284997 0.03463586016931929 0.03596028062130434 0.03815359705975131 0.04119900451369427 0.04510638464508634 0.04990072320974273 0.05565237888004887
-0.08957186427043128 -0.08103628071185429 -0.07380383044900754 -0.06782684778800611 -0.06310849787322324 -0.05968220571084599 -0.05759961988009008 -0.05689937237698371 -0.05759961988009008 -0.05968220571084599 -0.06310849787322324 -0.06782684778800611 -0.07380383044900754 -0.08103628071185429 -0.08957186427043128
-0.08103628071185429 -0.07248106074297532 -0.06514110959021777 -0.05899067327312484 -0.0540644865156109 -0.05043572750116664 -0.04820306277363223 -0.04744721370407722 -0.04820306277363223 -0.05043572750116664 -0.0540644865156109 -0.05899067327312484 -0.06514110959021777 -0.07248106074297532 -0.08103628071185429
-0.07380383044900754 -0.06514110959021777 -0.05759961988009008 -0.0511697640290453 -0.04591656155589033 -0.04196528639422254 -0.03948870722802013 -0.03864122121834865 -0.03948870722802013 -0.04196528639422254 -0.04591656155589033 -0.0511697640290453 -0.05759961988009008 -0.06514110959021777 -0.07380383044900754
-0.06782684778800611 -0.05899067327312484 -0.0511697640290453 -0.04435874283932716 -0.03864122121834865 -0.03420596083794429 -0.03134227702567423 -0.03034361495516999 -0.03134227702567423 -0.03420596083794429 -0.03864122121834865 -0.04435874283932716 -0.0511697640290453 -0.05899067327312484 -0.06782684778800611
-0.06310849787322324 -0.0540644865156109 -0.04591656155589033 -0.03864122121834865 -0.032317653014554 -0.02718372684078979 -0.02369620429430816 -0.02243391827577845 -0.02369620429430816 -0.02718372684078979 -0.032317653014554 -0.03864122121834865 -0.04591656155589033 -0.0540644865156109 -0.06310849787322324
-0.05968220571084599 -0.05043572750116664 -0.04196528639422254 -0.03420596083794429 -0.02718372684078979 -0.02110775578137861 -0.01658620228465248 -0.01480461072599408 -0.01658620228465248 -0.02110775578137861 -0.02718372684078979 -0.03420596083794429 -0.04196528639422254 -0.05043572750116664 -0.05968220571084599
-0.05759961988009008 -0.04820306277363223 -0.03948870722802013 -0.03134227702567423 -0.02369620429430816 -0.01658620228465248 -0.01042680014695527 -0.007357356346951845 -0.01042680014695527 -0.01658620228465248 -0.02369620429430816 -0.03134227702567423 -0.03948870722802013 -0.04820306277363223 -0.05759961988009008
0 0 0 0 0 0 0 0 0 0 0 0 0 0 0
0.05759961988009008 0.04820306277363223 0.03948870722802013 0.03134227702567423 0.02369620429430816 0.01658620228465248 0.01042680014695527 0.007357356346951845 0.01042680014695527 0.01658620228465248 0.02369620429430816 0.03134227702567423 0.03948870722802013 0.04820306277363223 0.05759961988009008
0.05968220571084599 0.05043572750116664 0.04196528639422254 0.03420596083794429 0.02718372684078979 0.02110775578137861 0.01658620228465248 0.01480461072599408 0.01658620228465248 0.02110775578137861 0.02718372684078979 0.03420596083794429 0.04196528639422254 0.05043572750116664 0.05968220571084599
0.06310849787322324 0.0540644865156109 0.04591656155589033 0.03864122121834865 0.032317653014554 0.02718372684078979 0.02369620429430816 0.02243391827577845 0.02369620429430816 0.02718372684078979 0.032317653014554 0.03864122121834865 0.04591656155589033 0.0540644865156109 0.06310849787322324
0.06782684778800611 0.05899067327312484 0.0511697640290453 0.04435874283932716 0.03864122121834865 0.03420596083794429 0.03134227702567423 0.03034361495516999 0.03134227702567423 0.03420596083794429 0.03864122121834865 0.04435874283932716 0.0511697640290453 0.05899067327312484 0.06782684778800611
0.07380383044900754 0.06514110959021777 0.05759961988009008 0.0511697640290453 0.04591656155589033 0.04196528639422254 0.03948870722802013 0.03864122121834865 0.03948870722802013 0.04196528639422254 0.04591656155589033 0.0511697640290453 0.05759961988009008 0.06514110959021777 0.07380383044900754
0.08103628071185429 0.07248106074297532 0.06514110959021777 0.05899067327312484 0.0540644865156109 0.05043572750116664 0.04820306277363223 0.04744721370407722 0.04820306277363223 0.05043572750116664 0.0540644865156109 0.05899067327312484 0.06514110959021777 0.07248106074297532 0.08103628071185429
0.08957186427043128 0.08103628071185429 0.07380383044900754 0.06782684778800611 0.06310849787322324 0.05968220571084599 0.05759961988009008 0.05689937237698371 0.05759961988009008 0.05968220571084599 0.06310849787322324 0.06782684778800611 0.07380383044900754 0.08103628071185429 0.08957186427043128
-0.1077896109897807 -0.09838203455760837 -0.09025861032556323 -0.08344069244870733 -0.07798705764537635 -0.07399046347925331 -0.07154328161134825 -0.07071790197095973 -0.07154328161134825 -0.07399046347925331 -0.07798705764537635 -0.08344069244870733 -0.09025861032556323 -0.09838203455760837 -0.1077896109897807
-0.09838203455760837 -0.08875830218446877 -0.08034320864257685 -0.07317942176392814 -0.0673640215093652 -0.06303995422570717 -0.06036006989919745 -0.05945015742448308 -0.06036006989919745 -0.06303995422570717 -0.0673640215093652 -0.07317942176392814 -0.08034320864257685 -0.08875830218446877 -0.09838203455760837
-0.09025861032556323 -0.08034320864257685 -0.07154328161134825 -0.06391770615021662 -0.05760329012459748 -0.05280794106941265 -0.04978103069491568 -0.04874212004809823 -0.04978103069491568 -0.05280794106941265 -0.05760329012459748 -0.06391770615021662 -0.07154328161134825 -0.08034320864257685 -0.09025861032556323
-0.08344069244870733 -0.07317942176392814 -0.06391770615021662 -0.05571766332694699 -0.04874212004809823 -0.04327754530107338 -0.03972466548114016 -0.03848186352205956 -0.03972466548114016 -0.04327754530107338 -0.04874212004809823 -0.05571766332694699 -0.06391770615021662 -0.07317942176392814 -0.08344069244870733
-0.07798705764537635 -0.0673640215093652 -0.05760329012459748 -0.04874212004809823 -0.04093657371409996 -0.0345359384105413 -0.03015767076234241 -0.02856807733140897 -0.03015767076234241 -0.0345359384105413 -0.04093657371409996 -0.04874212004809823 -0.05760329012459748 -0.0673640215093652 -0.07798705764537635
-0.07399046347925331 -0.06303995422570717 -0.05280794106941265 -0.04327754530107338 -0.0345359384105413 -0.02689515167089446 -0.02117033775618246 -0.01890751081469186 -0.02117033775618246 -0.02689515167089446 -0.0345359384105413 -0.04327754530107338 -0.05280794106941265 -0.06303995422570717 -0.07399046347925331
-0.07154328161134825 -0.06036006989919745 -0.04978103069491568 -0.03972466548114016 -0.03015767076234241 -0.02117033775618246 -0.0133315102217103 -0.009412650589819851 -0.0133315102217103 -0.02117033775618246 -0.03015767076234241 -0.03972466548114016 -0.04978103069491568 -0.06036006989919745 -0.07154328161134825
0 0 0 0 0 0 0 0 0 0 0 0 0 0 0
0.07154328161134825 0.06036006989919745 0.04978103069491568 0.03972466548114016 0.03015767076234241 0.02117033775618246 0.0133315102217103 0.009412650589819851 0.0133315102217103 0.02117033775618246 0.03015767076234241 0.03972466548114016 0.04978103069491568 0.06036006989919745 0.07154328161134825
0.07399046347925331 0.06303995422570717 0.05280794106941265 0.04327754530107338 0.0345359384105413 0.02689515167089446 0.02117033775618246 0.01890751081469186 0.02117033775618246 0.02689515167089446 0.0345359384105413 0.04327754530107338 0.05280794106941265 0.06303995422570717 0.07399046347925331
0.07798705764537635 0.0673640215093652 0.05760329012459748 0.04874212004809823 0.04093657371409996 0.0345359384105413 0.03015767076234241 0.02856807733140897 0.03015767076234241 0.0345359384105413 0.04093657371409996 0.04874212004809823 0.05760329012459748 0.0673640215093652 0.07798705764537635
0.08344069244870733 0.07317942176392814 0.06391770615021662 0.05571766332694699 0.04874212004809823 0.04327754530107338 0.03972466548114016 0.03848186352205956 0.03972466548114016 0.04327754530107338 0.04874212004809823 0.05571766332694699 0.06391770615021662 0.07317942176392814 0.08344069244870733
0.09025861032556323 0.08034320864257685 0.07154328161134825 0.06391770615021662 0.05760329012459748 0.05280794106941265 0.04978103069491568 0.04874212004809823 0.04978103069491568 0.05280794106941265 0.05760329012459748 0.06391770615021662 0.07154328161134825 0.08034320864257685 0.09025861032556323
0.09838203455760837 0.08875830218446877 0.08034320864257685 0.07317942176392814 0.0673640215093652 0.06303995422570717 0.06036006989919745 0.05945015742448308 0.06036006989919745 0.06303995422570717 0.0673640215093652 0.07317942176392814 0.08034320864257685 0.08875830218446877 0.09838203455760837
0.1077896109897807 0.09838203455760837 0.09025861032556323 0.08344069244870733 0.07798705764537635 0.07399046347925331 0.07154328161134825 0.07071790197095973 0.07154328161134825 0.07399046347925331 0.07798705764537635 0.08344069244870733 0.09025861032556323 0.09838203455760837 0.1077896109897807
-0.1153426076383071 -0.1061222143291019 -0.09800027907990075 -0.09107370602449265 -0.08546299028803578 -0.08131198780913319 -0.0787533782745423 -0.07788798029342223 -0.0787533782745423 -0.08131198780913319 -0.08546299028803578 -0.09107370602449265 -0.09800027907990075 -0.1061222143291019 -0.1153426076383071
-0.1061222143291019 -0.09648517586467877 -0.08789426803346033 -0.08046519954042784 -0.07435842596218632 -0.06977510704443517 -0.0669165996624652 -0.06594330417635669 -0.0669165996624652 -0.06977510704443517 -0.07435842596218632 -0.08046519954042784 -0.08789426803346033 -0.09648517586467877 -0.1061222143291019
-0.09800027907990075 -0.08789426803346033 -0.0787533782745423 -0.07070877081428385 -0.06396341869285432 -0.05879399707027777 -0.05551095909688704 -0.05438097089985412 -0.05551095909688704 -0.05879399707027777 -0.06396341869285432 -0.07070877081428385 -0.0787533782745423 -0.08789426803346033 -0.09800027907990075
-0.09107370602449265 -0.08046519954042784 -0.07070877081428385 -0.06193581256016038 -0.05438097089985412 -0.04840933919736905 -0.04450335890247231 -0.04313321212552485 -0.04450335890247231 -0.04840933919736905 -0.05438097089985412 -0.06193581256016038 -0.07070877081428385 -0.08046519954042784 -0.09107370602449265
-0.08546299028803578 -0.07435842596218632 -0.06396341869285432 -0.05438097089985412 -0.04583751938528222 -0.0387692429021966 -0.03390525971502475 -0.0321344134230892 -0.03390525971502475 -0.0387692429021966 -0.04583751938528222 -0.05438097089985412 -0.06396341869285432 -0.07435842596218632 -0.08546299028803578
-0.08131198780913319 -0.06977510704443517 -0.05879399707027777 -0.04840933919736905 -0.0387692429021966 -0.03026784898692737 -0.02386037602455299 -0.02132075707750135 -0.02386037602455299 -0.03026784898692737 -0.0387692429021966 -0.04840933919736905 -0.05879399707027777 -0.06977510704443517 -0.08131198780913319
-0.0787533782745423 -0.0669165996624652 -0.05551095909688704 -0.04450335890247231 -0.03390525971502475 -0.02386037602455299 -0.01504759895071614 -0.01062973644009653 -0.01504759895071614 -0.02386037602455299 -0.03390525971502475 -0.04450335890247231 -0.05551095909688704 -0.0669165996624652 -0.0787533782745423
0 0 0 0 0 0 0 0 0 0 0 0 0 0 0
0.0787533782745423 0.0669165996624652 0.05551095909688704 0.04450335890247231 0.03390525971502475 0.02386037602455299 0.01504759895071614 0.01062973644009653 0.01504759895071614 0.02386037602455299 0.03390525971502475 0.04450335890247231 0.05551095909688704 0.0669165996624652 0.0787533782745423
0.08131198780913319 0.06977510704443517 0.05879399707027777 0.04840933919736905 0.0387692429021966 0.03026784898692737 0.02386037602455299 0.02132075707750135 0.02386037602455299 0.03026784898692737 0.0387692429021966 0.04840933919736905 0.05879399707027777 0.06977510704443517 0.08131198780913319
0.08546299028803578 0.07435842596218632 0.06396341869285432 0.05438097089985412 0.04583751938528222 0.0387692429021966 0.03390525971502475 0.0321344134230892 0.03390525971502475 0.0387692429021966 0.04583751938528222 0.05438097089985412 0.06396341869285432 0.07435842596218632 0.08546299028803578
0.09107370602449265 0.08046519954042784 0.07070877081428385 0.06193581256016038 0.05438097089985412 0.04840933919736905 0.04450335890247231 0.04313321212552485 0.04450335890247231 0.04840933919736905 0.05438097089985412 0.06193581256016038 0.07070877081428385 0.08046519954042784 0.09107370602449265
0.09800027907990075 0.08789426803346033 0.0787533782745423 0.07070877081428385 0.06396341869285432 0.05879399707027777 0.05551095909688704 0.05438097089985412 0.05551095909688704 0.05879399707027777 0.06396341869285432 0.07070877081428385 0.0787533782745423 0.08789426803346033 0.09800027907990075
0.1061222143291019 0.09648517586467877 0.08789426803346033 0.08046519954042784 0.07435842596218632 0.06977510704443517 0.0669165996624652 0.06594330417635669 0.0669165996624652 0.06977510704443517 0.07435842596218632 0.08046519954042784 0.08789426803346033 0.09648517586467877 0.1061222143291019
0.1153426076383071 0.1061222143291019 0.09800027907990075 0.09107370602449265 0.08546299028803578 0.08131198780913319 0.0787533782745423 0.07788798029342223 0.0787533782745423 0.08131198780913319 0.08546299028803578 0.09107370602449265 0.09800027907990075 0.1061222143291019 0.1153426076383071
-0.1164336893863562 -0.1077718634102779 -0.1000150971838618 -0.09331045341943837 -0.08782448946454767 -0.08373369398593558 -0.08119989484894943 -0.08034088644839539 -0.08119989484894943 -0.08373369398593558 -0.08782448946454767 -0.09331045341943837 -0.1000150971838618 -0.1077718634102779 -0.1164336893863562
-0.1077718634102779 -0.098555592874952 -0.09020770705617535 -0.08289608873243137 -0.07682668885669489 -0.0722370020166385 -0.06936110296608611 -0.06837966022721555 -0.06936110296608611 -0.0722370020166385 -0.07682668885669489 -0.08289608873243137 -0.09020770705617535 -0.098555592874952 -0.1077718634102779
-0.1000150971838618 -0.09020770705617535 -0.08119989484894943 -0.07317426088247798 -0.06637965598206259 -0.06113483656579657 -0.05778871553165374 -0.05663445459933621 -0.05778871553165374 -0.06113483656579657 -0.06637965598206259 -0.07317426088247798 -0.08119989484894943 -0.09020770705617535 -0.1000150971838618
-0.09331045341943837 -0.08289608873243137 -0.07317426088247798 -0.06432644982460579 -0.05663445459933621 -0.05051221734465491 -0.04648974673523847 -0.04507565841124323 -0.04648974673523847 -0.05051221734465491 -0.05663445459933621 -0.06432644982460579 -0.07317426088247798 -0.08289608873243137 -0.09331045341943837
-0.08782448946454767 -0.07682668885669489 -0.06637965598206259 -0.05663445459933621 -0.04786514982393028 -0.04056078546355538 -0.03551190689661593 -0.0336698141432745 -0.03551190689661593 -0.04056078546355538 -0.04786514982393028 -0.05663445459933621 -0.06637965598206259 -0.07682668885669489 -0.08782448946454767
-0.08373369398593558 -0.0722370020166385 -0.06113483656579657 -0.05051221734465491 -0.04056078546355538 -0.03172584816906296 -0.02503729925110811 -0.02238076985273969 -0.02503729925110811 -0.03172584816906296 -0.04056078546355538 -0.05051221734465491 -0.06113483656579657 -0.0722370020166385 -0.08373369398593558
-0.08119989484894943 -0.06936110296608611 -0.05778871553165374 -0.04648974673523847 -0.03551190689661593 -0.02503729925110811 -0.01580709654818623 -0.01117049431399859 -0.01580709654818623 -0.02503729925110811 -0.03551190689661593 -0.04648974673523847 -0.05778871553165374 -0.06936110296608611 -0.08119989484894943
0 0 0 0 0 0 0 0 0 0 0 0 0 0 0
0.08119989484894943 0.06936110296608611 0.05778871553165374 0.04648974673523847 0.03551190689661593 0.02503729925110811 0.01580709654818623 0.01117049431399859 0.01580709654818623 0.02503729925110811 0.03551190689661593 0.04648974673523847 0.05778871553165374 0.06936110296608611 0.08119989484894943
0.08373369398593558 0.0722370020166385 0.06113483656579657 0.05051221734465491 0.04056078546355538 0.03172584816906296 0.02503729925110811 0.02238076985273969 0.02503729925110811 0.03172584816906296 0.04056078546355538 0.05051221734465491 0.06113483656579657 0.0722370020166385 0.08373369398593558
0.08782448946454767 0.07682668885669489 0.06637965598206259 0.05663445459933621 0.04786514982393028 0.04056078546355538 0.03551190689661593 0.0336698141432745 0.03551190689661593 0.04056078546355538 0.04786514982393028 0.05663445459933621 0.06637965598206259 0.07682668885669489 0.08782448946454767
0.09331045341943837 0.08289608873243137 0.07317426088247798 0.06432644982460579 0.05663445459933621 0.05051221734465491 0.04648974673523847 0.04507565841124323 0.04648974673523847 0.05051221734465491 0.05663445459933621 0.06432644982460579 0.07317426088247798 0.08289608873243137 0.09331045341943837
0.1000150971838618 0.09020770705617535 0.08119989484894943 0.07317426088247798 0.06637965598206259 0.06113483656579657 0.05778871553165374 0.05663445459933621 0.05778871553165374 0.06113483656579657 0.06637965598206259 0.07317426088247798 0.08119989484894943 0.09020770705617535 0.1000150971838618
0.1077718634102779 0.098555592874952 0.09020770705617535 0.08289608873243137 0.07682668885669489 0.0722370020166385 0.06936110296608611 0.06837966022721555 0.06936110296608611 0.0722370020166385 0.07682668885669489 0.08289608873243137 0.09020770705617535 0.098555592874952 0.1077718634102779
0.1164336893863562 0.1077718634102779 0.1000150971838618 0.09331045341943837 0.08782448946454767 0.08373369398593558 0.08119989484894943 0.08034088644839539 0.08119989484894943 0.08373369398593558 0.08782448946454767 0.09331045341943837 0.1000150971838618 0.1077718634102779 0.1164336893863562
-0.1139425207001264 -0.1058024339310333 -0.09844843692435466 -0.0920452603202659 -0.08677652629953526 -0.08283074051705508 -0.0803802719461368 -0.07954838870770213 -0.0803802719461368 -0.08283074051705508 -0.08677652629953526 -0.0920452603202659 -0.09844843692435466 -0.1058024339310333 -0.1139425207001264
-0.1058024339310333 -0.09705796842513816 -0.08906866874781003 -0.08202122847261971 -0.07613915647031312 -0.07167229335679663 -0.06886606464707379 -0.06790712558799947 -0.06886606464707379 -0.07167229335679663 -0.07613915647031312 -0.08202122847261971 -0.08906866874781003 -0.09705796842513816 -0.1058024339310333
-0.09844843692435466 -0.08906866874781003 -0.0803802719461368 -0.07258565430873502 -0.06595095740939225 -0.06080835587453459 -0.05751898841353557 -0.05638281817483413 -0.05751898841353557 -0.06080835587453459 -0.06595095740939225 -0.07258565430873502 -0.0803802719461368 -0.08906866874781003 -0.09844843692435466
-0.0920452603202659 -0.08202122847261971 -0.07258565430873502 -0.06393990438969244 -0.05638281817483413 -0.05034374909951323 -0.04636570942642209 -0.04496542764893376 -0.04636570942642209 -0.05034374909951323 -0.05638281817483413 -0.06393990438969244 -0.07258565430873502 -0.08202122847261971 -0.0920452603202659
-0.08677652629953526 -0.07613915647031312 -0.06595095740939225 -0.05638281817483413 -0.04772677596081176 -0.04048825209986508 -0.03547192719196772 -0.03363936939969767 -0.03547192719196772 -0.04048825209986508 -0.04772677596081176 -0.05638281817483413 -0.06595095740939225 -0.07613915647031312 -0.08677652629953526
-0.08283074051705508 -0.07167229335679663 -0.06080835587453459 -0.05034374909951323 -0.04048825209986508 -0.03170409328185263 -0.02503652107607576 -0.02238503083360853 -0.02503652107607576 -0.03170409328185263 -0.04048825209986508 -0.05034374909951323 -0.06080835587453459 -0.07167229335679663 -0.08283074051705508
-0.0803802719461368 -0.06886606464707379 -0.05751898841353557 -0.04636570942642209 -0.03547192719196772 -0.02503652107607576 -0.01581689577752786 -0.01117994644536753 -0.01581689577752786 -0.02503652107607576 -0.03547192719196772 -0.04636570942642209 -0.05751898841353557 -0.06886606464707379 -0.0803802719461368
0 0 0 0 0 0 0 0 0 0 0 0 0 0 0
0.0803802719461368 0.06886606464707379 0.05751898841353557 0.04636570942642209 0.03547192719196772 0.02503652107607576 0.01581689577752786 0.01117994644536753 0.01581689577752786 0.02503652107607576 0.03547192719196772 0.04636570942642209 0.05751898841353557 0.06886606464707379 0.0803802719461368
0.08283074051705508 0.07167229335679663 0.06080835587453459 0.05034374909951323 0.04048825209986508 0.03170409328185263 0.02503652107607576 0.02238503083360853 0.02503652107607576 0.03170409328185263 0.04048825209986508 0.05034374909951323 0.06080835587453459 0.07167229335679663 0.08283074051705508
0.08677652629953526 0.07613915647031312 0.06595095740939225 0.05638281817483413 0.04772677596081176 0.04048825209986508 0.03547192719196772 0.03363936939969767 0.03547192719196772 0.04048825209986508 0.04772677596081176 0.05638281817483413 0.06595095740939225 0.07613915647031312 0.08677652629953526
0.0920452603202659 0.08202122847261971 0.07258565430873502 0.06393990438969244 0.05638281817483413 0.05034374909951323 0.04636570942642209 0.04496542764893376 0.04636570942642209 0.05034374909951323 0.05638281817483413 0.06393990438969244 0.07258565430873502 0.08202122847261971 0.0920452603202659
0.09844843692435466 0.08906866874781003 0.0803802719461368 0.07258565430873502 0.06595095740939225 0.06080835587453459 0.05751898841353557 0.05638281817483413 0.05751898841353557 0.06080835587453459 0.06595095740939225 0.07258565430873502 0.0803802719461368 0.08906866874781003 0.09844843692435466
0.1058024339310333 0.09705796842513816 0.08906866874781003 0.08202122847261971 0.07613915647031312 0.07167229335679663 0.06886606464707379 0.06790712558799947 0.06886606464707379 0.07167229335679663 0.07613915647031312 0.08202122847261971 0.08906866874781003 0.09705796842513816 0.1058024339310333
0.1139425207001264 0.1058024339310333 0.09844843692435466 0.0920452603202659 0.08677652629953526 0.08283074051705508 0.0803802719461368 0.07954838870770213 0.0803802719461368 0.08283074051705508 0.08677652629953526 0.0920452603202659 0.09844843692435466 0.1058024339310333 0.1139425207001264
-0.1087468200963633 -0.1011058730872802 -0.09418337554316164 -0.08814098429222014 -0.08315810806007758 -0.07942026450714385 -0.0770962584104139 -0.0763068368880684 -0.0770962584104139 -0.07942026450714385 -0.08315810806007758 -0.08814098429222014 -0.09418337554316164 -0.1011058730872802 -0.1087468200963633
-0.1011058730872802 -0.09287246198092897 -0.08532711360505577 -0.07865275732188001 -0.07306912021201512 -0.06882117584472928 -0.06614924815731321 -0.06523562694920375 -0.06614924815731321 -0.06882117584472928 -0.07306912021201512 -0.07865275732188001 -0.08532711360505577 -0.09287246198092897 -0.1011058730872802
-0.09418337554316164 -0.08532711360505577 -0.0770962584104139 -0.06969028596448208 -0.06337099087262101 -0.05846332955986151 -0.05532026911497753 -0.0542339182962827 -0.05532026911497753 -0.05846332955986151 -0.06337099087262101 -0.06969028596448208 -0.0770962584104139 -0.08532711360505577 -0.09418337554316164
-0.08814098429222014 -0.07865275732188001 -0.06969028596448208 -0.06145274524517687 -0.0542339182962827 -0.04845352827201888 -0.04464086865743919 -0.0432978839277206 -0.04464086865743919 -0.04845352827201888 -0.0542339182962827 -0.06145274524517687 -0.06969028596448208 -0.07865275732188001 -0.08814098429222014
-0.08315810806007758 -0.07306912021201512 -0.06337099087262101 -0.0542339182962827 -0.04594578413717956 -0.03900068909753655 -0.03418111665731254 -0.03241920616450501 -0.03418111665731254 -0.03900068909753655 -0.04594578413717956 -0.0542339182962827 -0.06337099087262101 -0.07306912021201512 -0.08315810806007758
-0.07942026450714385 -0.06882117584472928 -0.05846332955986151 -0.04845352827201888 -0.03900068909753655 -0.03055780388773326 -0.02414013452713472 -0.0215862483687956 -0.02414013452713472 -0.03055780388773326 -0.03900068909753655 -0.04845352827201888 -0.05846332955986151 -0.06882117584472928 -0.07942026450714385
-0.0770962584104139 -0.06614924815731321 -0.05532026911497753 -0.04464086865743919 -0.03418111665731254 -0.02414013452713472 -0.01525618342549314 -0.01078498976636173 -0.01525618342549314 -0.02414013452713472 -0.03418111665731254 -0.04464086865743919 -0.05532026911497753 -0.06614924815731321 -0.0770962584104139
0 0 0 0 0 0 0 0 0 0 0 0 0 0 0
0.0770962584104139 0.06614924815731321 0.05532026911497753 0.04464086865743919 0.03418111665731254 0.02414013452713472 0.01525618342549314 0.01078498976636173 0.01525618342549314 0.02414013452713472 0.03418111665731254 0.04464086865743919 0.05532026911497753 0.06614924815731321 0.0770962584104139
0.07942026450714385 0.06882117584472928 0.05846332955986151 0.04845352827201888 0.03900068909753655 0.03055780388773326 0.02414013452713472 0.0215862483687956 0.02414013452713472 0.03055780388773326 0.03900068909753655 0.04845352827201888 0.05846332955986151 0.06882117584472928 0.07942026450714385
0.08315810806007758 0.07306912021201512 0.06337099087262101 0.0542339182962827 0.04594578413717956 0.03900068909753655 0.03418111665731254 0.03241920616450501 0.03418111665731254 0.03900068909753655 0.04594578413717956 0.0542339182962827 0.06337099087262101 0.07306912021201512 0.08315810806007758
0.08814098429222014 0.07865275732188001 0.06969028596448208 0.06145274524517687 0.0542339182962827 0.04845352827201888 0.04464086865743919 0.0432978839277206 0.04464086865743919 0.04845352827201888 0.0542339182962827 0.06145274524517687 0.06969028596448208 0.07865275732188001 0.08814098429222014
0.09418337554316164 0.08532711360505577 0.0770962584104139 0.06969028596448208 0.06337099087262101 0.05846332955986151 0.05532026911497753 0.0542339182962827 0.05532026911497753 0.05846332955986151 0.06337099087262101 0.06969028596448208 0.0770962584104139 0.08532711360505577 0.09418337554316164
0.1011058730872802 0.09287246198092897 0.08532711360505577 0.07865275732188001 0.07306912021201512 0.06882117584472928 0.06614924815731321 0.06523562694920375 0.06614924815731321 0.06882117584472928 0.07306912021201512 0.07865275732188001 0.08532711360505577 0.09287246198092897 0.1011058730872802
0.1087468200963633 0.1011058730872802 0.09418337554316164 0.08814098429222014 0.08315810806007758 0.07942026450714385 0.0770962584104139 0.0763068368880684 0.0770962584104139 0.07942026450714385 0.08315810806007758 0.08814098429222014 0.09418337554316164 0.1011058730872802 0.1087468200963633
-0.1014397833302091 -0.09432929477241449 -0.08789225100891389 -0.08227507027930206 -0.07764249791996002 -0.07416674842403295 -0.07200520808721024 -0.07127088711081293 -0.07200520808721024 -0.07416674842403295 -0.07764249791996002 -0.08227507027930206 -0.08789225100891389 -0.09432929477241449 -0.1014397833302091
-0.09432929477241449 -0.08667362895244958 -0.07965905024284244 -0.07345293761540447 -0.06825869674819572 -0.06430521178281567 -0.06181755756104536 -0.0609667783976172 -0.06181755756104536 -0.06430521178281567 -0.06825869674819572 -0.07345293761540447 -0.07965905024284244 -0.08667362895244958 -0.09432929477241449
-0.08789225100891389 -0.07965905024284244 -0.07200520808721024 -0.06511422575359981 -0.05923013321579584 -0.05465742650600915 -0.05172743285548014 -0.05071446109997808 -0.05172743285548014 -0.05465742650600915 -0.05923013321579584 -0.06511422575359981 -0.07200520808721024 -0.07965905024284244 -0.08789225100891389
-0.08227507027930206 -0.07345293761540447 -0.06511422575359981 -0.05744314094828755 -0.05071446109997808 -0.0453221148561225 -0.04176330251096797 -0.04050934289951155 -0.04176330251096797 -0.0453221148561225 -0.05071446109997808 -0.05744314094828755 -0.06511422575359981 -0.07345293761540447 -0.08227507027930206
-0.07764249791996002 -0.06825869674819572 -0.05923013321579584 -0.05071446109997808 -0.04298152110135639 -0.03649558069987742 -0.03199164308715357 -0.03034454542139503 -0.03199164308715357 -0.03649558069987742 -0.04298152110135639 -0.05071446109997808 -0.05923013321579584 -0.06825869674819572 -0.07764249791996002
-0.07416674842403295 -0.06430521178281567 -0.05465742650600915 -0.0453221148561225 -0.03649558069987742 -0.0286040837272727 -0.02260116907112126 -0.02021145231203415 -0.02260116907112126 -0.0286040837272727 -0.03649558069987742 -0.0453221148561225 -0.05465742650600915 -0.06430521178281567 -0.07416674842403295
-0.07200520808721024 -0.06181755756104536 -0.05172743285548014 -0.04176330251096797 -0.03199164308715357 -0.02260116907112126 -0.0142864334293416 -0.01010015678877596 -0.0142864334293416 -0.02260116907112126 -0.03199164308715357 -0.04176330251096797 -0.05172743285548014 -0.06181755756104536 -0.07200520808721024
0 0 0 0 0 0 0 0 0 0 0 0 0 0 0
