# Created by Octave 4.4.1, Tue Sep 17 21:47:26 2019 CEST <peter@peter-ubuntu>
# name: x_opt
# type: matrix
# rows: 20
# columns: 1
 -0.00092137479145459281
 -0.015055084240335699
 0.004357273887676232
 -0.014492797786009875
 -0.01548364360617327
 -0.0019336776198895967
 -0.015269363923254479
 -0.017791270960683284
 -0.01041230761492162
 -0.016637457283428275
 -0.0099999999999999672
 0.019290386628211788
 -0.0014176274162594235
 0.048104364519658369
 0.0099999999999999811
 -0.0099998433788908662
 0.009999999999999969
 -0.010000000000000035
 -0.0030000000000000326
 0.0079749999999999786


# name: obj
# type: scalar
2136700.2009685463


# name: info
# type: scalar
104


# name: iter
# type: scalar
9


# name: nf
# type: scalar
72


# name: lambda
# type: matrix
# rows: 41
# columns: 1
 574723.76056235342
 -507796351.81726098
 2076930210.6292746
 -9659117625048206
 3519130549.4105186
 2680841409.2873311
 -416849.7197549906
 302188220.44821835
 -1540849799.3150384
 0
 1895871777.6772056
 -28492327497.841156
 0
 3422606014.3139682
 0
 0
 0
 0
 11849605156.711748
 230744361416.52277
 592876477930.04907
 0
 0
 0
 0
 0
 0
 0
 0
 100627.51474833552
 0
 0
 0
 0
 -4696912867.3213758
 -9659115664211858
 0
 1318038065.1980128
 0
 0
 0


