# Created by Octave 4.4.1, Sat Apr 04 01:03:31 2020 CEST <peter@peter-ubuntu>
# name: x
# type: matrix
# rows: 1
# columns: 10
 -0.0003486917288164224 6.1153725013737741e-05 0.0098351360854934834 -0.0058772522634519264 0.010372918962314555 0.0043318286903418005 8.6503473347459829e-05 0.0043264190513541091 -0.0078730326670746805 -0.0014591835124265866


# name: obj
# type: scalar
6751545.5518222935


