# Created by Octave 4.4.1, Thu Mar 26 19:01:20 2020 CET <peter@peter-ubuntu>
# name: x
# type: matrix
# rows: 1
# columns: 8
 -0.00054845631157945853 1.0790606057737983e-19 -0.0059965689374280413 -0.003319441068689141 0.0079581654615801765 0.0057094984040740003 -0.003736923497531121 -0.0054948355947426666


# name: obj
# type: scalar
5463661.8534991862


