# Created by Octave 4.4.1, Sat Nov 30 00:37:51 2019 CET <peter@peter-ThinkPad>
# name: x_opt
# type: matrix
# rows: 16
# columns: 1
 -0.002342563365473763
 0.0016901166760045694
 -0.00070556477181884202
 0.00058136112269431214
 -0.00082692076732629894
 -0.0024736114014812637
 0.0015654704765051782
 -0.00046430160157271029
 0.023548579493569852
 0.003164785662451488
 0.0017812182633623237
 0.0016827074694929028
 -0.0015588497655500124
 -0.0022239291114820765
 -0.0029334181475274609
 -0.0014880442059268903


# name: obj
# type: scalar
5584134.8750417437


# name: retcode
# type: scalar
5


