# Created by Octave 4.4.1, Thu Oct 24 18:56:18 2019 CEST <peter@peter-ThinkPad>
# name: x_opt
# type: matrix
# rows: 9
# columns: 1
 -0.0027366394704730537
 4.0569213667795904e-05
 -0.0021269467629559846
 -0.0067661782223499703
 0.0040007370682923326
 0.0039683225187425921
 -0.0038004450571130885
 -0.0027858732617235538
 -0.0027100086606059383


# name: obj
# type: scalar
5348491.245083279


# name: retcode
# type: scalar
6


