# Created by Octave 4.4.1, Sun Dec 01 22:05:04 2019 CET <peter@peter-ThinkPad>
# name: x_opt
# type: matrix
# rows: 8
# columns: 1
 -0.00025502958899431023
 1.0702352809951307e-23
 -0.0049233149682719633
 -0.0099469277001331714
 0.00070734546328395163
 0.010450863935067424
 -0.006476736008396964
 -0.0015034076337530177


# name: obj
# type: scalar
5171733.2437898125


# name: retcode
# type: scalar
5


