# Created by Octave 4.4.1, Fri Nov 29 19:31:55 2019 CET <peter@peter-ThinkPad>
# name: x_opt
# type: matrix
# rows: 8
# columns: 1
 -0.00025053810408308679
 7.7332676747122207e-19
 -0.0049246073198172344
 -0.0099469483568076257
 0.00071306971848644242
 0.010451264306185364
 -0.0064768129524620417
 -0.0015046329658451655


# name: obj
# type: scalar
5171982.1911528464


# name: retcode
# type: scalar
5


