# Created by Octave 5.2.0, Fri Jul 03 12:36:54 2020 CEST <peter@peter-fedora>
# name: x_opt
# type: matrix
# rows: 10
# columns: 1
 -0.0053107096469562822
 0.0082875009317211791
 0.003046756918688753
 0.0048114861634032981
 -0.0065294762048916802
 0.01711290203823411
 -0.0025504789945378289
 0.0016625676351221374
 -0.0017425532784083831
 0.0091636922313468455


# name: obj_opt
# type: scalar
10193256.52093151


