# Created by Octave 4.4.1, Fri Dec 20 04:42:23 2019 CET <peter@peter-ThinkPad>
# name: x
# type: matrix
# rows: 1
# columns: 16
 0.0016456741303439745 0.0007514383034503459 -0.0015279404891509374 -0.0023312899000343642 -0.0013577986404190656 -0.0049267008890881538 0.002277978779657297 -0.0042112323628643372 0.0016775300560770707 0.0024940190602712018 0.00076354356894901072 0.010080891265491254 -0.00053797508836452772 -0.0023145526232329627 -0.0047327983244190653 -0.00033980608708887301


