# Created by Octave 4.4.1, Sun Dec 22 01:38:42 2019 CET <peter@peter-ThinkPad>
# name: x
# type: matrix
# rows: 1
# columns: 24
 -0.00064798560491510511 2.421884918785154e-06 -0.0045149844724284953 -6.7332281244743191e-05 -0.00077009271154277327 -0.0004250919286856902 -0.001617826672047963 -0.0012457288943145722 0.002351224665160797 0.00076907780589671845 0.0039456071053743129 -0.0007180984990988095 0.0042090646091216682 0.0061812558631526441 0.0027452398416725771 0.0076306671397327061 0.0022593237232484001 0.0077237845600747878 -0.00054721300007189481 -0.00026470390042388755 0.00024239460114891591 -0.0017750760449461054 -0.002607272891773307 0.00011514258168278525


