# Created by Octave 4.4.1, Mon Dec 16 17:01:12 2019 CET <peter@peter-ThinkPad>
# name: x
# type: matrix
# rows: 1
# columns: 8
 -0.00089042038370054242 7.9182784540804004e-06 -0.0052460790005995012 -0.0099469483568076257 -0.014016658654589594 0.014232217951320326 -0.0081379558309475058 0.00023218060331951256


