# Created by Octave 4.4.1, Thu Oct 17 23:55:35 2019 CEST <peter@peter-ThinkPad>
# name: x_opt
# type: matrix
# rows: 9
# columns: 1
 0
 0
 0
 0
 0
 0
 0
 0
 0


# name: obj
# type: scalar
6757385.6077678055


# name: retcode
# type: scalar
6


