# Created by Octave 5.2.0, Wed Jul 22 07:09:50 2020 CEST <peter@peter-lenovo>
# name: x_opt
# type: matrix
# rows: 10
# columns: 1
 -0.012629633873951721
 0.00042561979587060783
 0.0055418257940688968
 0.015961951836029376
 -0.004449264771321659
 0.024078246916143881
 -0.0013963848903908744
 -0.0013322995669341258
 -0.0067582918145753616
 0.0080254381934992819


# name: obj_opt
# type: scalar
9484475.0949027296


