# Created by Octave 4.4.1, Sat Nov 16 02:09:29 2019 CET <peter@peter-ThinkPad>
# name: x_opt
# type: matrix
# rows: 9
# columns: 1
 -0.0029956352871157764
 5.0414001617926346e-06
 -0.0018292710646513593
 -0.0066489104623610766
 0.0044093566008691215
 0.0036861153146390772
 -0.0050877372816893933
 -0.0030684097561363977
 -0.0030447583183413028


# name: obj
# type: scalar
5365446.1245998703


# name: retcode
# type: scalar
5


