# Created by Octave 4.4.1, Fri Oct 18 23:34:20 2019 CEST <peter@peter-ThinkPad>
# name: x_opt
# type: matrix
# rows: 9
# columns: 1
 -0.0043662573054275861
 0.00094630357966497933
 0.00047580519406200669
 -0.0018438674633235858
 -0.00013714643546312345
 0.0010521122868632853
 -0.0012252832719142329
 0.0053449437505891225
 -0.0010512549454401885


# name: obj
# type: scalar
6057233.7666952908


# name: retcode
# type: scalar
5


