# Created by Octave 4.4.1, Wed Dec 11 15:16:27 2019 CET <peter@peter-ThinkPad>
# name: x_opt
# type: matrix
# rows: 16
# columns: 1
 -0.0011513323075871213
 0.0018766425762719704
 -0.001566375571852193
 -7.8414307676843487e-05
 0.0010907927706191242
 -0.0035992575068326837
 0.0020527033144487191
 -0.0028720811612400741
 0.02534728121950133
 0.0049782333942508849
 0.00047367619952596657
 0.004263866040545101
 -0.0013143547664833805
 -0.0020103398238996181
 -0.003680740593962241
 -0.0017857234203035111


# name: obj
# type: scalar
5430738.8774780314


# name: retcode
# type: scalar
5


