# Created by Octave 4.4.1, Fri Oct 25 14:55:27 2019 CEST <peter@peter-ubuntu>
# name: volume_constraint_orig
# type: scalar
-19.598593403264431


# name: volume_constraint_optim
# type: scalar
-0.011970648482360957


# name: obj_orig
# type: scalar
6243641.5997339366


# name: obj
# type: scalar
5348491.245083279


# name: max_orig
# type: scalar
7737319.6308744494


# name: max_optim
# type: scalar
6058111.3681736616


