15 -0.0015 -0.001285714285714286 -0.001071428571428571 -0.0008571428571428572 -0.0006428571428571429 -0.0004285714285714286 -0.0002142857142857143 0 0.0002142857142857143 0.0004285714285714286 0.0006428571428571429 0.0008571428571428572 0.001071428571428571 0.001285714285714286 0.0015
15 -0.0015 -0.001285714285714286 -0.001071428571428571 -0.0008571428571428572 -0.0006428571428571429 -0.0004285714285714286 -0.0002142857142857143 0 0.0002142857142857143 0.0004285714285714286 0.0006428571428571429 0.0008571428571428572 0.001071428571428571 0.001285714285714286 0.0015
256 0.307 0.3075490196078431 0.3080980392156863 0.3086470588235294 0.3091960784313725 0.3097450980392157 0.3102941176470588 0.310843137254902 0.3113921568627451 0.3119411764705882 0.3124901960784314 0.3130392156862745 0.3135882352941177 0.3141372549019608 0.3146862745098039 0.3152352941176471 0.3157843137254902 0.3163333333333334 0.3168823529411764 0.3174313725490196 0.3179803921568627 0.3185294117647059 0.319078431372549 0.3196274509803921 0.3201764705882353 0.3207254901960784 0.3212745098039216 0.3218235294117647 0.3223725490196078 0.322921568627451 0.3234705882352941 0.3240196078431373 0.3245686274509804 0.3251176470588235 0.3256666666666667 0.3262156862745098 0.326764705882353 0.3273137254901961 0.3278627450980392 0.3284117647058823 0.3289607843137255 0.3295098039215686 0.3300588235294117 0.3306078431372549 0.331156862745098 0.3317058823529412 0.3322549019607843 0.3328039215686274 0.3333529411764706 0.3339019607843137 0.3344509803921569 0.335 0.3355490196078431 0.3360980392156863 0.3366470588235294 0.3371960784313726 0.3377450980392157 0.3382941176470588 0.3388431372549019 0.3393921568627451 0.3399411764705882 0.3404901960784314 0.3410392156862745 0.3415882352941176 0.3421372549019608 0.3426862745098039 0.3432352941176471 0.3437843137254902 0.3443333333333333 0.3448823529411765 0.3454313725490196 0.3459803921568628 0.3465294117647059 0.347078431372549 0.3476274509803922 0.3481764705882353 0.3487254901960785 0.3492745098039216 0.3498235294117647 0.3503725490196078 0.350921568627451 0.3514705882352941 0.3520196078431372 0.3525686274509804 0.3531176470588235 0.3536666666666667 0.3542156862745098 0.3547647058823529 0.3553137254901961 0.3558627450980392 0.3564117647058824 0.3569607843137255 0.3575098039215686 0.3580588235294118 0.3586078431372549 0.3591568627450981 0.3597058823529412 0.3602549019607843 0.3608039215686275 0.3613529411764706 0.3619019607843137 0.3624509803921568 0.363 0.3635490196078431 0.3640980392156863 0.3646470588235294 0.3651960784313726 0.3657450980392157 0.3662941176470588 0.366843137254902 0.3673921568627451 0.3679411764705882 0.3684901960784314 0.3690392156862745 0.3695882352941177 0.3701372549019608 0.370686274509804 0.3712352941176471 0.3717843137254902 0.3723333333333333 0.3728823529411764 0.3734313725490196 0.3739803921568627 0.3745294117647059 0.375078431372549 0.3756274509803922 0.3761764705882353 0.3767254901960784 0.3772745098039216 0.3778235294117647 0.3783725490196078 0.378921568627451 0.3794705882352941 0.3800196078431373 0.3805686274509804 0.3811176470588236 0.3816666666666667 0.3822156862745098 0.382764705882353 0.3833137254901961 0.3838627450980392 0.3844117647058823 0.3849607843137255 0.3855098039215686 0.3860588235294118 0.3866078431372549 0.387156862745098 0.3877058823529412 0.3882549019607843 0.3888039215686275 0.3893529411764706 0.3899019607843137 0.3904509803921569 0.391 0.3915490196078432 0.3920980392156863 0.3926470588235294 0.3931960784313726 0.3937450980392157 0.3942941176470589 0.3948431372549019 0.3953921568627451 0.3959411764705882 0.3964901960784314 0.3970392156862745 0.3975882352941177 0.3981372549019608 0.3986862745098039 0.3992352941176471 0.3997843137254902 0.4003333333333333 0.4008823529411765 0.4014313725490196 0.4019803921568628 0.4025294117647059 0.4030784313725491 0.4036274509803922 0.4041764705882353 0.4047254901960785 0.4052745098039216 0.4058235294117647 0.4063725490196078 0.406921568627451 0.4074705882352941 0.4080196078431373 0.4085686274509804 0.4091176470588235 0.4096666666666667 0.4102156862745098 0.4107647058823529 0.4113137254901961 0.4118627450980392 0.4124117647058824 0.4129607843137255 0.4135098039215687 0.4140588235294118 0.4146078431372549 0.4151568627450981 0.4157058823529412 0.4162549019607843 0.4168039215686274 0.4173529411764706 0.4179019607843137 0.4184509803921569 0.419 0.4195490196078431 0.4200980392156863 0.4206470588235294 0.4211960784313726 0.4217450980392157 0.4222941176470588 0.422843137254902 0.4233921568627451 0.4239411764705883 0.4244901960784314 0.4250392156862745 0.4255882352941177 0.4261372549019608 0.426686274509804 0.427235294117647 0.4277843137254902 0.4283333333333333 0.4288823529411765 0.4294313725490196 0.4299803921568628 0.4305294117647059 0.431078431372549 0.4316274509803922 0.4321764705882353 0.4327254901960784 0.4332745098039216 0.4338235294117647 0.4343725490196079 0.434921568627451 0.4354705882352942 0.4360196078431373 0.4365686274509804 0.4371176470588236 0.4376666666666666 0.4382156862745098 0.4387647058823529 0.4393137254901961 0.4398627450980392 0.4404117647058824 0.4409607843137255 0.4415098039215686 0.4420588235294118 0.4426078431372549 0.443156862745098 0.4437058823529412 0.4442549019607843 0.4448039215686275 0.4453529411764706 0.4459019607843138 0.4464509803921569 0.447
-2.570167475890394 -2.57478546889294 -2.578629999154737 -2.581733665301342 -2.584121812068096 -2.585814024816025 -2.586824015277337 -2.587159791580316 -2.586824015277337 -2.585814024816025 -2.584121812068096 -2.581733665301342 -2.578629999154737 -2.57478546889294 -2.570167475890394
-2.57478546889294 -2.579322945478674 -2.583101066321899 -2.586151131366987 -2.588498451947533 -2.590161786654821 -2.591154497639819 -2.591484529941058 -2.591154497639819 -2.590161786654821 -2.588498451947533 -2.586151131366987 -2.583101066321899 -2.579322945478674 -2.57478546889294
-2.578629999154737 -2.583101066321899 -2.586824015277337 -2.589830004820436 -2.592143304228566 -2.593782773452597 -2.594761297616698 -2.595086609689969 -2.594761297616698 -2.593782773452597 -2.592143304228566 -2.589830004820436 -2.586824015277337 -2.583101066321899 -2.578629999154737
-2.581733665301342 -2.586151131366987 -2.589830004820436 -2.592800374966707 -2.595086609689969 -2.596706754340013 -2.597673831074419 -2.597995362727031 -2.597673831074419 -2.596706754340013 -2.595086609689969 -2.592800374966707 -2.589830004820436 -2.586151131366987 -2.581733665301342
-2.584121812068096 -2.588498451947533 -2.592143304228566 -2.595086609689969 -2.597351883356385 -2.598957430059881 -2.599915686636903 -2.600234275135428 -2.599915686636903 -2.598957430059881 -2.597351883356385 -2.595086609689969 -2.592143304228566 -2.588498451947533 -2.584121812068096
-2.585814024816025 -2.590161786654821 -2.593782773452597 -2.596706754340013 -2.598957430059881 -2.600552468377538 -2.601504641814581 -2.601821187187348 -2.601504641814581 -2.600552468377538 -2.598957430059881 -2.596706754340013 -2.593782773452597 -2.590161786654821 -2.585814024816025
-2.586824015277337 -2.591154497639819 -2.594761297616698 -2.597673831074419 -2.599915686636903 -2.601504641814581 -2.602453006698425 -2.602768364099877 -2.602453006698425 -2.601504641814581 -2.599915686636903 -2.597673831074419 -2.594761297616698 -2.591154497639819 -2.586824015277337
-2.587159791580316 -2.591484529941058 -2.595086609689969 -2.597995362727031 -2.600234275135428 -2.601821187187348 -2.602768364099877 -2.60308328093125 -2.602768364099877 -2.601821187187348 -2.600234275135428 -2.597995362727031 -2.595086609689969 -2.591484529941058 -2.587159791580316
-2.586824015277337 -2.591154497639819 -2.594761297616698 -2.597673831074419 -2.599915686636903 -2.601504641814581 -2.602453006698425 -2.602768364099877 -2.602453006698425 -2.601504641814581 -2.599915686636903 -2.597673831074419 -2.594761297616698 -2.591154497639819 -2.586824015277337
-2.585814024816025 -2.590161786654821 -2.593782773452597 -2.596706754340013 -2.598957430059881 -2.600552468377538 -2.601504641814581 -2.601821187187348 -2.601504641814581 -2.600552468377538 -2.598957430059881 -2.596706754340013 -2.593782773452597 -2.590161786654821 -2.585814024816025
-2.584121812068096 -2.588498451947533 -2.592143304228566 -2.595086609689969 -2.597351883356385 -2.598957430059881 -2.599915686636903 -2.600234275135428 -2.599915686636903 -2.598957430059881 -2.597351883356385 -2.595086609689969 -2.592143304228566 -2.588498451947533 -2.584121812068096
-2.581733665301342 -2.586151131366987 -2.589830004820436 -2.592800374966707 -2.595086609689969 -2.596706754340013 -2.597673831074419 -2.597995362727031 -2.597673831074419 -2.596706754340013 -2.595086609689969 -2.592800374966707 -2.589830004820436 -2.586151131366987 -2.581733665301342
-2.578629999154737 -2.583101066321899 -2.586824015277337 -2.589830004820436 -2.592143304228566 -2.593782773452597 -2.594761297616698 -2.595086609689969 -2.594761297616698 -2.593782773452597 -2.592143304228566 -2.589830004820436 -2.586824015277337 -2.583101066321899 -2.578629999154737
-2.57478546889294 -2.579322945478674 -2.583101066321899 -2.586151131366987 -2.588498451947533 -2.590161786654821 -2.591154497639819 -2.591484529941058 -2.591154497639819 -2.590161786654821 -2.588498451947533 -2.586151131366987 -2.583101066321899 -2.579322945478674 -2.57478546889294
-2.570167475890394 -2.57478546889294 -2.578629999154737 -2.581733665301342 -2.584121812068096 -2.585814024816025 -2.586824015277337 -2.587159791580316 -2.586824015277337 -2.585814024816025 -2.584121812068096 -2.581733665301342 -2.578629999154737 -2.57478546889294 -2.570167475890394
-2.579637932910488 -2.583645708234362 -2.586994376343981 -2.589705775123393 -2.591797092420287 -2.593281661102334 -2.59416876419442 -2.594463857441981 -2.59416876419442 -2.593281661102334 -2.591797092420287 -2.589705775123393 -2.586994376343981 -2.583645708234362 -2.579637932910488
-2.583645708234362 -2.587599116252641 -2.590902677673739 -2.593577665745536 -2.595641187859877 -2.597106020541212 -2.597981310476118 -2.598272480272958 -2.597981310476118 -2.597106020541212 -2.595641187859877 -2.593577665745536 -2.590902677673739 -2.587599116252641 -2.583645708234362
-2.586994376343981 -2.590902677673739 -2.59416876419442 -2.596813658420402 -2.59885394196171 -2.600302465676405 -2.601168032159733 -2.601455961985911 -2.601168032159733 -2.600302465676405 -2.59885394196171 -2.596813658420402 -2.59416876419442 -2.590902677673739 -2.586994376343981
-2.589705775123393 -2.593577665745536 -2.596813658420402 -2.599434234952712 -2.601455961985911 -2.602891217764499 -2.603748939926561 -2.604034275214269 -2.603748939926561 -2.602891217764499 -2.601455961985911 -2.599434234952712 -2.596813658420402 -2.593577665745536 -2.589705775123393
-2.591797092420287 -2.595641187859877 -2.59885394196171 -2.601455961985911 -2.603463316856018 -2.604888535489523 -2.605740172662424 -2.606023483207836 -2.605740172662424 -2.604888535489523 -2.603463316856018 -2.601455961985911 -2.59885394196171 -2.595641187859877 -2.591797092420287
-2.593281661102334 -2.597106020541212 -2.600302465676405 -2.602891217764499 -2.604888535489523 -2.606306523714035 -2.607153973681116 -2.607435870676981 -2.607153973681116 -2.606306523714035 -2.604888535489523 -2.602891217764499 -2.600302465676405 -2.597106020541212 -2.593281661102334
-2.59416876419442 -2.597981310476118 -2.601168032159733 -2.603748939926561 -2.605740172662424 -2.607153973681116 -2.60799879203281 -2.608279873472043 -2.60799879203281 -2.607153973681116 -2.605740172662424 -2.603748939926561 -2.601168032159733 -2.597981310476118 -2.59416876419442
-2.594463857441981 -2.598272480272958 -2.601455961985911 -2.604034275214269 -2.606023483207836 -2.607435870676981 -2.608279873472043 -2.608560647636424 -2.608279873472043 -2.607435870676981 -2.606023483207836 -2.604034275214269 -2.601455961985911 -2.598272480272958 -2.594463857441981
-2.59416876419442 -2.597981310476118 -2.601168032159733 -2.603748939926561 -2.605740172662424 -2.607153973681116 -2.60799879203281 -2.608279873472043 -2.60799879203281 -2.607153973681116 -2.605740172662424 -2.603748939926561 -2.601168032159733 -2.597981310476118 -2.59416876419442
-2.593281661102334 -2.597106020541212 -2.600302465676405 -2.602891217764499 -2.604888535489523 -2.606306523714035 -2.607153973681116 -2.607435870676981 -2.607153973681116 -2.606306523714035 -2.604888535489523 -2.602891217764499 -2.600302465676405 -2.597106020541212 -2.593281661102334
-2.591797092420287 -2.595641187859877 -2.59885394196171 -2.601455961985911 -2.603463316856018 -2.604888535489523 -2.605740172662424 -2.606023483207836 -2.605740172662424 -2.604888535489523 -2.603463316856018 -2.601455961985911 -2.59885394196171 -2.595641187859877 -2.591797092420287
-2.589705775123393 -2.593577665745536 -2.596813658420402 -2.599434234952712 -2.601455961985911 -2.602891217764499 -2.603748939926561 -2.604034275214269 -2.603748939926561 -2.602891217764499 -2.601455961985911 -2.599434234952712 -2.596813658420402 -2.593577665745536 -2.589705775123393
-2.586994376343981 -2.590902677673739 -2.59416876419442 -2.596813658420402 -2.59885394196171 -2.600302465676405 -2.601168032159733 -2.601455961985911 -2.601168032159733 -2.600302465676405 -2.59885394196171 -2.596813658420402 -2.59416876419442 -2.590902677673739 -2.586994376343981
-2.583645708234362 -2.587599116252641 -2.590902677673739 -2.593577665745536 -2.595641187859877 -2.597106020541212 -2.597981310476118 -2.598272480272958 -2.597981310476118 -2.597106020541212 -2.595641187859877 -2.593577665745536 -2.590902677673739 -2.587599116252641 -2.583645708234362
-2.579637932910488 -2.583645708234362 -2.586994376343981 -2.589705775123393 -2.591797092420287 -2.593281661102334 -2.59416876419442 -2.594463857441981 -2.59416876419442 -2.593281661102334 -2.591797092420287 -2.589705775123393 -2.586994376343981 -2.583645708234362 -2.579637932910488
-2.590781177434461 -2.594237035277637 -2.597135409875919 -2.599489387188197 -2.601309497348105 -2.602603925283372 -2.603378331941092 -2.603636090360869 -2.603378331941092 -2.602603925283372 -2.601309497348105 -2.599489387188197 -2.597135409875919 -2.594237035277637 -2.590781177434461
-2.594237035277637 -2.597659870976431 -2.600530591669202 -2.602862249291351 -2.604665237953029 -2.605947444713645 -2.606714539642812 -2.606969872248713 -2.606714539642812 -2.605947444713645 -2.604665237953029 -2.602862249291351 -2.600530591669202 -2.597659870976431 -2.594237035277637
-2.597135409875919 -2.600530591669202 -2.603378331941092 -2.605691376943519 -2.607479995560315 -2.608752094701477 -2.609513137262857 -2.609766448847894 -2.609513137262857 -2.608752094701477 -2.607479995560315 -2.605691376943519 -2.603378331941092 -2.600530591669202 -2.597135409875919
-2.599489387188197 -2.602862249291351 -2.605691376943519 -2.60798938802853 -2.609766448847894 -2.611030277592121 -2.611786437988125 -2.612038130750389 -2.611786437988125 -2.611030277592121 -2.609766448847894 -2.60798938802853 -2.605691376943519 -2.602862249291351 -2.599489387188197
-2.601309497348105 -2.604665237953029 -2.607479995560315 -2.609766448847894 -2.611534563878391 -2.61279211133759 -2.613544449692796 -2.613794875813326 -2.613544449692796 -2.61279211133759 -2.611534563878391 -2.609766448847894 -2.607479995560315 -2.604665237953029 -2.601309497348105
-2.602603925283372 -2.605947444713645 -2.608752094701477 -2.611030277592121 -2.61279211133759 -2.614045133874026 -2.614794846729057 -2.615044380134967 -2.614794846729057 -2.614045133874026 -2.61279211133759 -2.611030277592121 -2.608752094701477 -2.605947444713645 -2.602603925283372
-2.603378331941092 -2.606714539642812 -2.609513137262857 -2.611786437988125 -2.613544449692796 -2.614794846729057 -2.615542902369972 -2.615791926305511 -2.615542902369972 -2.614794846729057 -2.613544449692796 -2.611786437988125 -2.609513137262857 -2.606714539642812 -2.603378331941092
-2.603636090360869 -2.606969872248713 -2.609766448847894 -2.612038130750389 -2.613794875813326 -2.615044380134967 -2.615791926305511 -2.616040754189212 -2.615791926305511 -2.615044380134967 -2.613794875813326 -2.612038130750389 -2.609766448847894 -2.606969872248713 -2.603636090360869
-2.603378331941092 -2.606714539642812 -2.609513137262857 -2.611786437988125 -2.613544449692796 -2.614794846729057 -2.615542902369972 -2.615791926305511 -2.615542902369972 -2.614794846729057 -2.613544449692796 -2.611786437988125 -2.609513137262857 -2.606714539642812 -2.603378331941092
-2.602603925283372 -2.605947444713645 -2.608752094701477 -2.611030277592121 -2.61279211133759 -2.614045133874026 -2.614794846729057 -2.615044380134967 -2.614794846729057 -2.614045133874026 -2.61279211133759 -2.611030277592121 -2.608752094701477 -2.605947444713645 -2.602603925283372
-2.601309497348105 -2.604665237953029 -2.607479995560315 -2.609766448847894 -2.611534563878391 -2.61279211133759 -2.613544449692796 -2.613794875813326 -2.613544449692796 -2.61279211133759 -2.611534563878391 -2.609766448847894 -2.607479995560315 -2.604665237953029 -2.601309497348105
-2.599489387188197 -2.602862249291351 -2.605691376943519 -2.60798938802853 -2.609766448847894 -2.611030277592121 -2.611786437988125 -2.612038130750389 -2.611786437988125 -2.611030277592121 -2.609766448847894 -2.60798938802853 -2.605691376943519 -2.602862249291351 -2.599489387188197
-2.597135409875919 -2.600530591669202 -2.603378331941092 -2.605691376943519 -2.607479995560315 -2.608752094701477 -2.609513137262857 -2.609766448847894 -2.609513137262857 -2.608752094701477 -2.607479995560315 -2.605691376943519 -2.603378331941092 -2.600530591669202 -2.597135409875919
-2.594237035277637 -2.597659870976431 -2.600530591669202 -2.602862249291351 -2.604665237953029 -2.605947444713645 -2.606714539642812 -2.606969872248713 -2.606714539642812 -2.605947444713645 -2.604665237953029 -2.602862249291351 -2.600530591669202 -2.597659870976431 -2.594237035277637
-2.590781177434461 -2.594237035277637 -2.597135409875919 -2.599489387188197 -2.601309497348105 -2.602603925283372 -2.603378331941092 -2.603636090360869 -2.603378331941092 -2.602603925283372 -2.601309497348105 -2.599489387188197 -2.597135409875919 -2.594237035277637 -2.590781177434461
-2.603617640712195 -2.606575784897585 -2.609066330849734 -2.611095438587467 -2.612668313277549 -2.613788999591996 -2.614460273723572 -2.614683840695832 -2.614460273723572 -2.613788999591996 -2.612668313277549 -2.611095438587467 -2.609066330849734 -2.606575784897585 -2.603617640712195
-2.606575784897585 -2.60951791470137 -2.611994787498446 -2.614012853163872 -2.615577154449342 -2.616691662892652 -2.617359246912569 -2.617581591642664 -2.617359246912569 -2.616691662892652 -2.615577154449342 -2.614012853163872 -2.611994787498446 -2.60951791470137 -2.606575784897585
-2.609066330849734 -2.611994787498446 -2.614460273723572 -2.616468949339292 -2.61802600587612 -2.619135383466679 -2.619799868766882 -2.620021174525005 -2.619799868766882 -2.619135383466679 -2.61802600587612 -2.616468949339292 -2.614460273723572 -2.611994787498446 -2.609066330849734
-2.611095438587467 -2.614012853163872 -2.616468949339292 -2.618470042123669 -2.620021174525005 -2.621126312346344 -2.621788296359772 -2.622008768561422 -2.621788296359772 -2.621126312346344 -2.620021174525005 -2.618470042123669 -2.616468949339292 -2.614012853163872 -2.611095438587467
-2.612668313277549 -2.615577154449342 -2.61802600587612 -2.620021174525005 -2.621567729186968 -2.622669612403619 -2.623329606052499 -2.623549423409284 -2.623329606052499 -2.622669612403619 -2.621567729186968 -2.620021174525005 -2.61802600587612 -2.615577154449342 -2.612668313277549
-2.613788999591996 -2.616691662892652 -2.619135383466679 -2.621126312346344 -2.622669612403619 -2.62376915394054 -2.624427780889473 -2.624647127362185 -2.624427780889473 -2.62376915394054 -2.622669612403619 -2.621126312346344 -2.619135383466679 -2.616691662892652 -2.613788999591996
-2.614460273723572 -2.617359246912569 -2.619799868766882 -2.621788296359772 -2.623329606052499 -2.624427780889473 -2.62508553966879 -2.625304622734529 -2.62508553966879 -2.624427780889473 -2.623329606052499 -2.621788296359772 -2.619799868766882 -2.617359246912569 -2.614460273723572
-2.614683840695832 -2.617581591642664 -2.620021174525005 -2.622008768561422 -2.623549423409284 -2.624647127362185 -2.625304622734529 -2.625523600589484 -2.625304622734529 -2.624647127362185 -2.623549423409284 -2.622008768561422 -2.620021174525005 -2.617581591642664 -2.614683840695832
-2.614460273723572 -2.617359246912569 -2.619799868766882 -2.621788296359772 -2.623329606052499 -2.624427780889473 -2.62508553966879 -2.625304622734529 -2.62508553966879 -2.624427780889473 -2.623329606052499 -2.621788296359772 -2.619799868766882 -2.617359246912569 -2.614460273723572
-2.613788999591996 -2.616691662892652 -2.619135383466679 -2.621126312346344 -2.622669612403619 -2.62376915394054 -2.624427780889473 -2.624647127362185 -2.624427780889473 -2.62376915394054 -2.622669612403619 -2.621126312346344 -2.619135383466679 -2.616691662892652 -2.613788999591996
-2.612668313277549 -2.615577154449342 -2.61802600587612 -2.620021174525005 -2.621567729186968 -2.622669612403619 -2.623329606052499 -2.623549423409284 -2.623329606052499 -2.622669612403619 -2.621567729186968 -2.620021174525005 -2.61802600587612 -2.615577154449342 -2.612668313277549
-2.611095438587467 -2.614012853163872 -2.616468949339292 -2.618470042123669 -2.620021174525005 -2.621126312346344 -2.621788296359772 -2.622008768561422 -2.621788296359772 -2.621126312346344 -2.620021174525005 -2.618470042123669 -2.616468949339292 -2.614012853163872 -2.611095438587467
-2.609066330849734 -2.611994787498446 -2.614460273723572 -2.616468949339292 -2.61802600587612 -2.619135383466679 -2.619799868766882 -2.620021174525005 -2.619799868766882 -2.619135383466679 -2.61802600587612 -2.616468949339292 -2.614460273723572 -2.611994787498446 -2.609066330849734
-2.606575784897585 -2.60951791470137 -2.611994787498446 -2.614012853163872 -2.615577154449342 -2.616691662892652 -2.617359246912569 -2.617581591642664 -2.617359246912569 -2.616691662892652 -2.615577154449342 -2.614012853163872 -2.611994787498446 -2.60951791470137 -2.606575784897585
-2.603617640712195 -2.606575784897585 -2.609066330849734 -2.611095438587467 -2.612668313277549 -2.613788999591996 -2.614460273723572 -2.614683840695832 -2.614460273723572 -2.613788999591996 -2.612668313277549 -2.611095438587467 -2.609066330849734 -2.606575784897585 -2.603617640712195
-2.618166426406797 -2.620677253514223 -2.622799553246875 -2.624534202468486 -2.625882272789128 -2.626844587909341 -2.627421705835095 -2.62761403276085 -2.627421705835095 -2.626844587909341 -2.625882272789128 -2.624534202468486 -2.622799553246875 -2.620677253514223 -2.618166426406797
-2.620677253514223 -2.623185170495469 -2.62530464431737 -2.627036983454627 -2.628383113575002 -2.629343962054222 -2.629920211026153 -2.630112252118099 -2.629920211026153 -2.629343962054222 -2.628383113575002 -2.627036983454627 -2.62530464431737 -2.623185170495469 -2.620677253514223
-2.622799553246875 -2.62530464431737 -2.627421705835095 -2.629151836264305 -2.630496263906186 -2.631455852964134 -2.632031307732919 -2.632223077266593 -2.632031307732919 -2.631455852964134 -2.630496263906186 -2.629151836264305 -2.627421705835095 -2.62530464431737 -2.622799553246875
-2.624534202468486 -2.627036983454627 -2.629151836264305 -2.630880174858595 -2.632223077266593 -2.633181576136462 -2.633756384657776 -2.633947933523334 -2.633756384657776 -2.633181576136462 -2.632223077266593 -2.630880174858595 -2.629151836264305 -2.627036983454627 -2.624534202468486
-2.625882272789128 -2.628383113575002 -2.630496263906186 -2.632223077266593 -2.633564808807819 -2.634522419797185 -2.635096675832608 -2.635288048413488 -2.635096675832608 -2.634522419797185 -2.633564808807819 -2.632223077266593 -2.630496263906186 -2.628383113575002 -2.625882272789128
-2.626844587909341 -2.629343962054222 -2.631455852964134 -2.633181576136462 -2.634522419797185 -2.635479396976533 -2.636053270861186 -2.636244504286235 -2.636053270861186 -2.635479396976533 -2.634522419797185 -2.633181576136462 -2.631455852964134 -2.629343962054222 -2.626844587909341
-2.627421705835095 -2.629920211026153 -2.632031307732919 -2.633756384657776 -2.635096675832608 -2.636053270861186 -2.636626896297585 -2.636818058153201 -2.636626896297585 -2.636053270861186 -2.635096675832608 -2.633756384657776 -2.632031307732919 -2.629920211026153 -2.627421705835095
-2.62761403276085 -2.630112252118099 -2.632223077266593 -2.633947933523334 -2.635288048413488 -2.636244504286235 -2.636818058153201 -2.637009186837325 -2.636818058153201 -2.636244504286235 -2.635288048413488 -2.633947933523334 -2.632223077266593 -2.630112252118099 -2.62761403276085
-2.627421705835095 -2.629920211026153 -2.632031307732919 -2.633756384657776 -2.635096675832608 -2.636053270861186 -2.636626896297585 -2.636818058153201 -2.636626896297585 -2.636053270861186 -2.635096675832608 -2.633756384657776 -2.632031307732919 -2.629920211026153 -2.627421705835095
-2.626844587909341 -2.629343962054222 -2.631455852964134 -2.633181576136462 -2.634522419797185 -2.635479396976533 -2.636053270861186 -2.636244504286235 -2.636053270861186 -2.635479396976533 -2.634522419797185 -2.633181576136462 -2.631455852964134 -2.629343962054222 -2.626844587909341
-2.625882272789128 -2.628383113575002 -2.630496263906186 -2.632223077266593 -2.633564808807819 -2.634522419797185 -2.635096675832608 -2.635288048413488 -2.635096675832608 -2.634522419797185 -2.633564808807819 -2.632223077266593 -2.630496263906186 -2.628383113575002 -2.625882272789128
-2.624534202468486 -2.627036983454627 -2.629151836264305 -2.630880174858595 -2.632223077266593 -2.633181576136462 -2.633756384657776 -2.633947933523334 -2.633756384657776 -2.633181576136462 -2.632223077266593 -2.630880174858595 -2.629151836264305 -2.627036983454627 -2.624534202468486
-2.622799553246875 -2.62530464431737 -2.627421705835095 -2.629151836264305 -2.630496263906186 -2.631455852964134 -2.632031307732919 -2.632223077266593 -2.632031307732919 -2.631455852964134 -2.630496263906186 -2.629151836264305 -2.627421705835095 -2.62530464431737 -2.622799553246875
-2.620677253514223 -2.623185170495469 -2.62530464431737 -2.627036983454627 -2.628383113575002 -2.629343962054222 -2.629920211026153 -2.630112252118099 -2.629920211026153 -2.629343962054222 -2.628383113575002 -2.627036983454627 -2.62530464431737 -2.623185170495469 -2.620677253514223
-2.618166426406797 -2.620677253514223 -2.622799553246875 -2.624534202468486 -2.625882272789128 -2.626844587909341 -2.627421705835095 -2.62761403276085 -2.627421705835095 -2.626844587909341 -2.625882272789128 -2.624534202468486 -2.622799553246875 -2.620677253514223 -2.618166426406797
-2.634445403104765 -2.636555771338714 -2.638346728394819 -2.639815332113726 -2.64095959122022 -2.641777946147412 -2.642269333465898 -2.642433191796047 -2.642269333465898 -2.641777946147412 -2.64095959122022 -2.639815332113726 -2.638346728394819 -2.636555771338714 -2.634445403104765
-2.636555771338714 -2.638672831526542 -2.640468980988432 -2.641941710703636 -2.643088939268482 -2.643909332279349 -2.644401945348427 -2.644566211757262 -2.644401945348427 -2.643909332279349 -2.643088939268482 -2.641941710703636 -2.640468980988432 -2.638672831526542 -2.636555771338714
-2.638346728394819 -2.640468980988432 -2.642269333465898 -2.643745190683747 -2.644894825828485 -2.645716834297389 -2.646210370818355 -2.646374939155918 -2.646210370818355 -2.645716834297389 -2.644894825828485 -2.643745190683747 -2.642269333465898 -2.640468980988432 -2.638346728394819
-2.639815332113726 -2.641941710703636 -2.643745190683747 -2.645223547364763 -2.646374939155918 -2.647198205934909 -2.647692476756503 -2.647857281487887 -2.647692476756503 -2.647198205934909 -2.646374939155918 -2.645223547364763 -2.643745190683747 -2.641941710703636 -2.639815332113726
-2.64095959122022 -2.643088939268482 -2.644894825828485 -2.646374939155918 -2.647527696197183 -2.648351845060607 -2.648846641889641 -2.649011627802628 -2.648846641889641 -2.648351845060607 -2.647527696197183 -2.646374939155918 -2.644894825828485 -2.643088939268482 -2.64095959122022
-2.641777946147412 -2.643909332279349 -2.645716834297389 -2.647198205934909 -2.648351845060607 -2.649176636287391 -2.649671787455007 -2.649836884014899 -2.649671787455007 -2.649176636287391 -2.648351845060607 -2.647198205934909 -2.645716834297389 -2.643909332279349 -2.641777946147412
-2.642269333465898 -2.644401945348427 -2.646210370818355 -2.647692476756503 -2.648846641889641 -2.649671787455007 -2.650167155532036 -2.650332323460587 -2.650167155532036 -2.649671787455007 -2.648846641889641 -2.647692476756503 -2.646210370818355 -2.644401945348427 -2.642269333465898
-2.642433191796047 -2.644566211757262 -2.646374939155918 -2.647857281487887 -2.649011627802628 -2.649836884014899 -2.650332323460587 -2.650497512932687 -2.650332323460587 -2.649836884014899 -2.649011627802628 -2.647857281487887 -2.646374939155918 -2.644566211757262 -2.642433191796047
-2.642269333465898 -2.644401945348427 -2.646210370818355 -2.647692476756503 -2.648846641889641 -2.649671787455007 -2.650167155532036 -2.650332323460587 -2.650167155532036 -2.649671787455007 -2.648846641889641 -2.647692476756503 -2.646210370818355 -2.644401945348427 -2.642269333465898
-2.641777946147412 -2.643909332279349 -2.645716834297389 -2.647198205934909 -2.648351845060607 -2.649176636287391 -2.649671787455007 -2.649836884014899 -2.649671787455007 -2.649176636287391 -2.648351845060607 -2.647198205934909 -2.645716834297389 -2.643909332279349 -2.641777946147412
-2.64095959122022 -2.643088939268482 -2.644894825828485 -2.646374939155918 -2.647527696197183 -2.648351845060607 -2.648846641889641 -2.649011627802628 -2.648846641889641 -2.648351845060607 -2.647527696197183 -2.646374939155918 -2.644894825828485 -2.643088939268482 -2.64095959122022
-2.639815332113726 -2.641941710703636 -2.643745190683747 -2.645223547364763 -2.646374939155918 -2.647198205934909 -2.647692476756503 -2.647857281487887 -2.647692476756503 -2.647198205934909 -2.646374939155918 -2.645223547364763 -2.643745190683747 -2.641941710703636 -2.639815332113726
-2.638346728394819 -2.640468980988432 -2.642269333465898 -2.643745190683747 -2.644894825828485 -2.645716834297389 -2.646210370818355 -2.646374939155918 -2.646210370818355 -2.645716834297389 -2.644894825828485 -2.643745190683747 -2.642269333465898 -2.640468980988432 -2.638346728394819
-2.636555771338714 -2.638672831526542 -2.640468980988432 -2.641941710703636 -2.643088939268482 -2.643909332279349 -2.644401945348427 -2.644566211757262 -2.644401945348427 -2.643909332279349 -2.643088939268482 -2.641941710703636 -2.640468980988432 -2.638672831526542 -2.636555771338714
-2.634445403104765 -2.636555771338714 -2.638346728394819 -2.639815332113726 -2.64095959122022 -2.641777946147412 -2.642269333465898 -2.642433191796047 -2.642269333465898 -2.641777946147412 -2.64095959122022 -2.639815332113726 -2.638346728394819 -2.636555771338714 -2.634445403104765
-2.652471290086755 -2.654224769342663 -2.655718795584264 -2.656947901908632 -2.657908000684715 -2.658595910561108 -2.659009476620271 -2.659147469103286 -2.659009476620271 -2.658595910561108 -2.657908000684715 -2.656947901908632 -2.655718795584264 -2.654224769342663 -2.652471290086755
-2.654224769342663 -2.655991409467933 -2.657496093016393 -2.658733697404328 -2.659700125278476 -2.660392485258521 -2.660808714330317 -2.660947589277628 -2.660808714330317 -2.660392485258521 -2.659700125278476 -2.658733697404328 -2.657496093016393 -2.655991409467933 -2.654224769342663
-2.655718795584264 -2.657496093016393 -2.659009476620271 -2.660253877075782 -2.661225527055615 -2.66192147995591 -2.66233981998047 -2.662479395307171 -2.66233981998047 -2.66192147995591 -2.661225527055615 -2.660253877075782 -2.659009476620271 -2.657496093016393 -2.655718795584264
-2.656947901908632 -2.658733697404328 -2.660253877075782 -2.661503717202686 -2.662479395307171 -2.663178228943774 -2.663598256174938 -2.663738384277894 -2.663598256174938 -2.663178228943774 -2.662479395307171 -2.661503717202686 -2.660253877075782 -2.658733697404328 -2.656947901908632
-2.657908000684715 -2.659700125278476 -2.661225527055615 -2.662479395307171 -2.663458188026167 -2.664159134037652 -2.664580438661805 -2.664720995633946 -2.664580438661805 -2.664159134037652 -2.663458188026167 -2.662479395307171 -2.661225527055615 -2.659700125278476 -2.657908000684715
-2.658595910561108 -2.660392485258521 -2.66192147995591 -2.663178228943774 -2.664159134037652 -2.66486160754885 -2.665283778858938 -2.665424621828701 -2.665283778858938 -2.66486160754885 -2.664159134037652 -2.663178228943774 -2.66192147995591 -2.660392485258521 -2.658595910561108
-2.659009476620271 -2.660808714330317 -2.66233981998047 -2.663598256174938 -2.664580438661805 -2.665283778858938 -2.665706492024448 -2.665847505292122 -2.665706492024448 -2.665283778858938 -2.664580438661805 -2.663598256174938 -2.66233981998047 -2.660808714330317 -2.659009476620271
-2.659147469103286 -2.660947589277628 -2.662479395307171 -2.663738384277894 -2.664720995633946 -2.665424621828701 -2.665847505292122 -2.66598857887562 -2.665847505292122 -2.665424621828701 -2.664720995633946 -2.663738384277894 -2.662479395307171 -2.660947589277628 -2.659147469103286
-2.659009476620271 -2.660808714330317 -2.66233981998047 -2.663598256174938 -2.664580438661805 -2.665283778858938 -2.665706492024448 -2.665847505292122 -2.665706492024448 -2.665283778858938 -2.664580438661805 -2.663598256174938 -2.66233981998047 -2.660808714330317 -2.659009476620271
-2.658595910561108 -2.660392485258521 -2.66192147995591 -2.663178228943774 -2.664159134037652 -2.66486160754885 -2.665283778858938 -2.665424621828701 -2.665283778858938 -2.66486160754885 -2.664159134037652 -2.663178228943774 -2.66192147995591 -2.660392485258521 -2.658595910561108
-2.657908000684715 -2.659700125278476 -2.661225527055615 -2.662479395307171 -2.663458188026167 -2.664159134037652 -2.664580438661805 -2.664720995633946 -2.664580438661805 -2.664159134037652 -2.663458188026167 -2.662479395307171 -2.661225527055615 -2.659700125278476 -2.657908000684715
-2.656947901908632 -2.658733697404328 -2.660253877075782 -2.661503717202686 -2.662479395307171 -2.663178228943774 -2.663598256174938 -2.663738384277894 -2.663598256174938 -2.663178228943774 -2.662479395307171 -2.661503717202686 -2.660253877075782 -2.658733697404328 -2.656947901908632
-2.655718795584264 -2.657496093016393 -2.659009476620271 -2.660253877075782 -2.661225527055615 -2.66192147995591 -2.66233981998047 -2.662479395307171 -2.66233981998047 -2.66192147995591 -2.661225527055615 -2.660253877075782 -2.659009476620271 -2.657496093016393 -2.655718795584264
-2.654224769342663 -2.655991409467933 -2.657496093016393 -2.658733697404328 -2.659700125278476 -2.660392485258521 -2.660808714330317 -2.660947589277628 -2.660808714330317 -2.660392485258521 -2.659700125278476 -2.658733697404328 -2.657496093016393 -2.655991409467933 -2.654224769342663
-2.652471290086755 -2.654224769342663 -2.655718795584264 -2.656947901908632 -2.657908000684715 -2.658595910561108 -2.659009476620271 -2.659147469103286 -2.659009476620271 -2.658595910561108 -2.657908000684715 -2.656947901908632 -2.655718795584264 -2.654224769342663 -2.652471290086755
-2.672259736874574 -2.673696841354826 -2.674926029128642 -2.675940445429519 -2.676734781404794 -2.677304924140346 -2.677648094277532 -2.677762665479445 -2.677648094277532 -2.677304924140346 -2.676734781404794 -2.675940445429519 -2.674926029128642 -2.673696841354826 -2.672259736874574
-2.673696841354826 -2.675150779501295 -2.676393786888879 -2.677419223644322 -2.678221855767627 -2.678797871548701 -2.679144548575616 -2.679260279840047 -2.679144548575616 -2.678797871548701 -2.678221855767627 -2.677419223644322 -2.676393786888879 -2.675150779501295 -2.673696841354826
-2.674926029128642 -2.676393786888879 -2.677648094277532 -2.678682489340581 -2.679491995374519 -2.680072774359856 -2.680422271554538 -2.680538942470248 -2.680422271554538 -2.680072774359856 -2.679491995374519 -2.678682489340581 -2.677648094277532 -2.676393786888879 -2.674926029128642
-2.675940445429519 -2.677419223644322 -2.678682489340581 -2.679724050442042 -2.680538942470248 -2.681123568621313 -2.681475321130639 -2.681592734375305 -2.681475321130639 -2.681123568621313 -2.680538942470248 -2.679724050442042 -2.678682489340581 -2.677419223644322 -2.675940445429519
-2.676734781404794 -2.678221855767627 -2.679491995374519 -2.680538942470248 -2.681357989607344 -2.681945470505854 -2.682298954814356 -2.682416945497812 -2.682298954814356 -2.681945470505854 -2.681357989607344 -2.680538942470248 -2.679491995374519 -2.678221855767627 -2.676734781404794
-2.677304924140346 -2.678797871548701 -2.680072774359856 -2.681123568621313 -2.681945470505854 -2.682535010809798 -2.682889671829793 -2.683008056115335 -2.682889671829793 -2.682535010809798 -2.681945470505854 -2.681123568621313 -2.680072774359856 -2.678797871548701 -2.677304924140346
-2.677648094277532 -2.679144548575616 -2.680422271554538 -2.681475321130639 -2.682298954814356 -2.682889671829793 -2.683245072246293 -2.683363686237701 -2.683245072246293 -2.682889671829793 -2.682298954814356 -2.681475321130639 -2.680422271554538 -2.679144548575616 -2.677648094277532
-2.677762665479445 -2.679260279840047 -2.680538942470248 -2.681592734375305 -2.682416945497812 -2.683008056115335 -2.683363686237701 -2.6834823846661 -2.683363686237701 -2.683008056115335 -2.682416945497812 -2.681592734375305 -2.680538942470248 -2.679260279840047 -2.677762665479445
-2.677648094277532 -2.679144548575616 -2.680422271554538 -2.681475321130639 -2.682298954814356 -2.682889671829793 -2.683245072246293 -2.683363686237701 -2.683245072246293 -2.682889671829793 -2.682298954814356 -2.681475321130639 -2.680422271554538 -2.679144548575616 -2.677648094277532
-2.677304924140346 -2.678797871548701 -2.680072774359856 -2.681123568621313 -2.681945470505854 -2.682535010809798 -2.682889671829793 -2.683008056115335 -2.682889671829793 -2.682535010809798 -2.681945470505854 -2.681123568621313 -2.680072774359856 -2.678797871548701 -2.677304924140346
-2.676734781404794 -2.678221855767627 -2.679491995374519 -2.680538942470248 -2.681357989607344 -2.681945470505854 -2.682298954814356 -2.682416945497812 -2.682298954814356 -2.681945470505854 -2.681357989607344 -2.680538942470248 -2.679491995374519 -2.678221855767627 -2.676734781404794
-2.675940445429519 -2.677419223644322 -2.678682489340581 -2.679724050442042 -2.680538942470248 -2.681123568621313 -2.681475321130639 -2.681592734375305 -2.681475321130639 -2.681123568621313 -2.680538942470248 -2.679724050442042 -2.678682489340581 -2.677419223644322 -2.675940445429519
-2.674926029128642 -2.676393786888879 -2.677648094277532 -2.678682489340581 -2.679491995374519 -2.680072774359856 -2.680422271554538 -2.680538942470248 -2.680422271554538 -2.680072774359856 -2.679491995374519 -2.678682489340581 -2.677648094277532 -2.676393786888879 -2.674926029128642
-2.673696841354826 -2.675150779501295 -2.676393786888879 -2.677419223644322 -2.678221855767627 -2.678797871548701 -2.679144548575616 -2.679260279840047 -2.679144548575616 -2.678797871548701 -2.678221855767627 -2.677419223644322 -2.676393786888879 -2.675150779501295 -2.673696841354826
-2.672259736874574 -2.673696841354826 -2.674926029128642 -2.675940445429519 -2.676734781404794 -2.677304924140346 -2.677648094277532 -2.677762665479445 -2.677648094277532 -2.677304924140346 -2.676734781404794 -2.675940445429519 -2.674926029128642 -2.673696841354826 -2.672259736874574
-2.693825397028744 -2.694983801578319 -2.695978082130633 -2.696800990867722 -2.697446791015927 -2.697911061222161 -2.698190806925212 -2.69828425307147 -2.698190806925212 -2.697911061222161 -2.697446791015927 -2.696800990867722 -2.695978082130633 -2.694983801578319 -2.693825397028744
