15 -0.0015 -0.001285714285714286 -0.001071428571428571 -0.0008571428571428572 -0.0006428571428571429 -0.0004285714285714286 -0.0002142857142857143 0 0.0002142857142857143 0.0004285714285714286 0.0006428571428571429 0.0008571428571428572 0.001071428571428571 0.001285714285714286 0.0015
15 -0.0015 -0.001285714285714286 -0.001071428571428571 -0.0008571428571428572 -0.0006428571428571429 -0.0004285714285714286 -0.0002142857142857143 0 0.0002142857142857143 0.0004285714285714286 0.0006428571428571429 0.0008571428571428572 0.001071428571428571 0.001285714285714286 0.0015
128 0.307 0.3081023622047244 0.3092047244094488 0.3103070866141732 0.3114094488188976 0.312511811023622 0.3136141732283464 0.3147165354330709 0.3158188976377952 0.3169212598425197 0.3180236220472441 0.3191259842519685 0.3202283464566929 0.3213307086614173 0.3224330708661417 0.3235354330708661 0.3246377952755906 0.3257401574803149 0.3268425196850394 0.3279448818897638 0.3290472440944882 0.3301496062992126 0.331251968503937 0.3323543307086614 0.3334566929133858 0.3345590551181102 0.3356614173228347 0.336763779527559 0.3378661417322835 0.3389685039370079 0.3400708661417323 0.3411732283464567 0.3422755905511811 0.3433779527559055 0.3444803149606299 0.3455826771653543 0.3466850393700787 0.3477874015748031 0.3488897637795276 0.3499921259842519 0.3510944881889764 0.3521968503937008 0.3532992125984252 0.3544015748031496 0.355503937007874 0.3566062992125984 0.3577086614173228 0.3588110236220473 0.3599133858267717 0.3610157480314961 0.3621181102362205 0.3632204724409449 0.3643228346456693 0.3654251968503937 0.3665275590551181 0.3676299212598425 0.3687322834645669 0.3698346456692914 0.3709370078740157 0.3720393700787402 0.3731417322834646 0.374244094488189 0.3753464566929134 0.3764488188976378 0.3775511811023622 0.3786535433070866 0.379755905511811 0.3808582677165354 0.3819606299212598 0.3830629921259843 0.3841653543307086 0.3852677165354331 0.3863700787401575 0.3874724409448819 0.3885748031496063 0.3896771653543307 0.3907795275590551 0.3918818897637795 0.392984251968504 0.3940866141732283 0.3951889763779527 0.3962913385826772 0.3973937007874015 0.398496062992126 0.3995984251968504 0.4007007874015748 0.4018031496062992 0.4029055118110236 0.404007874015748 0.4051102362204724 0.4062125984251969 0.4073149606299212 0.4084173228346457 0.4095196850393701 0.4106220472440945 0.4117244094488189 0.4128267716535433 0.4139291338582677 0.4150314960629921 0.4161338582677165 0.4172362204724409 0.4183385826771653 0.4194409448818898 0.4205433070866141 0.4216456692913386 0.422748031496063 0.4238503937007874 0.4249527559055118 0.4260551181102362 0.4271574803149606 0.428259842519685 0.4293622047244094 0.4304645669291339 0.4315669291338582 0.4326692913385827 0.433771653543307 0.4348740157480315 0.4359763779527559 0.4370787401574803 0.4381811023622048 0.4392834645669291 0.4403858267716536 0.441488188976378 0.4425905511811024 0.4436929133858268 0.4447952755905512 0.4458976377952756 0.447
-2.570167475890394 -2.57478546889294 -2.578629999154737 -2.581733665301342 -2.584121812068096 -2.585814024816025 -2.586824015277337 -2.587159791580316 -2.586824015277337 -2.585814024816025 -2.584121812068096 -2.581733665301342 -2.578629999154737 -2.57478546889294 -2.570167475890394
-2.57478546889294 -2.579322945478674 -2.583101066321899 -2.586151131366987 -2.588498451947533 -2.590161786654821 -2.591154497639819 -2.591484529941058 -2.591154497639819 -2.590161786654821 -2.588498451947533 -2.586151131366987 -2.583101066321899 -2.579322945478674 -2.57478546889294
-2.578629999154737 -2.583101066321899 -2.586824015277337 -2.589830004820436 -2.592143304228566 -2.593782773452597 -2.594761297616698 -2.595086609689969 -2.594761297616698 -2.593782773452597 -2.592143304228566 -2.589830004820436 -2.586824015277337 -2.583101066321899 -2.578629999154737
-2.581733665301342 -2.586151131366987 -2.589830004820436 -2.592800374966707 -2.595086609689969 -2.596706754340013 -2.597673831074419 -2.597995362727031 -2.597673831074419 -2.596706754340013 -2.595086609689969 -2.592800374966707 -2.589830004820436 -2.586151131366987 -2.581733665301342
-2.584121812068096 -2.588498451947533 -2.592143304228566 -2.595086609689969 -2.597351883356385 -2.598957430059881 -2.599915686636903 -2.600234275135428 -2.599915686636903 -2.598957430059881 -2.597351883356385 -2.595086609689969 -2.592143304228566 -2.588498451947533 -2.584121812068096
-2.585814024816025 -2.590161786654821 -2.593782773452597 -2.596706754340013 -2.598957430059881 -2.600552468377538 -2.601504641814581 -2.601821187187348 -2.601504641814581 -2.600552468377538 -2.598957430059881 -2.596706754340013 -2.593782773452597 -2.590161786654821 -2.585814024816025
-2.586824015277337 -2.591154497639819 -2.594761297616698 -2.597673831074419 -2.599915686636903 -2.601504641814581 -2.602453006698425 -2.602768364099877 -2.602453006698425 -2.601504641814581 -2.599915686636903 -2.597673831074419 -2.594761297616698 -2.591154497639819 -2.586824015277337
-2.587159791580316 -2.591484529941058 -2.595086609689969 -2.597995362727031 -2.600234275135428 -2.601821187187348 -2.602768364099877 -2.60308328093125 -2.602768364099877 -2.601821187187348 -2.600234275135428 -2.597995362727031 -2.595086609689969 -2.591484529941058 -2.587159791580316
-2.586824015277337 -2.591154497639819 -2.594761297616698 -2.597673831074419 -2.599915686636903 -2.601504641814581 -2.602453006698425 -2.602768364099877 -2.602453006698425 -2.601504641814581 -2.599915686636903 -2.597673831074419 -2.594761297616698 -2.591154497639819 -2.586824015277337
-2.585814024816025 -2.590161786654821 -2.593782773452597 -2.596706754340013 -2.598957430059881 -2.600552468377538 -2.601504641814581 -2.601821187187348 -2.601504641814581 -2.600552468377538 -2.598957430059881 -2.596706754340013 -2.593782773452597 -2.590161786654821 -2.585814024816025
-2.584121812068096 -2.588498451947533 -2.592143304228566 -2.595086609689969 -2.597351883356385 -2.598957430059881 -2.599915686636903 -2.600234275135428 -2.599915686636903 -2.598957430059881 -2.597351883356385 -2.595086609689969 -2.592143304228566 -2.588498451947533 -2.584121812068096
-2.581733665301342 -2.586151131366987 -2.589830004820436 -2.592800374966707 -2.595086609689969 -2.596706754340013 -2.597673831074419 -2.597995362727031 -2.597673831074419 -2.596706754340013 -2.595086609689969 -2.592800374966707 -2.589830004820436 -2.586151131366987 -2.581733665301342
-2.578629999154737 -2.583101066321899 -2.586824015277337 -2.589830004820436 -2.592143304228566 -2.593782773452597 -2.594761297616698 -2.595086609689969 -2.594761297616698 -2.593782773452597 -2.592143304228566 -2.589830004820436 -2.586824015277337 -2.583101066321899 -2.578629999154737
-2.57478546889294 -2.579322945478674 -2.583101066321899 -2.586151131366987 -2.588498451947533 -2.590161786654821 -2.591154497639819 -2.591484529941058 -2.591154497639819 -2.590161786654821 -2.588498451947533 -2.586151131366987 -2.583101066321899 -2.579322945478674 -2.57478546889294
-2.570167475890394 -2.57478546889294 -2.578629999154737 -2.581733665301342 -2.584121812068096 -2.585814024816025 -2.586824015277337 -2.587159791580316 -2.586824015277337 -2.585814024816025 -2.584121812068096 -2.581733665301342 -2.578629999154737 -2.57478546889294 -2.570167475890394
-2.590875612311499 -2.594327344608437 -2.597222346011717 -2.5995736410545 -2.601391712936444 -2.602684710169866 -2.603458268199907 -2.603715745377714 -2.603458268199907 -2.602684710169866 -2.601391712936444 -2.5995736410545 -2.597222346011717 -2.594327344608437 -2.590875612311499
-2.594327344608437 -2.597746205031559 -2.600613675707357 -2.60294275048606 -2.604743776190352 -2.606024605389064 -2.606790883535971 -2.607045945488955 -2.606790883535971 -2.606024605389064 -2.604743776190352 -2.60294275048606 -2.600613675707357 -2.597746205031559 -2.594327344608437
-2.597222346011717 -2.600613675707357 -2.603458268199907 -2.605768811499456 -2.607555529855567 -2.608826295241531 -2.609586546986272 -2.60983959654584 -2.609586546986272 -2.608826295241531 -2.607555529855567 -2.605768811499456 -2.603458268199907 -2.600613675707357 -2.597222346011717
-2.5995736410545 -2.60294275048606 -2.605768811499456 -2.608064386475494 -2.60983959654584 -2.611102126932017 -2.611857517453535 -2.612108955092682 -2.611857517453535 -2.611102126932017 -2.60983959654584 -2.608064386475494 -2.605768811499456 -2.60294275048606 -2.5995736410545
-2.601391712936444 -2.604743776190352 -2.607555529855567 -2.60983959654584 -2.611605899223219 -2.612862174909786 -2.613613759446292 -2.613863935814703 -2.613613759446292 -2.612862174909786 -2.611605899223219 -2.60983959654584 -2.607555529855567 -2.604743776190352 -2.601391712936444
-2.602684710169866 -2.606024605389064 -2.608826295241531 -2.611102126932017 -2.612862174909786 -2.61411394484079 -2.614862914932774 -2.61511220228257 -2.614862914932774 -2.61411394484079 -2.612862174909786 -2.611102126932017 -2.608826295241531 -2.606024605389064 -2.602684710169866
-2.603458268199907 -2.606790883535971 -2.609586546986272 -2.611857517453535 -2.613613759446292 -2.614862914932774 -2.615610234725893 -2.615859014769294 -2.615610234725893 -2.614862914932774 -2.613613759446292 -2.611857517453535 -2.609586546986272 -2.606790883535971 -2.603458268199907
-2.603715745377714 -2.607045945488955 -2.60983959654584 -2.612108955092682 -2.613863935814703 -2.61511220228257 -2.615859014769294 -2.616107599553602 -2.615859014769294 -2.61511220228257 -2.613863935814703 -2.612108955092682 -2.60983959654584 -2.607045945488955 -2.603715745377714
-2.603458268199907 -2.606790883535971 -2.609586546986272 -2.611857517453535 -2.613613759446292 -2.614862914932774 -2.615610234725893 -2.615859014769294 -2.615610234725893 -2.614862914932774 -2.613613759446292 -2.611857517453535 -2.609586546986272 -2.606790883535971 -2.603458268199907
-2.602684710169866 -2.606024605389064 -2.608826295241531 -2.611102126932017 -2.612862174909786 -2.61411394484079 -2.614862914932774 -2.61511220228257 -2.614862914932774 -2.61411394484079 -2.612862174909786 -2.611102126932017 -2.608826295241531 -2.606024605389064 -2.602684710169866
-2.601391712936444 -2.604743776190352 -2.607555529855567 -2.60983959654584 -2.611605899223219 -2.612862174909786 -2.613613759446292 -2.613863935814703 -2.613613759446292 -2.612862174909786 -2.611605899223219 -2.60983959654584 -2.607555529855567 -2.604743776190352 -2.601391712936444
-2.5995736410545 -2.60294275048606 -2.605768811499456 -2.608064386475494 -2.60983959654584 -2.611102126932017 -2.611857517453535 -2.612108955092682 -2.611857517453535 -2.611102126932017 -2.60983959654584 -2.608064386475494 -2.605768811499456 -2.60294275048606 -2.5995736410545
-2.597222346011717 -2.600613675707357 -2.603458268199907 -2.605768811499456 -2.607555529855567 -2.608826295241531 -2.609586546986272 -2.60983959654584 -2.609586546986272 -2.608826295241531 -2.607555529855567 -2.605768811499456 -2.603458268199907 -2.600613675707357 -2.597222346011717
-2.594327344608437 -2.597746205031559 -2.600613675707357 -2.60294275048606 -2.604743776190352 -2.606024605389064 -2.606790883535971 -2.607045945488955 -2.606790883535971 -2.606024605389064 -2.604743776190352 -2.60294275048606 -2.600613675707357 -2.597746205031559 -2.594327344608437
-2.590875612311499 -2.594327344608437 -2.597222346011717 -2.5995736410545 -2.601391712936444 -2.602684710169866 -2.603458268199907 -2.603715745377714 -2.603458268199907 -2.602684710169866 -2.601391712936444 -2.5995736410545 -2.597222346011717 -2.594327344608437 -2.590875612311499
-2.618409333913014 -2.620913500374255 -2.623030302882671 -2.624760547271979 -2.626105248913108 -2.627065187688831 -2.627640891626068 -2.627832749205623 -2.627640891626068 -2.627065187688831 -2.626105248913108 -2.624760547271979 -2.623030302882671 -2.620913500374255 -2.618409333913014
-2.620913500374255 -2.623414934054916 -2.625529058091121 -2.627257110913458 -2.62859996255153 -2.629558498916327 -2.630133372329809 -2.630324956822458 -2.630133372329809 -2.629558498916327 -2.62859996255153 -2.627257110913458 -2.625529058091121 -2.623414934054916 -2.620913500374255
-2.623030302882671 -2.625529058091121 -2.627640891626068 -2.629366833586377 -2.630708058183345 -2.631665387851561 -2.632239498503982 -2.632430821918497 -2.632239498503982 -2.631665387851561 -2.630708058183345 -2.629366833586377 -2.627640891626068 -2.625529058091121 -2.623030302882671
-2.624760547271979 -2.627257110913458 -2.629366833586377 -2.631091062508837 -2.632430821918497 -2.633387104387877 -2.633960594082644 -2.634151705193037 -2.633960594082644 -2.633387104387877 -2.632430821918497 -2.631091062508837 -2.629366833586377 -2.627257110913458 -2.624760547271979
-2.626105248913108 -2.62859996255153 -2.630708058183345 -2.632430821918497 -2.633769456919973 -2.634724883849991 -2.635297840740693 -2.635488782103739 -2.635297840740693 -2.634724883849991 -2.633769456919973 -2.632430821918497 -2.630708058183345 -2.62859996255153 -2.626105248913108
-2.627065187688831 -2.629558498916327 -2.631665387851561 -2.633387104387877 -2.634724883849991 -2.635679700302359 -2.636252288497374 -2.636443095252691 -2.636252288497374 -2.635679700302359 -2.634724883849991 -2.633387104387877 -2.631665387851561 -2.629558498916327 -2.627065187688831
-2.627640891626068 -2.630133372329809 -2.632239498503982 -2.633960594082644 -2.635297840740693 -2.636252288497374 -2.636824636731019 -2.637015374533498 -2.636824636731019 -2.636252288497374 -2.635297840740693 -2.633960594082644 -2.632239498503982 -2.630133372329809 -2.627640891626068
-2.627832749205623 -2.630324956822458 -2.632430821918497 -2.634151705193037 -2.635488782103739 -2.636443095252691 -2.637015374533498 -2.637206080156647 -2.637015374533498 -2.636443095252691 -2.635488782103739 -2.634151705193037 -2.632430821918497 -2.630324956822458 -2.627832749205623
-2.627640891626068 -2.630133372329809 -2.632239498503982 -2.633960594082644 -2.635297840740693 -2.636252288497374 -2.636824636731019 -2.637015374533498 -2.636824636731019 -2.636252288497374 -2.635297840740693 -2.633960594082644 -2.632239498503982 -2.630133372329809 -2.627640891626068
-2.627065187688831 -2.629558498916327 -2.631665387851561 -2.633387104387877 -2.634724883849991 -2.635679700302359 -2.636252288497374 -2.636443095252691 -2.636252288497374 -2.635679700302359 -2.634724883849991 -2.633387104387877 -2.631665387851561 -2.629558498916327 -2.627065187688831
-2.626105248913108 -2.62859996255153 -2.630708058183345 -2.632430821918497 -2.633769456919973 -2.634724883849991 -2.635297840740693 -2.635488782103739 -2.635297840740693 -2.634724883849991 -2.633769456919973 -2.632430821918497 -2.630708058183345 -2.62859996255153 -2.626105248913108
-2.624760547271979 -2.627257110913458 -2.629366833586377 -2.631091062508837 -2.632430821918497 -2.633387104387877 -2.633960594082644 -2.634151705193037 -2.633960594082644 -2.633387104387877 -2.632430821918497 -2.631091062508837 -2.629366833586377 -2.627257110913458 -2.624760547271979
-2.623030302882671 -2.625529058091121 -2.627640891626068 -2.629366833586377 -2.630708058183345 -2.631665387851561 -2.632239498503982 -2.632430821918497 -2.632239498503982 -2.631665387851561 -2.630708058183345 -2.629366833586377 -2.627640891626068 -2.625529058091121 -2.623030302882671
-2.620913500374255 -2.623414934054916 -2.625529058091121 -2.627257110913458 -2.62859996255153 -2.629558498916327 -2.630133372329809 -2.630324956822458 -2.630133372329809 -2.629558498916327 -2.62859996255153 -2.627257110913458 -2.625529058091121 -2.623414934054916 -2.620913500374255
-2.618409333913014 -2.620913500374255 -2.623030302882671 -2.624760547271979 -2.626105248913108 -2.627065187688831 -2.627640891626068 -2.627832749205623 -2.627640891626068 -2.627065187688831 -2.626105248913108 -2.624760547271979 -2.623030302882671 -2.620913500374255 -2.618409333913014
-2.652918348291923 -2.654663898497711 -2.656151307424063 -2.657375062863959 -2.658331038586534 -2.659016023541749 -2.659427842918858 -2.659565254554771 -2.659427842918858 -2.659016023541749 -2.658331038586534 -2.657375062863959 -2.656151307424063 -2.654663898497711 -2.652918348291923
-2.654663898497711 -2.656422727313625 -2.65792089385792 -2.659153227467148 -2.660115594222046 -2.660805073912052 -2.661219582838002 -2.661357885675792 -2.661219582838002 -2.660805073912052 -2.660115594222046 -2.659153227467148 -2.65792089385792 -2.656422727313625 -2.654663898497711
-2.656151307424063 -2.65792089385792 -2.659427842918858 -2.660667040437827 -2.66163468124601 -2.662327790470939 -2.662744432421646 -2.662883443070091 -2.662744432421646 -2.662327790470939 -2.66163468124601 -2.660667040437827 -2.659427842918858 -2.65792089385792 -2.656151307424063
-2.657375062863959 -2.659153227467148 -2.660667040437827 -2.6619117318886 -2.662883443070091 -2.663579463159242 -2.663997810012931 -2.664137379325834 -2.663997810012931 -2.663579463159242 -2.662883443070091 -2.6619117318886 -2.660667040437827 -2.659153227467148 -2.657375062863959
-2.658331038586534 -2.660115594222046 -2.66163468124601 -2.662883443070091 -2.663858301324844 -2.664556456758116 -2.66497609504912 -2.665116097843269 -2.66497609504912 -2.664556456758116 -2.663858301324844 -2.662883443070091 -2.66163468124601 -2.660115594222046 -2.658331038586534
-2.659016023541749 -2.660805073912052 -2.662327790470939 -2.663579463159242 -2.664556456758116 -2.665256156186013 -2.665676670737696 -2.665816962827429 -2.665676670737696 -2.665256156186013 -2.664556456758116 -2.663579463159242 -2.662327790470939 -2.660805073912052 -2.659016023541749
-2.659427842918858 -2.661219582838002 -2.662744432421646 -2.663997810012931 -2.66497609504912 -2.665676670737696 -2.666097733231003 -2.66623819746084 -2.666097733231003 -2.665676670737696 -2.66497609504912 -2.663997810012931 -2.662744432421646 -2.661219582838002 -2.659427842918858
-2.659565254554771 -2.661357885675792 -2.662883443070091 -2.664137379325834 -2.665116097843269 -2.665816962827429 -2.66623819746084 -2.66637872274038 -2.66623819746084 -2.665816962827429 -2.665116097843269 -2.664137379325834 -2.662883443070091 -2.661357885675792 -2.659565254554771
-2.659427842918858 -2.661219582838002 -2.662744432421646 -2.663997810012931 -2.66497609504912 -2.665676670737696 -2.666097733231003 -2.66623819746084 -2.666097733231003 -2.665676670737696 -2.66497609504912 -2.663997810012931 -2.662744432421646 -2.661219582838002 -2.659427842918858
-2.659016023541749 -2.660805073912052 -2.662327790470939 -2.663579463159242 -2.664556456758116 -2.665256156186013 -2.665676670737696 -2.665816962827429 -2.665676670737696 -2.665256156186013 -2.664556456758116 -2.663579463159242 -2.662327790470939 -2.660805073912052 -2.659016023541749
-2.658331038586534 -2.660115594222046 -2.66163468124601 -2.662883443070091 -2.663858301324844 -2.664556456758116 -2.66497609504912 -2.665116097843269 -2.66497609504912 -2.664556456758116 -2.663858301324844 -2.662883443070091 -2.66163468124601 -2.660115594222046 -2.658331038586534
-2.657375062863959 -2.659153227467148 -2.660667040437827 -2.6619117318886 -2.662883443070091 -2.663579463159242 -2.663997810012931 -2.664137379325834 -2.663997810012931 -2.663579463159242 -2.662883443070091 -2.6619117318886 -2.660667040437827 -2.659153227467148 -2.657375062863959
-2.656151307424063 -2.65792089385792 -2.659427842918858 -2.660667040437827 -2.66163468124601 -2.662327790470939 -2.662744432421646 -2.662883443070091 -2.662744432421646 -2.662327790470939 -2.66163468124601 -2.660667040437827 -2.659427842918858 -2.65792089385792 -2.656151307424063
-2.654663898497711 -2.656422727313625 -2.65792089385792 -2.659153227467148 -2.660115594222046 -2.660805073912052 -2.661219582838002 -2.661357885675792 -2.661219582838002 -2.660805073912052 -2.660115594222046 -2.659153227467148 -2.65792089385792 -2.656422727313625 -2.654663898497711
-2.652918348291923 -2.654663898497711 -2.656151307424063 -2.657375062863959 -2.658331038586534 -2.659016023541749 -2.659427842918858 -2.659565254554771 -2.659427842918858 -2.659016023541749 -2.658331038586534 -2.657375062863959 -2.656151307424063 -2.654663898497711 -2.652918348291923
-2.694533652881652 -2.695683861925675 -2.696671207506507 -2.697488444124901 -2.698129833615159 -2.698590954249361 -2.698868810823471 -2.698961627359624 -2.698868810823471 -2.698590954249361 -2.698129833615159 -2.697488444124901 -2.696671207506507 -2.695683861925675 -2.694533652881652
-2.695683861925675 -2.696852086933022 -2.697854344823849 -2.69868347428417 -2.69933388085991 -2.69980140657246 -2.700083082045989 -2.700177161226215 -2.700083082045989 -2.69980140657246 -2.69933388085991 -2.69868347428417 -2.697854344823849 -2.696852086933022 -2.695683861925675
-2.696671207506507 -2.697854344823849 -2.698868810823471 -2.699707706607707 -2.700365598852182 -2.700838335991772 -2.701123111845393 -2.701218225921587 -2.701123111845393 -2.700838335991772 -2.700365598852182 -2.699707706607707 -2.698868810823471 -2.697854344823849 -2.696671207506507
-2.697488444124901 -2.69868347428417 -2.699707706607707 -2.700554411020368 -2.701218225921587 -2.701695188889277 -2.701982444313336 -2.702078376742044 -2.701982444313336 -2.701695188889277 -2.701218225921587 -2.700554411020368 -2.699707706607707 -2.69868347428417 -2.697488444124901
-2.698129833615159 -2.69933388085991 -2.700365598852182 -2.701218225921587 -2.701886602717952 -2.702366724700105 -2.702655899231648 -2.702752469029069 -2.702655899231648 -2.702366724700105 -2.701886602717952 -2.701218225921587 -2.700365598852182 -2.69933388085991 -2.698129833615159
-2.698590954249361 -2.69980140657246 -2.700838335991772 -2.701695188889277 -2.702366724700105 -2.702849121803457 -2.703139601893407 -2.703236611752911 -2.703139601893407 -2.702849121803457 -2.702366724700105 -2.701695188889277 -2.700838335991772 -2.69980140657246 -2.698590954249361
-2.698868810823471 -2.700083082045989 -2.701123111845393 -2.701982444313336 -2.702655899231648 -2.703139601893407 -2.703430904480391 -2.703528168270038 -2.703430904480391 -2.703139601893407 -2.702655899231648 -2.701982444313336 -2.701123111845393 -2.700083082045989 -2.698868810823471
-2.698961627359624 -2.700177161226215 -2.701218225921587 -2.702078376742044 -2.702752469029069 -2.703236611752911 -2.703528168270038 -2.703625527304795 -2.703528168270038 -2.703236611752911 -2.702752469029069 -2.702078376742044 -2.701218225921587 -2.700177161226215 -2.698961627359624
-2.698868810823471 -2.700083082045989 -2.701123111845393 -2.701982444313336 -2.702655899231648 -2.703139601893407 -2.703430904480391 -2.703528168270038 -2.703430904480391 -2.703139601893407 -2.702655899231648 -2.701982444313336 -2.701123111845393 -2.700083082045989 -2.698868810823471
-2.698590954249361 -2.69980140657246 -2.700838335991772 -2.701695188889277 -2.702366724700105 -2.702849121803457 -2.703139601893407 -2.703236611752911 -2.703139601893407 -2.702849121803457 -2.702366724700105 -2.701695188889277 -2.700838335991772 -2.69980140657246 -2.698590954249361
-2.698129833615159 -2.69933388085991 -2.700365598852182 -2.701218225921587 -2.701886602717952 -2.702366724700105 -2.702655899231648 -2.702752469029069 -2.702655899231648 -2.702366724700105 -2.701886602717952 -2.701218225921587 -2.700365598852182 -2.69933388085991 -2.698129833615159
-2.697488444124901 -2.69868347428417 -2.699707706607707 -2.700554411020368 -2.701218225921587 -2.701695188889277 -2.701982444313336 -2.702078376742044 -2.701982444313336 -2.701695188889277 -2.701218225921587 -2.700554411020368 -2.699707706607707 -2.69868347428417 -2.697488444124901
-2.696671207506507 -2.697854344823849 -2.698868810823471 -2.699707706607707 -2.700365598852182 -2.700838335991772 -2.701123111845393 -2.701218225921587 -2.701123111845393 -2.700838335991772 -2.700365598852182 -2.699707706607707 -2.698868810823471 -2.697854344823849 -2.696671207506507
-2.695683861925675 -2.696852086933022 -2.697854344823849 -2.69868347428417 -2.69933388085991 -2.69980140657246 -2.700083082045989 -2.700177161226215 -2.700083082045989 -2.69980140657246 -2.69933388085991 -2.69868347428417 -2.697854344823849 -2.696852086933022 -2.695683861925675
-2.694533652881652 -2.695683861925675 -2.696671207506507 -2.697488444124901 -2.698129833615159 -2.698590954249361 -2.698868810823471 -2.698961627359624 -2.698868810823471 -2.698590954249361 -2.698129833615159 -2.697488444124901 -2.696671207506507 -2.695683861925675 -2.694533652881652
-2.74329233139062 -2.74398795758119 -2.744587440937954 -2.745085279038741 -2.745476992731216 -2.745759148354863 -2.745929386949656 -2.745986290929578 -2.745929386949656 -2.745759148354863 -2.745476992731216 -2.745085279038741 -2.744587440937954 -2.74398795758119 -2.74329233139062
-2.74398795758119 -2.744697501874483 -2.7453086406458 -2.745815815674115 -2.746214694907103 -2.746501962777353 -2.746675247925817 -2.746733160350238 -2.746675247925817 -2.746501962777353 -2.746214694907103 -2.745815815674115 -2.7453086406458 -2.744697501874483 -2.74398795758119
-2.744587440937954 -2.7453086406458 -2.745929386949656 -2.746444353720472 -2.746849212424504 -2.74714067867395 -2.747316479268515 -2.747375232650143 -2.747316479268515 -2.74714067867395 -2.746849212424504 -2.746444353720472 -2.745929386949656 -2.7453086406458 -2.744587440937954
-2.745085279038741 -2.745815815674115 -2.746444353720472 -2.746965569136008 -2.747375232650143 -2.747670127179382 -2.74784794612088 -2.747907368231497 -2.74784794612088 -2.747670127179382 -2.747375232650143 -2.746965569136008 -2.746444353720472 -2.745815815674115 -2.745085279038741
-2.745476992731216 -2.746214694907103 -2.746849212424504 -2.747375232650143 -2.747788598969754 -2.748086088234467 -2.748265486768206 -2.748325431541276 -2.748265486768206 -2.748086088234467 -2.747788598969754 -2.747375232650143 -2.746849212424504 -2.746214694907103 -2.745476992731216
-2.745759148354863 -2.746501962777353 -2.74714067867395 -2.747670127179382 -2.748086088234467 -2.74838544529689 -2.748565923184721 -2.748626235120907 -2.748565923184721 -2.74838544529689 -2.748086088234467 -2.747670127179382 -2.74714067867395 -2.746501962777353 -2.745759148354863
-2.745929386949656 -2.746675247925817 -2.747316479268515 -2.74784794612088 -2.748265486768206 -2.748565923184721 -2.748747083531645 -2.748807605010191 -2.748747083531645 -2.748565923184721 -2.748265486768206 -2.74784794612088 -2.747316479268515 -2.746675247925817 -2.745929386949656
-2.745986290929578 -2.746733160350238 -2.747375232650143 -2.747907368231497 -2.748325431541276 -2.748626235120907 -2.748807605010191 -2.748868206835235 -2.748807605010191 -2.748626235120907 -2.748325431541276 -2.747907368231497 -2.747375232650143 -2.746733160350238 -2.745986290929578
-2.745929386949656 -2.746675247925817 -2.747316479268515 -2.74784794612088 -2.748265486768206 -2.748565923184721 -2.748747083531645 -2.748807605010191 -2.748747083531645 -2.748565923184721 -2.748265486768206 -2.74784794612088 -2.747316479268515 -2.746675247925817 -2.745929386949656
-2.745759148354863 -2.746501962777353 -2.74714067867395 -2.747670127179382 -2.748086088234467 -2.74838544529689 -2.748565923184721 -2.748626235120907 -2.748565923184721 -2.74838544529689 -2.748086088234467 -2.747670127179382 -2.74714067867395 -2.746501962777353 -2.745759148354863
-2.745476992731216 -2.746214694907103 -2.746849212424504 -2.747375232650143 -2.747788598969754 -2.748086088234467 -2.748265486768206 -2.748325431541276 -2.748265486768206 -2.748086088234467 -2.747788598969754 -2.747375232650143 -2.746849212424504 -2.746214694907103 -2.745476992731216
-2.745085279038741 -2.745815815674115 -2.746444353720472 -2.746965569136008 -2.747375232650143 -2.747670127179382 -2.74784794612088 -2.747907368231497 -2.74784794612088 -2.747670127179382 -2.747375232650143 -2.746965569136008 -2.746444353720472 -2.745815815674115 -2.745085279038741
-2.744587440937954 -2.7453086406458 -2.745929386949656 -2.746444353720472 -2.746849212424504 -2.74714067867395 -2.747316479268515 -2.747375232650143 -2.747316479268515 -2.74714067867395 -2.746849212424504 -2.746444353720472 -2.745929386949656 -2.7453086406458 -2.744587440937954
-2.74398795758119 -2.744697501874483 -2.7453086406458 -2.745815815674115 -2.746214694907103 -2.746501962777353 -2.746675247925817 -2.746733160350238 -2.746675247925817 -2.746501962777353 -2.746214694907103 -2.745815815674115 -2.7453086406458 -2.744697501874483 -2.74398795758119
-2.74329233139062 -2.74398795758119 -2.744587440937954 -2.745085279038741 -2.745476992731216 -2.745759148354863 -2.745929386949656 -2.745986290929578 -2.745929386949656 -2.745759148354863 -2.745476992731216 -2.745085279038741 -2.744587440937954 -2.74398795758119 -2.74329233139062
-2.794301306658749 -2.794643079826766 -2.794938782560501 -2.79518518058468 -2.795379581717114 -2.79551990604882 -2.79560469170346 -2.795633052438912 -2.79560469170346 -2.79551990604882 -2.795379581717114 -2.79518518058468 -2.794938782560501 -2.794643079826766 -2.794301306658749
-2.794643079826766 -2.794993190742443 -2.795295974531162 -2.795548118549853 -2.795746990110948 -2.795890522426629 -2.795977225659006 -2.796006223201733 -2.795977225659006 -2.795890522426629 -2.795746990110948 -2.795548118549853 -2.795295974531162 -2.794993190742443 -2.794643079826766
-2.794938782560501 -2.795295974531162 -2.79560469170346 -2.795861717753467 -2.796064364198748 -2.796210575464987 -2.79629889502404 -2.796328433669235 -2.79629889502404 -2.796210575464987 -2.796064364198748 -2.795861717753467 -2.79560469170346 -2.795295974531162 -2.794938782560501
-2.79518518058468 -2.795548118549853 -2.795861717753467 -2.79612270092704 -2.796328433669235 -2.796476855534498 -2.796566484574266 -2.796596458814919 -2.796566484574266 -2.796476855534498 -2.796328433669235 -2.79612270092704 -2.795861717753467 -2.795548118549853 -2.79518518058468
-2.795379581717114 -2.795746990110948 -2.796064364198748 -2.796328433669235 -2.796536559538489 -2.796686679313805 -2.796777345111581 -2.796807662096528 -2.796777345111581 -2.796686679313805 -2.796536559538489 -2.796328433669235 -2.796064364198748 -2.795746990110948 -2.795379581717114
-2.79551990604882 -2.795890522426629 -2.796210575464987 -2.796476855534498 -2.796686679313805 -2.796838025048288 -2.796929405183727 -2.796959966860877 -2.796929405183727 -2.796838025048288 -2.796686679313805 -2.796476855534498 -2.796210575464987 -2.795890522426629 -2.79551990604882
-2.79560469170346 -2.795977225659006 -2.79629889502404 -2.796566484574266 -2.796777345111581 -2.796929405183727 -2.797021238762438 -2.797051939503612 -2.797021238762438 -2.796929405183727 -2.796777345111581 -2.796566484574266 -2.79629889502404 -2.795977225659006 -2.79560469170346
-2.795633052438912 -2.796006223201733 -2.796328433669235 -2.796596458814919 -2.796807662096528 -2.796959966860877 -2.797051939503612 -2.797082694350206 -2.797051939503612 -2.796959966860877 -2.796807662096528 -2.796596458814919 -2.796328433669235 -2.796006223201733 -2.795633052438912
-2.79560469170346 -2.795977225659006 -2.79629889502404 -2.796566484574266 -2.796777345111581 -2.796929405183727 -2.797021238762438 -2.797051939503612 -2.797021238762438 -2.796929405183727 -2.796777345111581 -2.796566484574266 -2.79629889502404 -2.795977225659006 -2.79560469170346
-2.79551990604882 -2.795890522426629 -2.796210575464987 -2.796476855534498 -2.796686679313805 -2.796838025048288 -2.796929405183727 -2.796959966860877 -2.796929405183727 -2.796838025048288 -2.796686679313805 -2.796476855534498 -2.796210575464987 -2.795890522426629 -2.79551990604882
-2.795379581717114 -2.795746990110948 -2.796064364198748 -2.796328433669235 -2.796536559538489 -2.796686679313805 -2.796777345111581 -2.796807662096528 -2.796777345111581 -2.796686679313805 -2.796536559538489 -2.796328433669235 -2.796064364198748 -2.795746990110948 -2.795379581717114
-2.79518518058468 -2.795548118549853 -2.795861717753467 -2.79612270092704 -2.796328433669235 -2.796476855534498 -2.796566484574266 -2.796596458814919 -2.796566484574266 -2.796476855534498 -2.796328433669235 -2.79612270092704 -2.795861717753467 -2.795548118549853 -2.79518518058468
-2.794938782560501 -2.795295974531162 -2.79560469170346 -2.795861717753467 -2.796064364198748 -2.796210575464987 -2.79629889502404 -2.796328433669235 -2.79629889502404 -2.796210575464987 -2.796064364198748 -2.795861717753467 -2.79560469170346 -2.795295974531162 -2.794938782560501
-2.794643079826766 -2.794993190742443 -2.795295974531162 -2.795548118549853 -2.795746990110948 -2.795890522426629 -2.795977225659006 -2.796006223201733 -2.795977225659006 -2.795890522426629 -2.795746990110948 -2.795548118549853 -2.795295974531162 -2.794993190742443 -2.794643079826766
-2.794301306658749 -2.794643079826766 -2.794938782560501 -2.79518518058468 -2.795379581717114 -2.79551990604882 -2.79560469170346 -2.795633052438912 -2.79560469170346 -2.79551990604882 -2.795379581717114 -2.79518518058468 -2.794938782560501 -2.794643079826766 -2.794301306658749
-2.844640607259462 -2.844707347988906 -2.844767452451638 -2.84481916504242 -2.844860983477582 -2.844891717131661 -2.844910507731357 -2.844916830111565 -2.844910507731357 -2.844891717131661 -2.844860983477582 -2.84481916504242 -2.844767452451638 -2.844707347988906 -2.844640607259462
-2.844707347988906 -2.844778745173324 -2.844842890019512 -2.844897951310022 -2.844942415456261 -2.844975065217215 -2.844995008756956 -2.845001715745411 -2.844995008756956 -2.844975065217215 -2.844942415456261 -2.844897951310022 -2.844842890019512 -2.844778745173324 -2.844707347988906
-2.844767452451638 -2.844842890019512 -2.844910507731357 -2.8449684760042 -2.845015219310505 -2.845049506781082 -2.845070445530429 -2.845077486429989 -2.845070445530429 -2.845049506781082 -2.845015219310505 -2.8449684760042 -2.844910507731357 -2.844842890019512 -2.844767452451638
-2.84481916504242 -2.844897951310022 -2.8449684760042 -2.845028843222885 -2.845077486429989 -2.845113145154623 -2.845134902887227 -2.845142217361039 -2.845134902887227 -2.845113145154623 -2.845077486429989 -2.845028843222885 -2.8449684760042 -2.844897951310022 -2.84481916504242
-2.844860983477582 -2.844942415456261 -2.845015219310505 -2.845077486429989 -2.845127619533718 -2.845164349302883 -2.845186763709727 -2.845194295466952 -2.845186763709727 -2.845164349302883 -2.845127619533718 -2.845077486429989 -2.845015219310505 -2.844942415456261 -2.844860983477582
-2.844891717131661 -2.844975065217215 -2.845049506781082 -2.845113145154623 -2.845164349302883 -2.845201856876863 -2.845224728897836 -2.845232418359154 -2.845224728897836 -2.845201856876863 -2.845164349302883 -2.845113145154623 -2.845049506781082 -2.844975065217215 -2.844891717131661
-2.844910507731357 -2.844995008756956 -2.845070445530429 -2.845134902887227 -2.845186763709727 -2.845224728897836 -2.8452478925961 -2.845255671600612 -2.8452478925961 -2.845224728897836 -2.845186763709727 -2.845134902887227 -2.845070445530429 -2.844995008756956 -2.844910507731357
-2.844916830111565 -2.845001715745411 -2.845077486429989 -2.845142217361039 -2.845194295466952 -2.845232418359154 -2.845255671600612 -2.845263485878234 -2.845255671600612 -2.845232418359154 -2.845194295466952 -2.845142217361039 -2.845077486429989 -2.845001715745411 -2.844916830111565
-2.844910507731357 -2.844995008756956 -2.845070445530429 -2.845134902887227 -2.845186763709727 -2.845224728897836 -2.8452478925961 -2.845255671600612 -2.8452478925961 -2.845224728897836 -2.845186763709727 -2.845134902887227 -2.845070445530429 -2.844995008756956 -2.844910507731357
-2.844891717131661 -2.844975065217215 -2.845049506781082 -2.845113145154623 -2.845164349302883 -2.845201856876863 -2.845224728897836 -2.845232418359154 -2.845224728897836 -2.845201856876863 -2.845164349302883 -2.845113145154623 -2.845049506781082 -2.844975065217215 -2.844891717131661
-2.844860983477582 -2.844942415456261 -2.845015219310505 -2.845077486429989 -2.845127619533718 -2.845164349302883 -2.845186763709727 -2.845194295466952 -2.845186763709727 -2.845164349302883 -2.845127619533718 -2.845077486429989 -2.845015219310505 -2.844942415456261 -2.844860983477582
-2.84481916504242 -2.844897951310022 -2.8449684760042 -2.845028843222885 -2.845077486429989 -2.845113145154623 -2.845134902887227 -2.845142217361039 -2.845134902887227 -2.845113145154623 -2.845077486429989 -2.845028843222885 -2.8449684760042 -2.844897951310022 -2.84481916504242
-2.844767452451638 -2.844842890019512 -2.844910507731357 -2.8449684760042 -2.845015219310505 -2.845049506781082 -2.845070445530429 -2.845077486429989 -2.845070445530429 -2.845049506781082 -2.845015219310505 -2.8449684760042 -2.844910507731357 -2.844842890019512 -2.844767452451638
-2.844707347988906 -2.844778745173324 -2.844842890019512 -2.844897951310022 -2.844942415456261 -2.844975065217215 -2.844995008756956 -2.845001715745411 -2.844995008756956 -2.844975065217215 -2.844942415456261 -2.844897951310022 -2.844842890019512 -2.844778745173324 -2.844707347988906
-2.844640607259462 -2.844707347988906 -2.844767452451638 -2.84481916504242 -2.844860983477582 -2.844891717131661 -2.844910507731357 -2.844916830111565 -2.844910507731357 -2.844891717131661 -2.844860983477582 -2.84481916504242 -2.844767452451638 -2.844707347988906 -2.844640607259462
-2.894364540747173 -2.894228886466867 -2.894116056611831 -2.894025148584723 -2.893955350353663 -2.893905992679373 -2.893876582227457 -2.893866813261892 -2.893876582227457 -2.893905992679373 -2.893955350353663 -2.894025148584723 -2.894116056611831 -2.894228886466867 -2.894364540747173
-2.894228886466867 -2.894095742852481 -2.893985165520971 -2.8938961720184 -2.893827912168537 -2.893779683904429 -2.893750959060995 -2.89374141987354 -2.893750959060995 -2.893779683904429 -2.893827912168537 -2.8938961720184 -2.893985165520971 -2.894095742852481 -2.894228886466867
-2.894116056611831 -2.893985165520971 -2.893876582227457 -2.893789294241871 -2.893722395799318 -2.893675157259783 -2.893647038429718 -2.893637703310087 -2.893647038429718 -2.893675157259783 -2.893722395799318 -2.893789294241871 -2.893876582227457 -2.893985165520971 -2.894116056611831
-2.894025148584723 -2.8938961720184 -2.893789294241871 -2.893703444839609 -2.893637703310087 -2.893591308981215 -2.893563698547231 -2.893554533852316 -2.893563698547231 -2.893591308981215 -2.893637703310087 -2.893703444839609 -2.893789294241871 -2.8938961720184 -2.894025148584723
-2.893955350353663 -2.893827912168537 -2.893722395799318 -2.893637703310087 -2.893572882753533 -2.89352715820913 -2.893499960696662 -2.893490932932006 -2.893499960696662 -2.89352715820913 -2.893572882753533 -2.893637703310087 -2.893722395799318 -2.893827912168537 -2.893955350353663
-2.893905992679373 -2.893779683904429 -2.893675157259783 -2.893591308981215 -2.89352715820913 -2.893481924125403 -2.893455017762062 -2.89344609081669 -2.893455017762062 -2.893481924125403 -2.89352715820913 -2.893591308981215 -2.893675157259783 -2.893779683904429 -2.893905992679373
-2.893876582227457 -2.893750959060995 -2.893647038429718 -2.893563698547231 -2.893499960696662 -2.893455017762062 -2.893428297791177 -2.893419428200401 -2.893428297791177 -2.893455017762062 -2.893499960696662 -2.893563698547231 -2.893647038429718 -2.893750959060995 -2.893876582227457
-2.893866813261892 -2.89374141987354 -2.893637703310087 -2.893554533852316 -2.893490932932006 -2.89344609081669 -2.893419428200401 -2.893410581419295 -2.893419428200401 -2.89344609081669 -2.893490932932006 -2.893554533852316 -2.893637703310087 -2.89374141987354 -2.893866813261892
-2.893876582227457 -2.893750959060995 -2.893647038429718 -2.893563698547231 -2.893499960696662 -2.893455017762062 -2.893428297791177 -2.893419428200401 -2.893428297791177 -2.893455017762062 -2.893499960696662 -2.893563698547231 -2.893647038429718 -2.893750959060995 -2.893876582227457
-2.893905992679373 -2.893779683904429 -2.893675157259783 -2.893591308981215 -2.89352715820913 -2.893481924125403 -2.893455017762062 -2.89344609081669 -2.893455017762062 -2.893481924125403 -2.89352715820913 -2.893591308981215 -2.893675157259783 -2.893779683904429 -2.893905992679373
