# Created by Octave 5.2.0, Tue Jul 07 07:21:46 2020 CEST <peter@peter-fedora>
# name: x_opt
# type: matrix
# rows: 10
# columns: 1
 -0.0011221607027854614
 0.0074708659946809393
 0.00041586910578965495
 0.012671509532134742
 0.0093569711270414888
 0.023765389524905943
 0.0089481135279688429
 -0.011036683965841582
 -0.011526141892444207
 0.021667470814359241


# name: obj_opt
# type: scalar
9760974.146442458


