# Created by Octave 4.4.1, Sat Nov 16 23:15:00 2019 CET <peter@peter-ThinkPad>
# name: x_opt
# type: matrix
# rows: 9
# columns: 1
 -0.0010561934239775503
 1.0071815466963641e-05
 -0.0011355096004876323
 -0.0092864491091709661
 0.0031304549938509121
 0.0040974316578729535
 -0.0027555155777657676
 0.0010120059402090047
 -0.0009853357197797002


# name: obj
# type: scalar
5135326.2268019849


# name: retcode
# type: scalar
5


