# Created by Octave 4.4.1, Thu Mar 26 13:08:07 2020 CET <peter@peter-ubuntu>
# name: x
# type: matrix
# rows: 1
# columns: 8
 0 0 0 -0.0082714495804242522 0 0 0 0


# name: obj
# type: scalar
5326085.2676576888


