# Created by Octave 4.4.1, Mon Sep 30 15:33:44 2019 CEST <peter@peter-ThinkPad>
# name: x_opt
# type: matrix
# rows: 11
# columns: 1
 0.010000000000000495
 -4.9388039002744224e-26
 0.0099999999999995232
 -0.003235104069992134
 0.004135405038397183
 -0.012415206049864951
 -0.0019130619907705149
 0.0010202012077658387
 -0.0077994692698945267
 -0.0074655652904083184
 -0.0070375413827385713


# name: obj
# type: scalar
2596466.3115182756


# name: retcode
# type: scalar
3


