# Created by Octave 4.4.1, Mon Sep 30 06:31:54 2019 CEST <peter@peter-ThinkPad>
# name: x_opt
# type: matrix
# rows: 11
# columns: 1
 0.010000000000000495
 3.0857549540179743e-27
 0.0099999999999995232
 -0.0041262338785611127
 0.0039587140459713581
 -0.012415206049864951
 -0.011455978528816906
 -0.009171226575916
 -0.0077994692698945267
 -0.0080874071669371217
 -0.0070375413827385713


# name: obj
# type: scalar
2894513.7246482018


# name: retcode
# type: scalar
3


