# Created by Octave 4.4.1, Sun Sep 29 23:09:49 2019 CEST <peter@peter-ThinkPad>
# name: x_opt
# type: matrix
# rows: 11
# columns: 1
 0
 0
 0.0074999999999996424
 0
 0
 0
 0
 0
 0
 0
 0


# name: obj
# type: scalar
3264921.4816876552


# name: retcode
# type: scalar
6


