# Created by Octave 4.4.1, Wed Sep 18 23:29:37 2019 CEST <peter@peter-ubuntu>
# name: x_opt
# type: matrix
# rows: 20
# columns: 1
 0.00079943120089102449
 -0.014983041489092547
 -0.0012146684419105114
 -0.0055469180510536193
 -0.01548364360617327
 0.0032424368325821118
 -0.01523385519336755
 -0.017791270960683281
 -0.0011631007576109519
 -0.0166147903394403
 -0.0099999999999999672
 0.014033725967439133
 0.0002648400181640934
 -0.018895635480341635
 0.0091957519479863511
 -0.0099999999999999811
 0.0099915969955296433
 -0.010000000000000016
 0.0050273908400938969
 1.0159419469249303e-17


# name: obj
# type: scalar
2642609.0138553171


# name: retcode
# type: scalar
6


