# Created by Octave 4.4.1, Mon Mar 23 15:33:08 2020 CET <peter@peter-ubuntu>
# name: volume_constraint_init
# type: scalar
-23.348450470129137


# name: volume_constraint_opt
# type: scalar
81.891759100909667


# name: obj_init
# type: scalar
6154435.4210274266


# name: obj_opt
# type: scalar
5053286.9381559789


# name: max_init
# type: scalar
7620456.9017458567


# name: max_opt
# type: scalar
5836600.9264856884


