# Created by Octave 4.4.1, Mon Oct 21 04:30:45 2019 CEST <peter@peter-ThinkPad>
# name: x_opt
# type: matrix
# rows: 9
# columns: 1
 0.00041242174633503853
 0.0013372290389614568
 -0.0039247043780289096
 -0.0038896816942343244
 -0.0038277137902105059
 1.0461553053986959e-05
 -0.0037772879827351752
 0.025728843275076664
 -0.002427830051945174


# name: obj
# type: scalar
6576994.1843735138


# name: retcode
# type: scalar
6


