# Created by Octave 5.2.0, Fri Jul 17 19:46:29 2020 CEST <peter@peter-fedora>
# name: x_opt
# type: matrix
# rows: 10
# columns: 1
 -0.0078905851921475881
 0.0001214762505798889
 0.0061108598964044625
 0.0090947784430213518
 0.017906043071542841
 0.017881469708049599
 -0.00035352402936231729
 0.0012422763997849973
 -0.0022279927722922473
 -0.0030552825896173934


# name: obj_opt
# type: scalar
9161930.0287797805


