# Created by Octave 4.4.1, Sat Mar 28 22:10:58 2020 CET <peter@peter-ubuntu>
# name: volume_constraint_init
# type: scalar
-23.348450470129137


# name: volume_constraint_opt
# type: scalar
-0.013561878855853138


# name: obj_init
# type: scalar
6317374.6554560829


# name: obj_opt
# type: scalar
5236954.9082330344


# name: max_init
# type: scalar
8289533.6811016053


# name: max_opt
# type: scalar
6770856.2806949327


