# Created by Octave 4.4.1, Sat Mar 28 16:44:30 2020 CET <peter@peter-ThinkPad>
# name: x
# type: matrix
# rows: 1
# columns: 8
 -0.0028430409896625492 3.6766817319066622e-07 -0.0031772254096584587 -0.0061020410639886606 0.016581576286733828 0.0095523906837457814 -0.0051272186898419217 -0.0048498839520721721


# name: obj
# type: scalar
7855432.3623497207


