15 -0.0015 -0.001285714285714286 -0.001071428571428571 -0.0008571428571428572 -0.0006428571428571429 -0.0004285714285714286 -0.0002142857142857143 0 0.0002142857142857143 0.0004285714285714286 0.0006428571428571429 0.0008571428571428572 0.001071428571428571 0.001285714285714286 0.0015
15 -0.0015 -0.001285714285714286 -0.001071428571428571 -0.0008571428571428572 -0.0006428571428571429 -0.0004285714285714286 -0.0002142857142857143 0 0.0002142857142857143 0.0004285714285714286 0.0006428571428571429 0.0008571428571428572 0.001071428571428571 0.001285714285714286 0.0015
16 0.307 0.3163333333333334 0.3256666666666667 0.335 0.3443333333333333 0.3536666666666667 0.363 0.3723333333333333 0.3816666666666667 0.391 0.4003333333333333 0.4096666666666667 0.419 0.4283333333333333 0.4376666666666666 0.447
-2.570167475891044 -2.574785468893503 -2.578629999155225 -2.581733665301807 -2.584121812068537 -2.585814024816498 -2.586824015277687 -2.587159791580718 -2.586824015277687 -2.585814024816498 -2.584121812068537 -2.581733665301807 -2.578629999155225 -2.574785468893503 -2.570167475891044
-2.574785468893503 -2.579322945479126 -2.583101066322343 -2.586151131367415 -2.588498451947834 -2.590161786655004 -2.591154497639946 -2.591484529941163 -2.591154497639946 -2.590161786655004 -2.588498451947834 -2.586151131367415 -2.583101066322343 -2.579322945479126 -2.574785468893503
-2.578629999155225 -2.583101066322343 -2.586824015277687 -2.589830004820679 -2.592143304228637 -2.593782773452611 -2.594761297616679 -2.595086609689932 -2.594761297616679 -2.593782773452611 -2.592143304228637 -2.589830004820679 -2.586824015277687 -2.583101066322343 -2.578629999155225
-2.581733665301807 -2.586151131367415 -2.589830004820679 -2.592800374966752 -2.595086609689932 -2.596706754339994 -2.597673831074364 -2.597995362726945 -2.597673831074364 -2.596706754339994 -2.595086609689932 -2.592800374966752 -2.589830004820679 -2.586151131367415 -2.581733665301807
-2.584121812068537 -2.588498451947834 -2.592143304228637 -2.595086609689932 -2.597351883356362 -2.598957430059733 -2.599915686636694 -2.600234275135159 -2.599915686636694 -2.598957430059733 -2.597351883356362 -2.595086609689932 -2.592143304228637 -2.588498451947834 -2.584121812068537
-2.585814024816498 -2.590161786655004 -2.593782773452611 -2.596706754339994 -2.598957430059733 -2.60055246837724 -2.601504641814105 -2.601821187186819 -2.601504641814105 -2.60055246837724 -2.598957430059733 -2.596706754339994 -2.593782773452611 -2.590161786655004 -2.585814024816498
-2.586824015277687 -2.591154497639946 -2.594761297616679 -2.597673831074364 -2.599915686636694 -2.601504641814105 -2.602453006697721 -2.602768364099089 -2.602453006697721 -2.601504641814105 -2.599915686636694 -2.597673831074364 -2.594761297616679 -2.591154497639946 -2.586824015277687
-2.587159791580718 -2.591484529941163 -2.595086609689932 -2.597995362726945 -2.600234275135159 -2.601821187186819 -2.602768364099089 -2.603083280930117 -2.602768364099089 -2.601821187186819 -2.600234275135159 -2.597995362726945 -2.595086609689932 -2.591484529941163 -2.587159791580718
-2.586824015277687 -2.591154497639946 -2.594761297616679 -2.597673831074364 -2.599915686636694 -2.601504641814105 -2.602453006697721 -2.602768364099089 -2.602453006697721 -2.601504641814105 -2.599915686636694 -2.597673831074364 -2.594761297616679 -2.591154497639946 -2.586824015277687
-2.585814024816498 -2.590161786655004 -2.593782773452611 -2.596706754339994 -2.598957430059733 -2.60055246837724 -2.601504641814105 -2.601821187186819 -2.601504641814105 -2.60055246837724 -2.598957430059733 -2.596706754339994 -2.593782773452611 -2.590161786655004 -2.585814024816498
-2.584121812068537 -2.588498451947834 -2.592143304228637 -2.595086609689932 -2.597351883356362 -2.598957430059733 -2.599915686636694 -2.600234275135159 -2.599915686636694 -2.598957430059733 -2.597351883356362 -2.595086609689932 -2.592143304228637 -2.588498451947834 -2.584121812068537
-2.581733665301807 -2.586151131367415 -2.589830004820679 -2.592800374966752 -2.595086609689932 -2.596706754339994 -2.597673831074364 -2.597995362726945 -2.597673831074364 -2.596706754339994 -2.595086609689932 -2.592800374966752 -2.589830004820679 -2.586151131367415 -2.581733665301807
-2.578629999155225 -2.583101066322343 -2.586824015277687 -2.589830004820679 -2.592143304228637 -2.593782773452611 -2.594761297616679 -2.595086609689932 -2.594761297616679 -2.593782773452611 -2.592143304228637 -2.589830004820679 -2.586824015277687 -2.583101066322343 -2.578629999155225
-2.574785468893503 -2.579322945479126 -2.583101066322343 -2.586151131367415 -2.588498451947834 -2.590161786655004 -2.591154497639946 -2.591484529941163 -2.591154497639946 -2.590161786655004 -2.588498451947834 -2.586151131367415 -2.583101066322343 -2.579322945479126 -2.574785468893503
-2.570167475891044 -2.574785468893503 -2.578629999155225 -2.581733665301807 -2.584121812068537 -2.585814024816498 -2.586824015277687 -2.587159791580718 -2.586824015277687 -2.585814024816498 -2.584121812068537 -2.581733665301807 -2.578629999155225 -2.574785468893503 -2.570167475891044
-2.917372661983187 -2.917165774072075 -2.916992232457559 -2.916851352187908 -2.91674249871137 -2.916665143290426 -2.916618893445578 -2.916603504544612 -2.916618893445578 -2.916665143290426 -2.91674249871137 -2.916851352187908 -2.916992232457559 -2.917165774072075 -2.917372661983187
-2.917165774072075 -2.916960837003995 -2.916789071970948 -2.916649712899614 -2.916542089708243 -2.916465642593375 -2.916419945664818 -2.916404742326553 -2.916419945664818 -2.916465642593375 -2.916542089708243 -2.916649712899614 -2.916789071970948 -2.916960837003995 -2.917165774072075
-2.916992232457559 -2.916789071970948 -2.916618893445578 -2.916480903551207 -2.916374379688573 -2.916298734409148 -2.916253529965112 -2.916238492727775 -2.916253529965112 -2.916298734409148 -2.916374379688573 -2.916480903551207 -2.916618893445578 -2.916789071970948 -2.916992232457559
-2.916851352187908 -2.916649712899614 -2.916480903551207 -2.916344076408119 -2.916238492727775 -2.916163536250953 -2.916118747582455 -2.916103849840759 -2.916118747582455 -2.916163536250953 -2.916238492727775 -2.916344076408119 -2.916480903551207 -2.916649712899614 -2.916851352187908
-2.91674249871137 -2.916542089708243 -2.916374379688573 -2.916238492727775 -2.91613366133389 -2.916059253887353 -2.916014804421071 -2.916000019230481 -2.916014804421071 -2.916059253887353 -2.91613366133389 -2.916238492727775 -2.916374379688573 -2.916542089708243 -2.91674249871137
-2.916665143290426 -2.916465642593375 -2.916298734409148 -2.916163536250953 -2.916059253887353 -2.915985249696401 -2.915941040241212 -2.91592633831027 -2.915941040241212 -2.915985249696401 -2.916059253887353 -2.916163536250953 -2.916298734409148 -2.916465642593375 -2.916665143290426
-2.916618893445578 -2.916419945664818 -2.916253529965112 -2.916118747582455 -2.916014804421071 -2.915941040241212 -2.915896984678744 -2.915882330128226 -2.915896984678744 -2.915941040241212 -2.916014804421071 -2.916118747582455 -2.916253529965112 -2.916419945664818 -2.916618893445578
-2.916603504544612 -2.916404742326553 -2.916238492727775 -2.916103849840759 -2.916000019230481 -2.91592633831027 -2.915882330128226 -2.915867694488427 -2.915882330128226 -2.91592633831027 -2.916000019230481 -2.916103849840759 -2.916238492727775 -2.916404742326553 -2.916603504544612
-2.916618893445578 -2.916419945664818 -2.916253529965112 -2.916118747582455 -2.916014804421071 -2.915941040241212 -2.915896984678744 -2.915882330128226 -2.915896984678744 -2.915941040241212 -2.916014804421071 -2.916118747582455 -2.916253529965112 -2.916419945664818 -2.916618893445578
-2.916665143290426 -2.916465642593375 -2.916298734409148 -2.916163536250953 -2.916059253887353 -2.915985249696401 -2.915941040241212 -2.91592633831027 -2.915941040241212 -2.915985249696401 -2.916059253887353 -2.916163536250953 -2.916298734409148 -2.916465642593375 -2.916665143290426
-2.91674249871137 -2.916542089708243 -2.916374379688573 -2.916238492727775 -2.91613366133389 -2.916059253887353 -2.916014804421071 -2.916000019230481 -2.916014804421071 -2.916059253887353 -2.91613366133389 -2.916238492727775 -2.916374379688573 -2.916542089708243 -2.91674249871137
-2.916851352187908 -2.916649712899614 -2.916480903551207 -2.916344076408119 -2.916238492727775 -2.916163536250953 -2.916118747582455 -2.916103849840759 -2.916118747582455 -2.916163536250953 -2.916238492727775 -2.916344076408119 -2.916480903551207 -2.916649712899614 -2.916851352187908
-2.916992232457559 -2.916789071970948 -2.916618893445578 -2.916480903551207 -2.916374379688573 -2.916298734409148 -2.916253529965112 -2.916238492727775 -2.916253529965112 -2.916298734409148 -2.916374379688573 -2.916480903551207 -2.916618893445578 -2.916789071970948 -2.916992232457559
-2.917165774072075 -2.916960837003995 -2.916789071970948 -2.916649712899614 -2.916542089708243 -2.916465642593375 -2.916419945664818 -2.916404742326553 -2.916419945664818 -2.916465642593375 -2.916542089708243 -2.916649712899614 -2.916789071970948 -2.916960837003995 -2.917165774072075
-2.917372661983187 -2.917165774072075 -2.916992232457559 -2.916851352187908 -2.91674249871137 -2.916665143290426 -2.916618893445578 -2.916603504544612 -2.916618893445578 -2.916665143290426 -2.91674249871137 -2.916851352187908 -2.916992232457559 -2.917165774072075 -2.917372661983187
-3.276822457488239 -3.276286448715838 -3.275833138294185 -3.275462418701216 -3.275174190734722 -3.274968373426232 -3.274844907331595 -3.2748037561207 -3.274844907331595 -3.274968373426232 -3.275174190734722 -3.275462418701216 -3.275833138294185 -3.276286448715838 -3.276822457488239
-3.276286448715838 -3.275750742669223 -3.275297705125504 -3.274927216005938 -3.274639172316397 -3.274433490488665 -3.274310107279154 -3.274268983888054 -3.274310107279154 -3.274433490488665 -3.274639172316397 -3.274927216005938 -3.275297705125504 -3.275750742669223 -3.276286448715838
-3.275833138294185 -3.275297705125504 -3.274844907331595 -3.274474622555493 -3.274186743642177 -3.273981181140675 -3.273857869952908 -3.273816770718156 -3.273857869952908 -3.273981181140675 -3.274186743642177 -3.274474622555493 -3.274844907331595 -3.275297705125504 -3.275833138294185
-3.275462418701216 -3.274927216005938 -3.274474622555493 -3.274104512116725 -3.273816770718156 -3.273611308911707 -3.273488059671724 -3.273446981242252 -3.273488059671724 -3.273611308911707 -3.273816770718156 -3.274104512116725 -3.274474622555493 -3.274927216005938 -3.275462418701216
-3.275174190734722 -3.274639172316397 -3.274186743642177 -3.273816770718156 -3.273529140422025 -3.273323759656195 -3.273200558370423 -3.27315949597867 -3.273200558370423 -3.273323759656195 -3.273529140422025 -3.273816770718156 -3.274186743642177 -3.274639172316397 -3.275174190734722
-3.274968373426232 -3.274433490488665 -3.273981181140675 -3.273611308911707 -3.273323759656195 -3.273118436027369 -3.27299527118485 -3.272954221196359 -3.27299527118485 -3.273118436027369 -3.273323759656195 -3.273611308911707 -3.273981181140675 -3.274433490488665 -3.274968373426232
-3.274844907331595 -3.274310107279154 -3.273857869952908 -3.273488059671724 -3.273200558370423 -3.27299527118485 -3.272872127637881 -3.272831084249264 -3.272872127637881 -3.27299527118485 -3.273200558370423 -3.273488059671724 -3.273857869952908 -3.274310107279154 -3.274844907331595
-3.2748037561207 -3.274268983888054 -3.273816770718156 -3.273446981242252 -3.27315949597867 -3.272954221196359 -3.272831084249264 -3.272790043795869 -3.272831084249264 -3.272954221196359 -3.27315949597867 -3.273446981242252 -3.273816770718156 -3.274268983888054 -3.2748037561207
-3.274844907331595 -3.274310107279154 -3.273857869952908 -3.273488059671724 -3.273200558370423 -3.27299527118485 -3.272872127637881 -3.272831084249264 -3.272872127637881 -3.27299527118485 -3.273200558370423 -3.273488059671724 -3.273857869952908 -3.274310107279154 -3.274844907331595
-3.274968373426232 -3.274433490488665 -3.273981181140675 -3.273611308911707 -3.273323759656195 -3.273118436027369 -3.27299527118485 -3.272954221196359 -3.27299527118485 -3.273118436027369 -3.273323759656195 -3.273611308911707 -3.273981181140675 -3.274433490488665 -3.274968373426232
-3.275174190734722 -3.274639172316397 -3.274186743642177 -3.273816770718156 -3.273529140422025 -3.273323759656195 -3.273200558370423 -3.27315949597867 -3.273200558370423 -3.273323759656195 -3.273529140422025 -3.273816770718156 -3.274186743642177 -3.274639172316397 -3.275174190734722
-3.275462418701216 -3.274927216005938 -3.274474622555493 -3.274104512116725 -3.273816770718156 -3.273611308911707 -3.273488059671724 -3.273446981242252 -3.273488059671724 -3.273611308911707 -3.273816770718156 -3.274104512116725 -3.274474622555493 -3.274927216005938 -3.275462418701216
-3.275833138294185 -3.275297705125504 -3.274844907331595 -3.274474622555493 -3.274186743642177 -3.273981181140675 -3.273857869952908 -3.273816770718156 -3.273857869952908 -3.273981181140675 -3.274186743642177 -3.274474622555493 -3.274844907331595 -3.275297705125504 -3.275833138294185
-3.276286448715838 -3.275750742669223 -3.275297705125504 -3.274927216005938 -3.274639172316397 -3.274433490488665 -3.274310107279154 -3.274268983888054 -3.274310107279154 -3.274433490488665 -3.274639172316397 -3.274927216005938 -3.275297705125504 -3.275750742669223 -3.276286448715838
-3.276822457488239 -3.276286448715838 -3.275833138294185 -3.275462418701216 -3.275174190734722 -3.274968373426232 -3.274844907331595 -3.2748037561207 -3.274844907331595 -3.274968373426232 -3.275174190734722 -3.275462418701216 -3.275833138294185 -3.276286448715838 -3.276822457488239
-3.488776702935558 -3.488377276550994 -3.488039359344061 -3.487762919736734 -3.487547933784162 -3.487394385780643 -3.487302262345398 -3.487271555416331 -3.487302262345398 -3.487394385780643 -3.487547933784162 -3.487762919736734 -3.488039359344061 -3.488377276550994 -3.488776702935558
-3.488377276550994 -3.48797792544902 -3.487640068012731 -3.487363677525233 -3.487148732037836 -3.486995212272586 -3.486903105186934 -3.486872403574121 -3.486903105186934 -3.486995212272586 -3.487148732037836 -3.487363677525233 -3.487640068012731 -3.48797792544902 -3.488377276550994
-3.488039359344061 -3.487640068012731 -3.487302262345398 -3.487025915411903 -3.486811001471567 -3.48665750404525 -3.486565411010475 -3.486534714222836 -3.486565411010475 -3.48665750404525 -3.486811001471567 -3.487025915411903 -3.487302262345398 -3.487640068012731 -3.488039359344061
-3.487762919736734 -3.487363677525233 -3.487025915411903 -3.486749601138977 -3.486534714222836 -3.486381236729416 -3.486289155029256 -3.486258461829426 -3.486289155029256 -3.486381236729416 -3.486534714222836 -3.486749601138977 -3.487025915411903 -3.487363677525233 -3.487762919736734
-3.487547933784162 -3.487148732037836 -3.486811001471567 -3.486534714222836 -3.486319848564065 -3.486166384567996 -3.486074311460411 -3.486043621361854 -3.486074311460411 -3.486166384567996 -3.486319848564065 -3.486534714222836 -3.486811001471567 -3.487148732037836 -3.487547933784162
-3.487394385780643 -3.486995212272586 -3.48665750404525 -3.486381236729416 -3.486166384567996 -3.486012931726501 -3.485920865400836 -3.485890177307762 -3.485920865400836 -3.486012931726501 -3.486166384567996 -3.486381236729416 -3.48665750404525 -3.486995212272586 -3.487394385780643
-3.487302262345398 -3.486903105186934 -3.486565411010475 -3.486289155029256 -3.486074311460411 -3.485920865400836 -3.485828802105571 -3.485798115254811 -3.485828802105571 -3.485920865400836 -3.486074311460411 -3.486289155029256 -3.486565411010475 -3.486903105186934 -3.487302262345398
-3.487271555416331 -3.486872403574121 -3.486534714222836 -3.486258461829426 -3.486043621361854 -3.485890177307762 -3.485798115254811 -3.485767428947105 -3.485798115254811 -3.485890177307762 -3.486043621361854 -3.486258461829426 -3.486534714222836 -3.486872403574121 -3.487271555416331
-3.487302262345398 -3.486903105186934 -3.486565411010475 -3.486289155029256 -3.486074311460411 -3.485920865400836 -3.485828802105571 -3.485798115254811 -3.485828802105571 -3.485920865400836 -3.486074311460411 -3.486289155029256 -3.486565411010475 -3.486903105186934 -3.487302262345398
-3.487394385780643 -3.486995212272586 -3.48665750404525 -3.486381236729416 -3.486166384567996 -3.486012931726501 -3.485920865400836 -3.485890177307762 -3.485920865400836 -3.486012931726501 -3.486166384567996 -3.486381236729416 -3.48665750404525 -3.486995212272586 -3.487394385780643
-3.487547933784162 -3.487148732037836 -3.486811001471567 -3.486534714222836 -3.486319848564065 -3.486166384567996 -3.486074311460411 -3.486043621361854 -3.486074311460411 -3.486166384567996 -3.486319848564065 -3.486534714222836 -3.486811001471567 -3.487148732037836 -3.487547933784162
-3.487762919736734 -3.487363677525233 -3.487025915411903 -3.486749601138977 -3.486534714222836 -3.486381236729416 -3.486289155029256 -3.486258461829426 -3.486289155029256 -3.486381236729416 -3.486534714222836 -3.486749601138977 -3.487025915411903 -3.487363677525233 -3.487762919736734
-3.488039359344061 -3.487640068012731 -3.487302262345398 -3.487025915411903 -3.486811001471567 -3.48665750404525 -3.486565411010475 -3.486534714222836 -3.486565411010475 -3.48665750404525 -3.486811001471567 -3.487025915411903 -3.487302262345398 -3.487640068012731 -3.488039359344061
-3.488377276550994 -3.48797792544902 -3.487640068012731 -3.487363677525233 -3.487148732037836 -3.486995212272586 -3.486903105186934 -3.486872403574121 -3.486903105186934 -3.486995212272586 -3.487148732037836 -3.487363677525233 -3.487640068012731 -3.48797792544902 -3.488377276550994
-3.488776702935558 -3.488377276550994 -3.488039359344061 -3.487762919736734 -3.487547933784162 -3.487394385780643 -3.487302262345398 -3.487271555416331 -3.487302262345398 -3.487394385780643 -3.487547933784162 -3.487762919736734 -3.488039359344061 -3.488377276550994 -3.488776702935558
-3.585562110350453 -3.58535478264801 -3.585179286847112 -3.585035655455974 -3.584923915894775 -3.584844087253015 -3.584796184009551 -3.584780215231655 -3.584796184009551 -3.584844087253015 -3.584923915894775 -3.585035655455974 -3.585179286847112 -3.58535478264801 -3.585562110350453
-3.58535478264801 -3.585147371958906 -3.584971807163471 -3.584828120016749 -3.584716334874521 -3.584636472440397 -3.584588549139178 -3.584572573769115 -3.584588549139178 -3.584636472440397 -3.584716334874521 -3.584828120016749 -3.584971807163471 -3.585147371958906 -3.58535478264801
-3.585179286847112 -3.584971807163471 -3.584796184009551 -3.584652445952857 -3.584540621596184 -3.584460732569157 -3.584412793041755 -3.58439681214585 -3.584412793041755 -3.584460732569157 -3.584540621596184 -3.584652445952857 -3.584796184009551 -3.584971807163471 -3.585179286847112
-3.585035655455974 -3.584828120016749 -3.584652445952857 -3.584508667479693 -3.58439681214585 -3.584316899484679 -3.584268945258022 -3.584252959579002 -3.584268945258022 -3.584316899484679 -3.58439681214585 -3.584508667479693 -3.584652445952857 -3.584828120016749 -3.585035655455974
-3.584923915894775 -3.584716334874521 -3.584540621596184 -3.58439681214585 -3.5842849304944 -3.584204999774667 -3.584157035549504 -3.584141046422861 -3.584157035549504 -3.584204999774667 -3.5842849304944 -3.58439681214585 -3.584540621596184 -3.584716334874521 -3.584923915894775
-3.584844087253015 -3.584636472440397 -3.584460732569157 -3.584316899484679 -3.584204999774667 -3.584125056742211 -3.584077084194929 -3.584061092176155 -3.584077084194929 -3.584125056742211 -3.584204999774667 -3.584316899484679 -3.584460732569157 -3.584636472440397 -3.584844087253015
-3.584796184009551 -3.584588549139178 -3.584412793041755 -3.584268945258022 -3.584157035549504 -3.584077084194929 -3.58402910696294 -3.584013113649652 -3.58402910696294 -3.584077084194929 -3.584157035549504 -3.584268945258022 -3.584412793041755 -3.584588549139178 -3.584796184009551
-3.584780215231655 -3.584572573769115 -3.58439681214585 -3.584252959579002 -3.584141046422861 -3.584061092176155 -3.584013113649652 -3.583997119679678 -3.584013113649652 -3.584061092176155 -3.584141046422861 -3.584252959579002 -3.58439681214585 -3.584572573769115 -3.584780215231655
-3.584796184009551 -3.584588549139178 -3.584412793041755 -3.584268945258022 -3.584157035549504 -3.584077084194929 -3.58402910696294 -3.584013113649652 -3.58402910696294 -3.584077084194929 -3.584157035549504 -3.584268945258022 -3.584412793041755 -3.584588549139178 -3.584796184009551
-3.584844087253015 -3.584636472440397 -3.584460732569157 -3.584316899484679 -3.584204999774667 -3.584125056742211 -3.584077084194929 -3.584061092176155 -3.584077084194929 -3.584125056742211 -3.584204999774667 -3.584316899484679 -3.584460732569157 -3.584636472440397 -3.584844087253015
-3.584923915894775 -3.584716334874521 -3.584540621596184 -3.58439681214585 -3.5842849304944 -3.584204999774667 -3.584157035549504 -3.584141046422861 -3.584157035549504 -3.584204999774667 -3.5842849304944 -3.58439681214585 -3.584540621596184 -3.584716334874521 -3.584923915894775
-3.585035655455974 -3.584828120016749 -3.584652445952857 -3.584508667479693 -3.58439681214585 -3.584316899484679 -3.584268945258022 -3.584252959579002 -3.584268945258022 -3.584316899484679 -3.58439681214585 -3.584508667479693 -3.584652445952857 -3.584828120016749 -3.585035655455974
-3.585179286847112 -3.584971807163471 -3.584796184009551 -3.584652445952857 -3.584540621596184 -3.584460732569157 -3.584412793041755 -3.58439681214585 -3.584412793041755 -3.584460732569157 -3.584540621596184 -3.584652445952857 -3.584796184009551 -3.584971807163471 -3.585179286847112
-3.58535478264801 -3.585147371958906 -3.584971807163471 -3.584828120016749 -3.584716334874521 -3.584636472440397 -3.584588549139178 -3.584572573769115 -3.584588549139178 -3.584636472440397 -3.584716334874521 -3.584828120016749 -3.584971807163471 -3.585147371958906 -3.58535478264801
-3.585562110350453 -3.58535478264801 -3.585179286847112 -3.585035655455974 -3.584923915894775 -3.584844087253015 -3.584796184009551 -3.584780215231655 -3.584796184009551 -3.584844087253015 -3.584923915894775 -3.585035655455974 -3.585179286847112 -3.58535478264801 -3.585562110350453
-3.620419235727114 -3.620358405236022 -3.620306850304184 -3.620264612874966 -3.620231725891274 -3.620208215870357 -3.620194102101488 -3.620189396219754 -3.620194102101488 -3.620208215870357 -3.620231725891274 -3.620264612874966 -3.620306850304184 -3.620358405236022 -3.620419235727114
-3.620358405236022 -3.620297468621218 -3.62024582416366 -3.620203511927163 -3.620170566543039 -3.620147015961238 -3.620132878260584 -3.620128164447593 -3.620132878260584 -3.620147015961238 -3.620170566543039 -3.620203511927163 -3.62024582416366 -3.620297468621218 -3.620358405236022
-3.620306850304184 -3.62024582416366 -3.620194102101488 -3.620151727293508 -3.620118734932423 -3.62009514998307 -3.620080991262038 -3.620076270387366 -3.620080991262038 -3.62009514998307 -3.620118734932423 -3.620151727293508 -3.620194102101488 -3.62024582416366 -3.620306850304184
-3.620264612874966 -3.620203511927163 -3.620151727293508 -3.620109302877376 -3.620076270387366 -3.620052656381062 -3.62003848089062 -3.620033754554552 -3.62003848089062 -3.620052656381062 -3.620076270387366 -3.620109302877376 -3.620151727293508 -3.620203511927163 -3.620264612874966
-3.620231725891274 -3.620170566543039 -3.620118734932423 -3.620076270387366 -3.620043206633427 -3.620019571876381 -3.620005383455995 -3.620000652657046 -3.620005383455995 -3.620019571876381 -3.620043206633427 -3.620076270387366 -3.620118734932423 -3.620170566543039 -3.620231725891274
-3.620208215870357 -3.620147015961238 -3.62009514998307 -3.620052656381062 -3.620019571876381 -3.619995921182674 -3.619981722759132 -3.619976988815872 -3.619981722759132 -3.619995921182674 -3.620019571876381 -3.620052656381062 -3.62009514998307 -3.620147015961238 -3.620208215870357
-3.620194102101488 -3.620132878260584 -3.620080991262038 -3.62003848089062 -3.620005383455995 -3.619981722759132 -3.619967519354944 -3.619962783650665 -3.619967519354944 -3.619981722759132 -3.620005383455995 -3.62003848089062 -3.620080991262038 -3.620132878260584 -3.620194102101488
-3.620189396219754 -3.620128164447593 -3.620076270387366 -3.620033754554552 -3.620000652657046 -3.619976988815872 -3.619962783650665 -3.619958047149071 -3.619962783650665 -3.619976988815872 -3.620000652657046 -3.620033754554552 -3.620076270387366 -3.620128164447593 -3.620189396219754
-3.620194102101488 -3.620132878260584 -3.620080991262038 -3.62003848089062 -3.620005383455995 -3.619981722759132 -3.619967519354944 -3.619962783650665 -3.619967519354944 -3.619981722759132 -3.620005383455995 -3.62003848089062 -3.620080991262038 -3.620132878260584 -3.620194102101488
-3.620208215870357 -3.620147015961238 -3.62009514998307 -3.620052656381062 -3.620019571876381 -3.619995921182674 -3.619981722759132 -3.619976988815872 -3.619981722759132 -3.619995921182674 -3.620019571876381 -3.620052656381062 -3.62009514998307 -3.620147015961238 -3.620208215870357
-3.620231725891274 -3.620170566543039 -3.620118734932423 -3.620076270387366 -3.620043206633427 -3.620019571876381 -3.620005383455995 -3.620000652657046 -3.620005383455995 -3.620019571876381 -3.620043206633427 -3.620076270387366 -3.620118734932423 -3.620170566543039 -3.620231725891274
-3.620264612874966 -3.620203511927163 -3.620151727293508 -3.620109302877376 -3.620076270387366 -3.620052656381062 -3.62003848089062 -3.620033754554552 -3.62003848089062 -3.620052656381062 -3.620076270387366 -3.620109302877376 -3.620151727293508 -3.620203511927163 -3.620264612874966
-3.620306850304184 -3.62024582416366 -3.620194102101488 -3.620151727293508 -3.620118734932423 -3.62009514998307 -3.620080991262038 -3.620076270387366 -3.620080991262038 -3.62009514998307 -3.620118734932423 -3.620151727293508 -3.620194102101488 -3.62024582416366 -3.620306850304184
-3.620358405236022 -3.620297468621218 -3.62024582416366 -3.620203511927163 -3.620170566543039 -3.620147015961238 -3.620132878260584 -3.620128164447593 -3.620132878260584 -3.620147015961238 -3.620170566543039 -3.620203511927163 -3.62024582416366 -3.620297468621218 -3.620358405236022
-3.620419235727114 -3.620358405236022 -3.620306850304184 -3.620264612874966 -3.620231725891274 -3.620208215870357 -3.620194102101488 -3.620189396219754 -3.620194102101488 -3.620208215870357 -3.620231725891274 -3.620264612874966 -3.620306850304184 -3.620358405236022 -3.620419235727114
-3.635628442688296 -3.635569345575985 -3.635519127598537 -3.635477897201262 -3.635445743014678 -3.635422731546687 -3.635408906889904 -3.635404295675177 -3.635408906889904 -3.635422731546687 -3.635445743014678 -3.635477897201262 -3.635519127598537 -3.635569345575985 -3.635628442688296
-3.635569345575985 -3.635509976285469 -3.635459532373322 -3.635418124822216 -3.635385835757902 -3.635362726843853 -3.635348843347488 -3.635344212504256 -3.635348843347488 -3.635362726843853 -3.635385835757902 -3.635418124822216 -3.635459532373322 -3.635509976285469 -3.635569345575985
-3.635519127598537 -3.635459532373322 -3.635408906889904 -3.635367351654452 -3.635334946331753 -3.635311755168576 -3.635297823448166 -3.635293176849605 -3.635297823448166 -3.635311755168576 -3.635334946331753 -3.635367351654452 -3.635408906889904 -3.635459532373322 -3.635519127598537
-3.635477897201262 -3.635418124822216 -3.635367351654452 -3.635325674230798 -3.635293176849605 -3.63526992343625 -3.635255954324029 -3.635251295019017 -3.635255954324029 -3.63526992343625 -3.635293176849605 -3.635325674230798 -3.635367351654452 -3.635418124822216 -3.635477897201262
-3.635445743014678 -3.635385835757902 -3.635334946331753 -3.635293176849605 -3.63526061215266 -3.63523730813808 -3.635223307749966 -3.63521863801436 -3.635223307749966 -3.63523730813808 -3.63526061215266 -3.635293176849605 -3.635334946331753 -3.635385835757902 -3.635445743014678
-3.635422731546687 -3.635362726843853 -3.635311755168576 -3.63526992343625 -3.63523730813808 -3.635213966884885 -3.63519994621841 -3.635195270340649 -3.63519994621841 -3.635213966884885 -3.63523730813808 -3.63526992343625 -3.635311755168576 -3.635362726843853 -3.635422731546687
-3.635408906889904 -3.635348843347488 -3.635297823448166 -3.635255954324029 -3.635223307749966 -3.63519994621841 -3.635185914389033 -3.635181233863798 -3.635185914389033 -3.63519994621841 -3.635223307749966 -3.635255954324029 -3.635297823448166 -3.635348843347488 -3.635408906889904
-3.635404295675177 -3.635344212504256 -3.635293176849605 -3.635251295019017 -3.63521863801436 -3.635195270340649 -3.635181233863798 -3.635176551689874 -3.635181233863798 -3.635195270340649 -3.63521863801436 -3.635251295019017 -3.635293176849605 -3.635344212504256 -3.635404295675177
-3.635408906889904 -3.635348843347488 -3.635297823448166 -3.635255954324029 -3.635223307749966 -3.63519994621841 -3.635185914389033 -3.635181233863798 -3.635185914389033 -3.63519994621841 -3.635223307749966 -3.635255954324029 -3.635297823448166 -3.635348843347488 -3.635408906889904
-3.635422731546687 -3.635362726843853 -3.635311755168576 -3.63526992343625 -3.63523730813808 -3.635213966884885 -3.63519994621841 -3.635195270340649 -3.63519994621841 -3.635213966884885 -3.63523730813808 -3.63526992343625 -3.635311755168576 -3.635362726843853 -3.635422731546687
-3.635445743014678 -3.635385835757902 -3.635334946331753 -3.635293176849605 -3.63526061215266 -3.63523730813808 -3.635223307749966 -3.63521863801436 -3.635223307749966 -3.63523730813808 -3.63526061215266 -3.635293176849605 -3.635334946331753 -3.635385835757902 -3.635445743014678
-3.635477897201262 -3.635418124822216 -3.635367351654452 -3.635325674230798 -3.635293176849605 -3.63526992343625 -3.635255954324029 -3.635251295019017 -3.635255954324029 -3.63526992343625 -3.635293176849605 -3.635325674230798 -3.635367351654452 -3.635418124822216 -3.635477897201262
-3.635519127598537 -3.635459532373322 -3.635408906889904 -3.635367351654452 -3.635334946331753 -3.635311755168576 -3.635297823448166 -3.635293176849605 -3.635297823448166 -3.635311755168576 -3.635334946331753 -3.635367351654452 -3.635408906889904 -3.635459532373322 -3.635519127598537
-3.635569345575985 -3.635509976285469 -3.635459532373322 -3.635418124822216 -3.635385835757902 -3.635362726843853 -3.635348843347488 -3.635344212504256 -3.635348843347488 -3.635362726843853 -3.635385835757902 -3.635418124822216 -3.635459532373322 -3.635509976285469 -3.635569345575985
-3.635628442688296 -3.635569345575985 -3.635519127598537 -3.635477897201262 -3.635445743014678 -3.635422731546687 -3.635408906889904 -3.635404295675177 -3.635408906889904 -3.635422731546687 -3.635445743014678 -3.635477897201262 -3.635519127598537 -3.635569345575985 -3.635628442688296
-3.630962008994445 -3.63042608713869 -3.629970903190993 -3.629597342378427 -3.629306107888936 -3.629097707791112 -3.628972515948329 -3.628930759933632 -3.628972515948329 -3.629097707791112 -3.629306107888936 -3.629597342378427 -3.629970903190993 -3.63042608713869 -3.630962008994445
-3.63042608713869 -3.62988797668663 -3.629430997194969 -3.629055989863635 -3.628763608667182 -3.628554383830424 -3.628428697768033 -3.628386777536312 -3.628428697768033 -3.628554383830424 -3.628763608667182 -3.629055989863635 -3.629430997194969 -3.62988797668663 -3.63042608713869
-3.629970903190993 -3.629430997194969 -3.628972515948329 -3.628596254099143 -3.628302900261588 -3.628092998430805 -3.627966919353735 -3.62792486931057 -3.627966919353735 -3.628092998430805 -3.628302900261588 -3.628596254099143 -3.628972515948329 -3.629430997194969 -3.629970903190993
-3.629597342378427 -3.629055989863635 -3.628596254099143 -3.62821897467297 -3.62792486931057 -3.627714435725579 -3.627588024833869 -3.627545862177379 -3.627588024833869 -3.627714435725579 -3.62792486931057 -3.62821897467297 -3.628596254099143 -3.629055989863635 -3.629597342378427
-3.629306107888936 -3.628763608667182 -3.628302900261588 -3.62792486931057 -3.627630174594603 -3.627419296539503 -3.62729261594811 -3.627250364796498 -3.62729261594811 -3.627419296539503 -3.627630174594603 -3.62792486931057 -3.628302900261588 -3.628763608667182 -3.629306107888936
-3.629097707791112 -3.628554383830424 -3.628092998430805 -3.627714435725579 -3.627419296539503 -3.627208102579873 -3.627081257206717 -3.627038954127473 -3.627081257206717 -3.627208102579873 -3.627419296539503 -3.627714435725579 -3.628092998430805 -3.628554383830424 -3.629097707791112
-3.628972515948329 -3.628428697768033 -3.627966919353735 -3.627588024833869 -3.62729261594811 -3.627081257206717 -3.626954309119951 -3.626911963229972 -3.626954309119951 -3.627081257206717 -3.62729261594811 -3.627588024833869 -3.627966919353735 -3.628428697768033 -3.628972515948329
-3.628930759933632 -3.628386777536312 -3.62792486931057 -3.627545862177379 -3.627250364796498 -3.627038954127473 -3.626911963229972 -3.626869604326441 -3.626911963229972 -3.627038954127473 -3.627250364796498 -3.627545862177379 -3.62792486931057 -3.628386777536312 -3.628930759933632
-3.628972515948329 -3.628428697768033 -3.627966919353735 -3.627588024833869 -3.62729261594811 -3.627081257206717 -3.626954309119951 -3.626911963229972 -3.626954309119951 -3.627081257206717 -3.62729261594811 -3.627588024833869 -3.627966919353735 -3.628428697768033 -3.628972515948329
-3.629097707791112 -3.628554383830424 -3.628092998430805 -3.627714435725579 -3.627419296539503 -3.627208102579873 -3.627081257206717 -3.627038954127473 -3.627081257206717 -3.627208102579873 -3.627419296539503 -3.627714435725579 -3.628092998430805 -3.628554383830424 -3.629097707791112
-3.629306107888936 -3.628763608667182 -3.628302900261588 -3.62792486931057 -3.627630174594603 -3.627419296539503 -3.62729261594811 -3.627250364796498 -3.62729261594811 -3.627419296539503 -3.627630174594603 -3.62792486931057 -3.628302900261588 -3.628763608667182 -3.629306107888936
-3.629597342378427 -3.629055989863635 -3.628596254099143 -3.62821897467297 -3.62792486931057 -3.627714435725579 -3.627588024833869 -3.627545862177379 -3.627588024833869 -3.627714435725579 -3.62792486931057 -3.62821897467297 -3.628596254099143 -3.629055989863635 -3.629597342378427
-3.629970903190993 -3.629430997194969 -3.628972515948329 -3.628596254099143 -3.628302900261588 -3.628092998430805 -3.627966919353735 -3.62792486931057 -3.627966919353735 -3.628092998430805 -3.628302900261588 -3.628596254099143 -3.628972515948329 -3.629430997194969 -3.629970903190993
-3.63042608713869 -3.62988797668663 -3.629430997194969 -3.629055989863635 -3.628763608667182 -3.628554383830424 -3.628428697768033 -3.628386777536312 -3.628428697768033 -3.628554383830424 -3.628763608667182 -3.629055989863635 -3.629430997194969 -3.62988797668663 -3.63042608713869
-3.630962008994445 -3.63042608713869 -3.629970903190993 -3.629597342378427 -3.629306107888936 -3.629097707791112 -3.628972515948329 -3.628930759933632 -3.628972515948329 -3.629097707791112 -3.629306107888936 -3.629597342378427 -3.629970903190993 -3.63042608713869 -3.630962008994445
-3.439218069037774 -3.436099012432734 -3.433456413390607 -3.431292088637394 -3.42960731947992 -3.428403156108603 -3.427680356470147 -3.427439373290069 -3.427680356470147 -3.428403156108603 -3.42960731947992 -3.431292088637394 -3.433456413390607 -3.436099012432734 -3.439218069037774
-3.436099012432734 -3.432975625161471 -3.430329514785363 -3.428162247944451 -3.426475193044429 -3.425269421102764 -3.424545676308682 -3.424304382893149 -3.424545676308682 -3.425269421102764 -3.426475193044429 -3.428162247944451 -3.430329514785363 -3.432975625161471 -3.436099012432734
-3.433456413390607 -3.430329514785363 -3.427680356470147 -3.425510623114442 -3.423821730753866 -3.422614728031538 -3.421890253737643 -3.421648715369189 -3.421890253737643 -3.422614728031538 -3.423821730753866 -3.425510623114442 -3.427680356470147 -3.430329514785363 -3.433456413390607
-3.431292088637394 -3.428162247944451 -3.425510623114442 -3.423338994892506 -3.421648715369189 -3.420440664213436 -3.419715541934819 -3.41947378569548 -3.419715541934819 -3.420440664213436 -3.421648715369189 -3.423338994892506 -3.425510623114442 -3.428162247944451 -3.431292088637394
-3.42960731947992 -3.426475193044429 -3.423821730753866 -3.421648715369189 -3.41995727379811 -3.41874837272445 -3.418022754454704 -3.417780841287598 -3.418022754454704 -3.41874837272445 -3.41995727379811 -3.421648715369189 -3.423821730753866 -3.426475193044429 -3.42960731947992
-3.428403156108603 -3.425269421102764 -3.422614728031538 -3.420440664213436 -3.41874837272445 -3.417538911600509 -3.41681301414423 -3.416571005800812 -3.41681301414423 -3.417538911600509 -3.41874837272445 -3.420440664213436 -3.422614728031538 -3.425269421102764 -3.428403156108603
-3.427680356470147 -3.424545676308682 -3.421890253737643 -3.419715541934819 -3.418022754454704 -3.41681301414423 -3.416086912266889 -3.41584481979609 -3.416086912266889 -3.41681301414423 -3.418022754454704 -3.419715541934819 -3.421890253737643 -3.424545676308682 -3.427680356470147
-3.427439373290069 -3.424304382893149 -3.421648715369189 -3.41947378569548 -3.417780841287598 -3.416571005800812 -3.41584481979609 -3.415602707342614 -3.41584481979609 -3.416571005800812 -3.417780841287598 -3.41947378569548 -3.421648715369189 -3.424304382893149 -3.427439373290069
-3.427680356470147 -3.424545676308682 -3.421890253737643 -3.419715541934819 -3.418022754454704 -3.41681301414423 -3.416086912266889 -3.41584481979609 -3.416086912266889 -3.41681301414423 -3.418022754454704 -3.419715541934819 -3.421890253737643 -3.424545676308682 -3.427680356470147
-3.428403156108603 -3.425269421102764 -3.422614728031538 -3.420440664213436 -3.41874837272445 -3.417538911600509 -3.41681301414423 -3.416571005800812 -3.41681301414423 -3.417538911600509 -3.41874837272445 -3.420440664213436 -3.422614728031538 -3.425269421102764 -3.428403156108603
-3.42960731947992 -3.426475193044429 -3.423821730753866 -3.421648715369189 -3.41995727379811 -3.41874837272445 -3.418022754454704 -3.417780841287598 -3.418022754454704 -3.41874837272445 -3.41995727379811 -3.421648715369189 -3.423821730753866 -3.426475193044429 -3.42960731947992
-3.431292088637394 -3.428162247944451 -3.425510623114442 -3.423338994892506 -3.421648715369189 -3.420440664213436 -3.419715541934819 -3.41947378569548 -3.419715541934819 -3.420440664213436 -3.421648715369189 -3.423338994892506 -3.425510623114442 -3.428162247944451 -3.431292088637394
-3.433456413390607 -3.430329514785363 -3.427680356470147 -3.425510623114442 -3.423821730753866 -3.422614728031538 -3.421890253737643 -3.421648715369189 -3.421890253737643 -3.422614728031538 -3.423821730753866 -3.425510623114442 -3.427680356470147 -3.430329514785363 -3.433456413390607
-3.436099012432734 -3.432975625161471 -3.430329514785363 -3.428162247944451 -3.426475193044429 -3.425269421102764 -3.424545676308682 -3.424304382893149 -3.424545676308682 -3.425269421102764 -3.426475193044429 -3.428162247944451 -3.430329514785363 -3.432975625161471 -3.436099012432734
-3.439218069037774 -3.436099012432734 -3.433456413390607 -3.431292088637394 -3.42960731947992 -3.428403156108603 -3.427680356470147 -3.427439373290069 -3.427680356470147 -3.428403156108603 -3.42960731947992 -3.431292088637394 -3.433456413390607 -3.436099012432734 -3.439218069037774
-2.319642794487942 -2.316446952749271 -2.313766531095228 -2.311589774942526 -2.30990703648999 -2.308710609960086 -2.307994955610795 -2.30775676862613 -2.307994955610795 -2.308710609960086 -2.30990703648999 -2.311589774942526 -2.313766531095228 -2.316446952749271 -2.319642794487942
-2.316446952749271 -2.31328152734685 -2.31062710362488 -2.30847187575627 -2.306805824758324 -2.305621124138449 -2.304912349888557 -2.304676419208197 -2.304912349888557 -2.305621124138449 -2.306805824758324 -2.30847187575627 -2.31062710362488 -2.31328152734685 -2.316446952749271
-2.313766531095228 -2.31062710362488 -2.307994955610795 -2.305857718000926 -2.304205054138523 -2.303029631273366 -2.302326482150866 -2.302092457844561 -2.302326482150866 -2.303029631273366 -2.304205054138523 -2.305857718000926 -2.307994955610795 -2.31062710362488 -2.313766531095228
