15 -0.0015 -0.001285714285714286 -0.001071428571428571 -0.0008571428571428572 -0.0006428571428571429 -0.0004285714285714286 -0.0002142857142857143 0 0.0002142857142857143 0.0004285714285714286 0.0006428571428571429 0.0008571428571428572 0.001071428571428571 0.001285714285714286 0.0015
15 -0.0015 -0.001285714285714286 -0.001071428571428571 -0.0008571428571428572 -0.0006428571428571429 -0.0004285714285714286 -0.0002142857142857143 0 0.0002142857142857143 0.0004285714285714286 0.0006428571428571429 0.0008571428571428572 0.001071428571428571 0.001285714285714286 0.0015
32 0.307 0.3115161290322581 0.3160322580645161 0.3205483870967742 0.3250645161290323 0.3295806451612903 0.3340967741935484 0.3386129032258064 0.3431290322580645 0.3476451612903226 0.3521612903225806 0.3566774193548387 0.3611935483870968 0.3657096774193548 0.3702258064516129 0.374741935483871 0.379258064516129 0.3837741935483871 0.3882903225806452 0.3928064516129032 0.3973225806451613 0.4018387096774194 0.4063548387096774 0.4108709677419355 0.4153870967741936 0.4199032258064516 0.4244193548387097 0.4289354838709677 0.4334516129032258 0.4379677419354839 0.4424838709677419 0.447
-2.570167475891044 -2.574785468893503 -2.578629999155225 -2.581733665301807 -2.584121812068537 -2.585814024816498 -2.586824015277687 -2.587159791580718 -2.586824015277687 -2.585814024816498 -2.584121812068537 -2.581733665301807 -2.578629999155225 -2.574785468893503 -2.570167475891044
-2.574785468893503 -2.579322945479126 -2.583101066322343 -2.586151131367415 -2.588498451947834 -2.590161786655004 -2.591154497639946 -2.591484529941163 -2.591154497639946 -2.590161786655004 -2.588498451947834 -2.586151131367415 -2.583101066322343 -2.579322945479126 -2.574785468893503
-2.578629999155225 -2.583101066322343 -2.586824015277687 -2.589830004820679 -2.592143304228637 -2.593782773452611 -2.594761297616679 -2.595086609689932 -2.594761297616679 -2.593782773452611 -2.592143304228637 -2.589830004820679 -2.586824015277687 -2.583101066322343 -2.578629999155225
-2.581733665301807 -2.586151131367415 -2.589830004820679 -2.592800374966752 -2.595086609689932 -2.596706754339994 -2.597673831074364 -2.597995362726945 -2.597673831074364 -2.596706754339994 -2.595086609689932 -2.592800374966752 -2.589830004820679 -2.586151131367415 -2.581733665301807
-2.584121812068537 -2.588498451947834 -2.592143304228637 -2.595086609689932 -2.597351883356362 -2.598957430059733 -2.599915686636694 -2.600234275135159 -2.599915686636694 -2.598957430059733 -2.597351883356362 -2.595086609689932 -2.592143304228637 -2.588498451947834 -2.584121812068537
-2.585814024816498 -2.590161786655004 -2.593782773452611 -2.596706754339994 -2.598957430059733 -2.60055246837724 -2.601504641814105 -2.601821187186819 -2.601504641814105 -2.60055246837724 -2.598957430059733 -2.596706754339994 -2.593782773452611 -2.590161786655004 -2.585814024816498
-2.586824015277687 -2.591154497639946 -2.594761297616679 -2.597673831074364 -2.599915686636694 -2.601504641814105 -2.602453006697721 -2.602768364099089 -2.602453006697721 -2.601504641814105 -2.599915686636694 -2.597673831074364 -2.594761297616679 -2.591154497639946 -2.586824015277687
-2.587159791580718 -2.591484529941163 -2.595086609689932 -2.597995362726945 -2.600234275135159 -2.601821187186819 -2.602768364099089 -2.603083280930117 -2.602768364099089 -2.601821187186819 -2.600234275135159 -2.597995362726945 -2.595086609689932 -2.591484529941163 -2.587159791580718
-2.586824015277687 -2.591154497639946 -2.594761297616679 -2.597673831074364 -2.599915686636694 -2.601504641814105 -2.602453006697721 -2.602768364099089 -2.602453006697721 -2.601504641814105 -2.599915686636694 -2.597673831074364 -2.594761297616679 -2.591154497639946 -2.586824015277687
-2.585814024816498 -2.590161786655004 -2.593782773452611 -2.596706754339994 -2.598957430059733 -2.60055246837724 -2.601504641814105 -2.601821187186819 -2.601504641814105 -2.60055246837724 -2.598957430059733 -2.596706754339994 -2.593782773452611 -2.590161786655004 -2.585814024816498
-2.584121812068537 -2.588498451947834 -2.592143304228637 -2.595086609689932 -2.597351883356362 -2.598957430059733 -2.599915686636694 -2.600234275135159 -2.599915686636694 -2.598957430059733 -2.597351883356362 -2.595086609689932 -2.592143304228637 -2.588498451947834 -2.584121812068537
-2.581733665301807 -2.586151131367415 -2.589830004820679 -2.592800374966752 -2.595086609689932 -2.596706754339994 -2.597673831074364 -2.597995362726945 -2.597673831074364 -2.596706754339994 -2.595086609689932 -2.592800374966752 -2.589830004820679 -2.586151131367415 -2.581733665301807
-2.578629999155225 -2.583101066322343 -2.586824015277687 -2.589830004820679 -2.592143304228637 -2.593782773452611 -2.594761297616679 -2.595086609689932 -2.594761297616679 -2.593782773452611 -2.592143304228637 -2.589830004820679 -2.586824015277687 -2.583101066322343 -2.578629999155225
-2.574785468893503 -2.579322945479126 -2.583101066322343 -2.586151131367415 -2.588498451947834 -2.590161786655004 -2.591154497639946 -2.591484529941163 -2.591154497639946 -2.590161786655004 -2.588498451947834 -2.586151131367415 -2.583101066322343 -2.579322945479126 -2.574785468893503
-2.570167475891044 -2.574785468893503 -2.578629999155225 -2.581733665301807 -2.584121812068537 -2.585814024816498 -2.586824015277687 -2.587159791580718 -2.586824015277687 -2.585814024816498 -2.584121812068537 -2.581733665301807 -2.578629999155225 -2.574785468893503 -2.570167475891044
-2.698942451138565 -2.700042862709477 -2.700988032558899 -2.701770748241159 -2.702385278705653 -2.702827211892338 -2.703093556544062 -2.703182535846793 -2.703093556544062 -2.702827211892338 -2.702385278705653 -2.701770748241159 -2.700988032558899 -2.700042862709477 -2.698942451138565
-2.700042862709477 -2.701161241757545 -2.702121302102795 -2.702915894579568 -2.703539440690951 -2.703987780884912 -2.704257944790955 -2.704348186853816 -2.704257944790955 -2.703987780884912 -2.703539440690951 -2.702915894579568 -2.702121302102795 -2.701161241757545 -2.700042862709477
-2.700988032558899 -2.702121302102795 -2.703093556544062 -2.703897918023821 -2.704528950862549 -2.70498250735264 -2.705255776893093 -2.705347055825438 -2.705255776893093 -2.70498250735264 -2.704528950862549 -2.703897918023821 -2.703093556544062 -2.702121302102795 -2.700988032558899
-2.701770748241159 -2.702915894579568 -2.703897918023821 -2.704710090209858 -2.705347055825438 -2.705804844644303 -2.706080598092525 -2.706172697152678 -2.706080598092525 -2.705804844644303 -2.705347055825438 -2.704710090209858 -2.703897918023821 -2.702915894579568 -2.701770748241159
-2.702385278705653 -2.703539440690951 -2.704528950862549 -2.705347055825438 -2.705988590171755 -2.706449546708364 -2.706727224908676 -2.706819962848655 -2.706727224908676 -2.706449546708364 -2.705988590171755 -2.705347055825438 -2.704528950862549 -2.703539440690951 -2.702385278705653
-2.702827211892338 -2.703987780884912 -2.70498250735264 -2.705804844644303 -2.706449546708364 -2.706912784074917 -2.707191772028535 -2.707284951946877 -2.707191772028535 -2.706912784074917 -2.706449546708364 -2.705804844644303 -2.70498250735264 -2.703987780884912 -2.702827211892338
-2.703093556544062 -2.704257944790955 -2.705255776893093 -2.706080598092525 -2.706727224908676 -2.707191772028535 -2.707471585428607 -2.707565019966971 -2.707471585428607 -2.707191772028535 -2.706727224908676 -2.706080598092525 -2.705255776893093 -2.704257944790955 -2.703093556544062
-2.703182535846793 -2.704348186853816 -2.705347055825438 -2.706172697152678 -2.706819962848655 -2.707284951946877 -2.707565019966971 -2.707658550287906 -2.707565019966971 -2.707284951946877 -2.706819962848655 -2.706172697152678 -2.705347055825438 -2.704348186853816 -2.703182535846793
-2.703093556544062 -2.704257944790955 -2.705255776893093 -2.706080598092525 -2.706727224908676 -2.707191772028535 -2.707471585428607 -2.707565019966971 -2.707471585428607 -2.707191772028535 -2.706727224908676 -2.706080598092525 -2.705255776893093 -2.704257944790955 -2.703093556544062
-2.702827211892338 -2.703987780884912 -2.70498250735264 -2.705804844644303 -2.706449546708364 -2.706912784074917 -2.707191772028535 -2.707284951946877 -2.707191772028535 -2.706912784074917 -2.706449546708364 -2.705804844644303 -2.70498250735264 -2.703987780884912 -2.702827211892338
-2.702385278705653 -2.703539440690951 -2.704528950862549 -2.705347055825438 -2.705988590171755 -2.706449546708364 -2.706727224908676 -2.706819962848655 -2.706727224908676 -2.706449546708364 -2.705988590171755 -2.705347055825438 -2.704528950862549 -2.703539440690951 -2.702385278705653
-2.701770748241159 -2.702915894579568 -2.703897918023821 -2.704710090209858 -2.705347055825438 -2.705804844644303 -2.706080598092525 -2.706172697152678 -2.706080598092525 -2.705804844644303 -2.705347055825438 -2.704710090209858 -2.703897918023821 -2.702915894579568 -2.701770748241159
-2.700988032558899 -2.702121302102795 -2.703093556544062 -2.703897918023821 -2.704528950862549 -2.70498250735264 -2.705255776893093 -2.705347055825438 -2.705255776893093 -2.70498250735264 -2.704528950862549 -2.703897918023821 -2.703093556544062 -2.702121302102795 -2.700988032558899
-2.700042862709477 -2.701161241757545 -2.702121302102795 -2.702915894579568 -2.703539440690951 -2.703987780884912 -2.704257944790955 -2.704348186853816 -2.704257944790955 -2.703987780884912 -2.703539440690951 -2.702915894579568 -2.702121302102795 -2.701161241757545 -2.700042862709477
-2.698942451138565 -2.700042862709477 -2.700988032558899 -2.701770748241159 -2.702385278705653 -2.702827211892338 -2.703093556544062 -2.703182535846793 -2.703093556544062 -2.702827211892338 -2.702385278705653 -2.701770748241159 -2.700988032558899 -2.700042862709477 -2.698942451138565
-2.90392173948489 -2.903754807171099 -2.903615305483303 -2.903502434975716 -2.903415467427981 -2.903353799067642 -2.903316983347338 -2.903304742813825 -2.903316983347338 -2.903353799067642 -2.903415467427981 -2.903502434975716 -2.903615305483303 -2.903754807171099 -2.90392173948489
-2.903754807171099 -2.903590122032188 -2.903452650213208 -2.903341511556662 -2.903255939753781 -2.903195298755416 -2.903159107564766 -2.903147076483318 -2.903159107564766 -2.903195298755416 -2.903255939753781 -2.903341511556662 -2.903452650213208 -2.903590122032188 -2.903754807171099
-2.903615305483303 -2.903452650213208 -2.903316983347338 -2.903207394784435 -2.90312306392024 -2.903063326546043 -2.903027689415425 -2.903015845041141 -2.903027689415425 -2.903063326546043 -2.90312306392024 -2.903207394784435 -2.903316983347338 -2.903452650213208 -2.903615305483303
-2.903502434975716 -2.903341511556662 -2.903207394784435 -2.903099118173001 -2.903015845041141 -2.902956880989044 -2.902921710111651 -2.902910022104461 -2.902921710111651 -2.902956880989044 -2.903015845041141 -2.903099118173001 -2.903207394784435 -2.903341511556662 -2.903502434975716
-2.903415467427981 -2.903255939753781 -2.90312306392024 -2.903015845041141 -2.902933416040406 -2.902875066918687 -2.90284027552648 -2.902828713404159 -2.90284027552648 -2.902875066918687 -2.902933416040406 -2.903015845041141 -2.90312306392024 -2.903255939753781 -2.903415467427981
-2.903353799067642 -2.903195298755416 -2.903063326546043 -2.902956880989044 -2.902875066918687 -2.902817168748204 -2.902782645391827 -2.902771176157708 -2.902782645391827 -2.902817168748204 -2.902875066918687 -2.902956880989044 -2.903063326546043 -2.903195298755416 -2.903353799067642
-2.903316983347338 -2.903159107564766 -2.903027689415425 -2.902921710111651 -2.90284027552648 -2.902782645391827 -2.902748293757563 -2.902736877381555 -2.902748293757563 -2.902782645391827 -2.90284027552648 -2.902921710111651 -2.903027689415425 -2.903159107564766 -2.903316983347338
-2.903304742813825 -2.903147076483318 -2.903015845041141 -2.902910022104461 -2.902828713404159 -2.902771176157708 -2.902736877381555 -2.902725482059167 -2.902736877381555 -2.902771176157708 -2.902828713404159 -2.902910022104461 -2.903015845041141 -2.903147076483318 -2.903304742813825
-2.903316983347338 -2.903159107564766 -2.903027689415425 -2.902921710111651 -2.90284027552648 -2.902782645391827 -2.902748293757563 -2.902736877381555 -2.902748293757563 -2.902782645391827 -2.90284027552648 -2.902921710111651 -2.903027689415425 -2.903159107564766 -2.903316983347338
-2.903353799067642 -2.903195298755416 -2.903063326546043 -2.902956880989044 -2.902875066918687 -2.902817168748204 -2.902782645391827 -2.902771176157708 -2.902782645391827 -2.902817168748204 -2.902875066918687 -2.902956880989044 -2.903063326546043 -2.903195298755416 -2.903353799067642
-2.903415467427981 -2.903255939753781 -2.90312306392024 -2.903015845041141 -2.902933416040406 -2.902875066918687 -2.90284027552648 -2.902828713404159 -2.90284027552648 -2.902875066918687 -2.902933416040406 -2.903015845041141 -2.90312306392024 -2.903255939753781 -2.903415467427981
-2.903502434975716 -2.903341511556662 -2.903207394784435 -2.903099118173001 -2.903015845041141 -2.902956880989044 -2.902921710111651 -2.902910022104461 -2.902921710111651 -2.902956880989044 -2.903015845041141 -2.903099118173001 -2.903207394784435 -2.903341511556662 -2.903502434975716
-2.903615305483303 -2.903452650213208 -2.903316983347338 -2.903207394784435 -2.90312306392024 -2.903063326546043 -2.903027689415425 -2.903015845041141 -2.903027689415425 -2.903063326546043 -2.90312306392024 -2.903207394784435 -2.903316983347338 -2.903452650213208 -2.903615305483303
-2.903754807171099 -2.903590122032188 -2.903452650213208 -2.903341511556662 -2.903255939753781 -2.903195298755416 -2.903159107564766 -2.903147076483318 -2.903159107564766 -2.903195298755416 -2.903255939753781 -2.903341511556662 -2.903452650213208 -2.903590122032188 -2.903754807171099
-2.90392173948489 -2.903754807171099 -2.903615305483303 -2.903502434975716 -2.903415467427981 -2.903353799067642 -2.903316983347338 -2.903304742813825 -2.903316983347338 -2.903353799067642 -2.903415467427981 -2.903502434975716 -2.903615305483303 -2.903754807171099 -2.90392173948489
-3.096824667053592 -3.096370848210458 -3.095988151285954 -3.095675897036635 -3.095433558759971 -3.095260741567398 -3.095157162983979 -3.095122655239547 -3.095157162983979 -3.095260741567398 -3.095433558759971 -3.095675897036635 -3.095988151285954 -3.096370848210458 -3.096824667053592
-3.096370848210458 -3.095918695808471 -3.095537361589392 -3.095226206112937 -3.094984715097894 -3.09481249041947 -3.094709263140789 -3.094674872063223 -3.094709263140789 -3.09481249041947 -3.094984715097894 -3.095226206112937 -3.095537361589392 -3.095918695808471 -3.096370848210458
-3.095988151285954 -3.095537361589392 -3.095157162983979 -3.094846917485567 -3.094606116964213 -3.094434386561269 -3.094331454833728 -3.094297161456377 -3.094331454833728 -3.094434386561269 -3.094606116964213 -3.094846917485567 -3.095157162983979 -3.095537361589392 -3.095988151285954
-3.095675897036635 -3.095226206112937 -3.094846917485567 -3.094537397906973 -3.094297161456377 -3.094125822555478 -3.094023123640862 -3.093988908284396 -3.094023123640862 -3.094125822555478 -3.094297161456377 -3.094537397906973 -3.094846917485567 -3.095226206112937 -3.095675897036635
-3.095433558759971 -3.094984715097894 -3.094606116964213 -3.094297161456377 -3.094057347812986 -3.093886314779099 -3.093783797274683 -3.093749640970412 -3.093783797274683 -3.093886314779099 -3.094057347812986 -3.094297161456377 -3.094606116964213 -3.094984715097894 -3.095433558759971
-3.095260741567398 -3.09481249041947 -3.094434386561269 -3.094125822555478 -3.093886314779099 -3.093715493048856 -3.093613101712152 -3.0935789891341 -3.093613101712152 -3.093715493048856 -3.093886314779099 -3.094125822555478 -3.094434386561269 -3.09481249041947 -3.095260741567398
-3.095157162983979 -3.094709263140789 -3.094331454833728 -3.094023123640862 -3.093783797274683 -3.093613101712152 -3.09351078830734 -3.093476699059318 -3.09351078830734 -3.093613101712152 -3.093783797274683 -3.094023123640862 -3.094331454833728 -3.094709263140789 -3.095157162983979
-3.095122655239547 -3.094674872063223 -3.094297161456377 -3.093988908284396 -3.093749640970412 -3.0935789891341 -3.093476699059318 -3.093442619568775 -3.093476699059318 -3.0935789891341 -3.093749640970412 -3.093988908284396 -3.094297161456377 -3.094674872063223 -3.095122655239547
-3.095157162983979 -3.094709263140789 -3.094331454833728 -3.094023123640862 -3.093783797274683 -3.093613101712152 -3.09351078830734 -3.093476699059318 -3.09351078830734 -3.093613101712152 -3.093783797274683 -3.094023123640862 -3.094331454833728 -3.094709263140789 -3.095157162983979
-3.095260741567398 -3.09481249041947 -3.094434386561269 -3.094125822555478 -3.093886314779099 -3.093715493048856 -3.093613101712152 -3.0935789891341 -3.093613101712152 -3.093715493048856 -3.093886314779099 -3.094125822555478 -3.094434386561269 -3.09481249041947 -3.095260741567398
-3.095433558759971 -3.094984715097894 -3.094606116964213 -3.094297161456377 -3.094057347812986 -3.093886314779099 -3.093783797274683 -3.093749640970412 -3.093783797274683 -3.093886314779099 -3.094057347812986 -3.094297161456377 -3.094606116964213 -3.094984715097894 -3.095433558759971
-3.095675897036635 -3.095226206112937 -3.094846917485567 -3.094537397906973 -3.094297161456377 -3.094125822555478 -3.094023123640862 -3.093988908284396 -3.094023123640862 -3.094125822555478 -3.094297161456377 -3.094537397906973 -3.094846917485567 -3.095226206112937 -3.095675897036635
-3.095988151285954 -3.095537361589392 -3.095157162983979 -3.094846917485567 -3.094606116964213 -3.094434386561269 -3.094331454833728 -3.094297161456377 -3.094331454833728 -3.094434386561269 -3.094606116964213 -3.094846917485567 -3.095157162983979 -3.095537361589392 -3.095988151285954
-3.096370848210458 -3.095918695808471 -3.095537361589392 -3.095226206112937 -3.094984715097894 -3.09481249041947 -3.094709263140789 -3.094674872063223 -3.094709263140789 -3.09481249041947 -3.094984715097894 -3.095226206112937 -3.095537361589392 -3.095918695808471 -3.096370848210458
-3.096824667053592 -3.096370848210458 -3.095988151285954 -3.095675897036635 -3.095433558759971 -3.095260741567398 -3.095157162983979 -3.095122655239547 -3.095157162983979 -3.095260741567398 -3.095433558759971 -3.095675897036635 -3.095988151285954 -3.096370848210458 -3.096824667053592
-3.258057885670213 -3.257522322277097 -3.257069464227481 -3.256699164990968 -3.256411295099946 -3.256205749919754 -3.256082453422418 -3.256041359765574 -3.256082453422418 -3.256205749919754 -3.256411295099946 -3.256699164990968 -3.257069464227481 -3.257522322277097 -3.258057885670213
-3.257522322277097 -3.256987158098677 -3.256534652724056 -3.256164648526404 -3.255877011366825 -3.255671635543834 -3.255548442224468 -3.255507383176421 -3.255548442224468 -3.255671635543834 -3.255877011366825 -3.256164648526404 -3.256534652724056 -3.256987158098677 -3.257522322277097
-3.257069464227481 -3.256534652724056 -3.256082453422418 -3.25571270536203 -3.25542527317941 -3.255220045301971 -3.255096940795178 -3.255055911422686 -3.255096940795178 -3.255220045301971 -3.25542527317941 -3.25571270536203 -3.256082453422418 -3.256534652724056 -3.257069464227481
-3.256699164990968 -3.256164648526404 -3.25571270536203 -3.255343173973253 -3.255055911422686 -3.254850806345526 -3.254727777165531 -3.254686773098178 -3.254727777165531 -3.254850806345526 -3.255055911422686 -3.255343173973253 -3.25571270536203 -3.256164648526404 -3.256699164990968
-3.256411295099946 -3.255877011366825 -3.25542527317941 -3.255055911422686 -3.254768784057548 -3.25456377758212 -3.254440806544522 -3.254399821819169 -3.254440806544522 -3.25456377758212 -3.254768784057548 -3.255055911422686 -3.25542527317941 -3.255877011366825 -3.256411295099946
-3.256205749919754 -3.255671635543834 -3.255220045301971 -3.254850806345526 -3.25456377758212 -3.254358840013873 -3.254235912602935 -3.25419494277474 -3.254235912602935 -3.254358840013873 -3.25456377758212 -3.254850806345526 -3.255220045301971 -3.255671635543834 -3.256205749919754
-3.256082453422418 -3.255548442224468 -3.255096940795178 -3.254727777165531 -3.254440806544522 -3.254235912602935 -3.254113010882658 -3.254072048947855 -3.254113010882658 -3.254235912602935 -3.254440806544522 -3.254727777165531 -3.255096940795178 -3.255548442224468 -3.256082453422418
-3.256041359765574 -3.255507383176421 -3.255055911422686 -3.254686773098178 -3.254399821819169 -3.25419494277474 -3.254072048947855 -3.254031090502447 -3.254072048947855 -3.25419494277474 -3.254399821819169 -3.254686773098178 -3.255055911422686 -3.255507383176421 -3.256041359765574
-3.256082453422418 -3.255548442224468 -3.255096940795178 -3.254727777165531 -3.254440806544522 -3.254235912602935 -3.254113010882658 -3.254072048947855 -3.254113010882658 -3.254235912602935 -3.254440806544522 -3.254727777165531 -3.255096940795178 -3.255548442224468 -3.256082453422418
-3.256205749919754 -3.255671635543834 -3.255220045301971 -3.254850806345526 -3.25456377758212 -3.254358840013873 -3.254235912602935 -3.25419494277474 -3.254235912602935 -3.254358840013873 -3.25456377758212 -3.254850806345526 -3.255220045301971 -3.255671635543834 -3.256205749919754
-3.256411295099946 -3.255877011366825 -3.25542527317941 -3.255055911422686 -3.254768784057548 -3.25456377758212 -3.254440806544522 -3.254399821819169 -3.254440806544522 -3.25456377758212 -3.254768784057548 -3.255055911422686 -3.25542527317941 -3.255877011366825 -3.256411295099946
-3.256699164990968 -3.256164648526404 -3.25571270536203 -3.255343173973253 -3.255055911422686 -3.254850806345526 -3.254727777165531 -3.254686773098178 -3.254727777165531 -3.254850806345526 -3.255055911422686 -3.255343173973253 -3.25571270536203 -3.256164648526404 -3.256699164990968
-3.257069464227481 -3.256534652724056 -3.256082453422418 -3.25571270536203 -3.25542527317941 -3.255220045301971 -3.255096940795178 -3.255055911422686 -3.255096940795178 -3.255220045301971 -3.25542527317941 -3.25571270536203 -3.256082453422418 -3.256534652724056 -3.257069464227481
-3.257522322277097 -3.256987158098677 -3.256534652724056 -3.256164648526404 -3.255877011366825 -3.255671635543834 -3.255548442224468 -3.255507383176421 -3.255548442224468 -3.255671635543834 -3.255877011366825 -3.256164648526404 -3.256534652724056 -3.256987158098677 -3.257522322277097
-3.258057885670213 -3.257522322277097 -3.257069464227481 -3.256699164990968 -3.256411295099946 -3.256205749919754 -3.256082453422418 -3.256041359765574 -3.256082453422418 -3.256205749919754 -3.256411295099946 -3.256699164990968 -3.257069464227481 -3.257522322277097 -3.258057885670213
-3.382804549330199 -3.382314414386534 -3.381899792423762 -3.381560630049954 -3.381296882214121 -3.381108514615642 -3.380995503845861 -3.380957835232458 -3.380995503845861 -3.381108514615642 -3.381296882214121 -3.381560630049954 -3.381899792423762 -3.382314414386534 -3.382804549330199
-3.382314414386534 -3.381824417296524 -3.381409912240708 -3.381070843537907 -3.380807168995312 -3.380618854612146 -3.380505875687384 -3.380468217637445 -3.380505875687384 -3.380618854612146 -3.380807168995312 -3.381070843537907 -3.381409912240708 -3.381824417296524 -3.382314414386534
-3.381899792423762 -3.381409912240708 -3.380995503845861 -3.380656515862054 -3.380392903885674 -3.380204633038284 -3.380091680251431 -3.380054030974714 -3.380091680251431 -3.380204633038284 -3.380392903885674 -3.380656515862054 -3.380995503845861 -3.381409912240708 -3.381899792423762
-3.381560630049954 -3.381070843537907 -3.380656515862054 -3.3803175932064 -3.380054030974714 -3.379865796981122 -3.379752866338979 -3.379715224353428 -3.379752866338979 -3.379865796981122 -3.380054030974714 -3.3803175932064 -3.380656515862054 -3.381070843537907 -3.381560630049954
-3.381296882214121 -3.380807168995312 -3.380392903885674 -3.380054030974714 -3.379790509094297 -3.379602302817168 -3.379489388416828 -3.379451751967984 -3.379489388416828 -3.379602302817168 -3.379790509094297 -3.380054030974714 -3.380392903885674 -3.380807168995312 -3.381296882214121
-3.381108514615642 -3.380618854612146 -3.380204633038284 -3.379865796981122 -3.379602302817168 -3.379414116378358 -3.379301214722093 -3.379263582416307 -3.379301214722093 -3.379414116378358 -3.379602302817168 -3.379865796981122 -3.380204633038284 -3.380618854612146 -3.381108514615642
-3.380995503845861 -3.380505875687384 -3.380091680251431 -3.379752866338979 -3.379489388416828 -3.379301214722093 -3.379188319747584 -3.379150689644356 -3.379188319747584 -3.379301214722093 -3.379489388416828 -3.379752866338979 -3.380091680251431 -3.380505875687384 -3.380995503845861
-3.380957835232458 -3.380468217637445 -3.380054030974714 -3.379715224353428 -3.379451751967984 -3.379263582416307 -3.379150689644356 -3.379113060551509 -3.379150689644356 -3.379263582416307 -3.379451751967984 -3.379715224353428 -3.380054030974714 -3.380468217637445 -3.380957835232458
-3.380995503845861 -3.380505875687384 -3.380091680251431 -3.379752866338979 -3.379489388416828 -3.379301214722093 -3.379188319747584 -3.379150689644356 -3.379188319747584 -3.379301214722093 -3.379489388416828 -3.379752866338979 -3.380091680251431 -3.380505875687384 -3.380995503845861
-3.381108514615642 -3.380618854612146 -3.380204633038284 -3.379865796981122 -3.379602302817168 -3.379414116378358 -3.379301214722093 -3.379263582416307 -3.379301214722093 -3.379414116378358 -3.379602302817168 -3.379865796981122 -3.380204633038284 -3.380618854612146 -3.381108514615642
-3.381296882214121 -3.380807168995312 -3.380392903885674 -3.380054030974714 -3.379790509094297 -3.379602302817168 -3.379489388416828 -3.379451751967984 -3.379489388416828 -3.379602302817168 -3.379790509094297 -3.380054030974714 -3.380392903885674 -3.380807168995312 -3.381296882214121
-3.381560630049954 -3.381070843537907 -3.380656515862054 -3.3803175932064 -3.380054030974714 -3.379865796981122 -3.379752866338979 -3.379715224353428 -3.379752866338979 -3.379865796981122 -3.380054030974714 -3.3803175932064 -3.380656515862054 -3.381070843537907 -3.381560630049954
-3.381899792423762 -3.381409912240708 -3.380995503845861 -3.380656515862054 -3.380392903885674 -3.380204633038284 -3.380091680251431 -3.380054030974714 -3.380091680251431 -3.380204633038284 -3.380392903885674 -3.380656515862054 -3.380995503845861 -3.381409912240708 -3.381899792423762
-3.382314414386534 -3.381824417296524 -3.381409912240708 -3.381070843537907 -3.380807168995312 -3.380618854612146 -3.380505875687384 -3.380468217637445 -3.380505875687384 -3.380618854612146 -3.380807168995312 -3.381070843537907 -3.381409912240708 -3.381824417296524 -3.382314414386534
-3.382804549330199 -3.382314414386534 -3.381899792423762 -3.381560630049954 -3.381296882214121 -3.381108514615642 -3.380995503845861 -3.380957835232458 -3.380995503845861 -3.381108514615642 -3.381296882214121 -3.381560630049954 -3.381899792423762 -3.382314414386534 -3.382804549330199
-3.474134083695879 -3.473719079159122 -3.473367990692551 -3.473080781224089 -3.472857422048628 -3.472697894583615 -3.472602184093627 -3.472570281582434 -3.472602184093627 -3.472697894583615 -3.472857422048628 -3.473080781224089 -3.473367990692551 -3.473719079159122 -3.474134083695879
-3.473719079159122 -3.47330416299943 -3.472953144580177 -3.472665990591719 -3.472442676383215 -3.472283180458267 -3.472187488247686 -3.472155591684063 -3.472187488247686 -3.472283180458267 -3.472442676383215 -3.472665990591719 -3.472953144580177 -3.47330416299943 -3.473719079159122
-3.473367990692551 -3.472953144580177 -3.472602184093627 -3.472315078732702 -3.47209179976091 -3.471932328163004 -3.471836651009259 -3.471804759580384 -3.471836651009259 -3.471932328163004 -3.47209179976091 -3.472315078732702 -3.472602184093627 -3.472953144580177 -3.473367990692551
-3.473080781224089 -3.472665990591719 -3.472315078732702 -3.472028009664869 -3.471804759580384 -3.471645309374277 -3.471549644441529 -3.471517756895653 -3.471549644441529 -3.471645309374277 -3.471804759580384 -3.472028009664869 -3.472315078732702 -3.472665990591719 -3.473080781224089
-3.472857422048628 -3.472442676383215 -3.47209179976091 -3.471804759580384 -3.471581532354557 -3.4714220966391 -3.471326440668297 -3.471294556319477 -3.471326440668297 -3.4714220966391 -3.471581532354557 -3.471804759580384 -3.47209179976091 -3.472442676383215 -3.472857422048628
-3.472697894583615 -3.472283180458267 -3.471932328163004 -3.471645309374277 -3.4714220966391 -3.471262672454309 -3.471167023577162 -3.471135141353462 -3.471167023577162 -3.471262672454309 -3.4714220966391 -3.471645309374277 -3.471932328163004 -3.472283180458267 -3.472697894583615
-3.472602184093627 -3.472187488247686 -3.471836651009259 -3.471549644441529 -3.471326440668297 -3.471167023577162 -3.471071377901938 -3.471039496934522 -3.471071377901938 -3.471167023577162 -3.471326440668297 -3.471549644441529 -3.471836651009259 -3.472187488247686 -3.472602184093627
-3.472570281582434 -3.472155591684063 -3.471804759580384 -3.471517756895653 -3.471294556319477 -3.471135141353462 -3.471039496934522 -3.471007616527479 -3.471039496934522 -3.471135141353462 -3.471294556319477 -3.471517756895653 -3.471804759580384 -3.472155591684063 -3.472570281582434
-3.472602184093627 -3.472187488247686 -3.471836651009259 -3.471549644441529 -3.471326440668297 -3.471167023577162 -3.471071377901938 -3.471039496934522 -3.471071377901938 -3.471167023577162 -3.471326440668297 -3.471549644441529 -3.471836651009259 -3.472187488247686 -3.472602184093627
-3.472697894583615 -3.472283180458267 -3.471932328163004 -3.471645309374277 -3.4714220966391 -3.471262672454309 -3.471167023577162 -3.471135141353462 -3.471167023577162 -3.471262672454309 -3.4714220966391 -3.471645309374277 -3.471932328163004 -3.472283180458267 -3.472697894583615
-3.472857422048628 -3.472442676383215 -3.47209179976091 -3.471804759580384 -3.471581532354557 -3.4714220966391 -3.471326440668297 -3.471294556319477 -3.471326440668297 -3.4714220966391 -3.471581532354557 -3.471804759580384 -3.47209179976091 -3.472442676383215 -3.472857422048628
-3.473080781224089 -3.472665990591719 -3.472315078732702 -3.472028009664869 -3.471804759580384 -3.471645309374277 -3.471549644441529 -3.471517756895653 -3.471549644441529 -3.471645309374277 -3.471804759580384 -3.472028009664869 -3.472315078732702 -3.472665990591719 -3.473080781224089
-3.473367990692551 -3.472953144580177 -3.472602184093627 -3.472315078732702 -3.47209179976091 -3.471932328163004 -3.471836651009259 -3.471804759580384 -3.471836651009259 -3.471932328163004 -3.47209179976091 -3.472315078732702 -3.472602184093627 -3.472953144580177 -3.473367990692551
-3.473719079159122 -3.47330416299943 -3.472953144580177 -3.472665990591719 -3.472442676383215 -3.472283180458267 -3.472187488247686 -3.472155591684063 -3.472187488247686 -3.472283180458267 -3.472442676383215 -3.472665990591719 -3.472953144580177 -3.47330416299943 -3.473719079159122
-3.474134083695879 -3.473719079159122 -3.473367990692551 -3.473080781224089 -3.472857422048628 -3.472697894583615 -3.472602184093627 -3.472570281582434 -3.472602184093627 -3.472697894583615 -3.472857422048628 -3.473080781224089 -3.473367990692551 -3.473719079159122 -3.474134083695879
-3.537144549058138 -3.536816599273823 -3.536539123421417 -3.536312110149697 -3.536135553935256 -3.536009448250521 -3.535933787104975 -3.535908567087866 -3.535933787104975 -3.536009448250521 -3.536135553935256 -3.536312110149697 -3.536539123421417 -3.536816599273823 -3.537144549058138
-3.536816599273823 -3.536488675103936 -3.536211219685267 -3.535984227683904 -3.535807688769129 -3.535681594535081 -3.535605939730621 -3.535580721816834 -3.535605939730621 -3.535681594535081 -3.535807688769129 -3.535984227683904 -3.536211219685267 -3.536488675103936 -3.536816599273823
-3.536539123421417 -3.536211219685267 -3.535933787104975 -3.535706813079442 -3.535530286689172 -3.535404202889291 -3.535328555273447 -3.535303339823845 -3.535328555273447 -3.535404202889291 -3.535530286689172 -3.535706813079442 -3.535933787104975 -3.536211219685267 -3.536539123421417
-3.536312110149697 -3.535984227683904 -3.535706813079442 -3.535479852487067 -3.535303339823845 -3.535177265458429 -3.535101622770806 -3.535076408804321 -3.535101622770806 -3.535177265458429 -3.535303339823845 -3.535479852487067 -3.535706813079442 -3.535984227683904 -3.536312110149697
-3.536135553935256 -3.535807688769129 -3.535530286689172 -3.535303339823845 -3.535126836872582 -3.535000768439573 -3.534925130425036 -3.534899918261496 -3.534925130425036 -3.535000768439573 -3.535126836872582 -3.535303339823845 -3.535530286689172 -3.535807688769129 -3.536135553935256
-3.536009448250521 -3.535681594535081 -3.535404202889291 -3.535177265458429 -3.535000768439573 -3.534874706336658 -3.534799071741512 -3.534773860420596 -3.534799071741512 -3.534874706336658 -3.535000768439573 -3.535177265458429 -3.535404202889291 -3.535681594535081 -3.536009448250521
-3.535933787104975 -3.535605939730621 -3.535328555273447 -3.535101622770806 -3.534925130425036 -3.534799071741512 -3.534723438385569 -3.534698227846914 -3.534723438385569 -3.534799071741512 -3.534925130425036 -3.535101622770806 -3.535328555273447 -3.535605939730621 -3.535933787104975
-3.535908567087866 -3.535580721816834 -3.535303339823845 -3.535076408804321 -3.534899918261496 -3.534773860420596 -3.534698227846914 -3.534673017593952 -3.534698227846914 -3.534773860420596 -3.534899918261496 -3.535076408804321 -3.535303339823845 -3.535580721816834 -3.535908567087866
-3.535933787104975 -3.535605939730621 -3.535328555273447 -3.535101622770806 -3.534925130425036 -3.534799071741512 -3.534723438385569 -3.534698227846914 -3.534723438385569 -3.534799071741512 -3.534925130425036 -3.535101622770806 -3.535328555273447 -3.535605939730621 -3.535933787104975
-3.536009448250521 -3.535681594535081 -3.535404202889291 -3.535177265458429 -3.535000768439573 -3.534874706336658 -3.534799071741512 -3.534773860420596 -3.534799071741512 -3.534874706336658 -3.535000768439573 -3.535177265458429 -3.535404202889291 -3.535681594535081 -3.536009448250521
-3.536135553935256 -3.535807688769129 -3.535530286689172 -3.535303339823845 -3.535126836872582 -3.535000768439573 -3.534925130425036 -3.534899918261496 -3.534925130425036 -3.535000768439573 -3.535126836872582 -3.535303339823845 -3.535530286689172 -3.535807688769129 -3.536135553935256
-3.536312110149697 -3.535984227683904 -3.535706813079442 -3.535479852487067 -3.535303339823845 -3.535177265458429 -3.535101622770806 -3.535076408804321 -3.535101622770806 -3.535177265458429 -3.535303339823845 -3.535479852487067 -3.535706813079442 -3.535984227683904 -3.536312110149697
-3.536539123421417 -3.536211219685267 -3.535933787104975 -3.535706813079442 -3.535530286689172 -3.535404202889291 -3.535328555273447 -3.535303339823845 -3.535328555273447 -3.535404202889291 -3.535530286689172 -3.535706813079442 -3.535933787104975 -3.536211219685267 -3.536539123421417
-3.536816599273823 -3.536488675103936 -3.536211219685267 -3.535984227683904 -3.535807688769129 -3.535681594535081 -3.535605939730621 -3.535580721816834 -3.535605939730621 -3.535681594535081 -3.535807688769129 -3.535984227683904 -3.536211219685267 -3.536488675103936 -3.536816599273823
-3.537144549058138 -3.536816599273823 -3.536539123421417 -3.536312110149697 -3.536135553935256 -3.536009448250521 -3.535933787104975 -3.535908567087866 -3.535933787104975 -3.536009448250521 -3.536135553935256 -3.536312110149697 -3.536539123421417 -3.536816599273823 -3.537144549058138
-3.577727822075875 -3.577496083669223 -3.577299954789079 -3.577139456404814 -3.577014607907247 -3.576925421153726 -3.576871905227904 -3.576854065921178 -3.576871905227904 -3.576925421153726 -3.577014607907247 -3.577139456404814 -3.577299954789079 -3.577496083669223 -3.577727822075875
-3.577496083669223 -3.577264290556151 -3.577068116214791 -3.576907582840839 -3.576782705276375 -3.576693496501769 -3.576639967402015 -3.576622123808467 -3.576639967402015 -3.576693496501769 -3.576782705276375 -3.576907582840839 -3.577068116214791 -3.577264290556151 -3.577496083669223
-3.577299954789079 -3.577068116214791 -3.576871905227904 -3.576711338976403 -3.576586435757937 -3.576497210393601 -3.576443671387108 -3.576425824386583 -3.576443671387108 -3.576497210393601 -3.576586435757937 -3.576711338976403 -3.576871905227904 -3.577068116214791 -3.577299954789079
-3.577139456404814 -3.576907582840839 -3.576711338976403 -3.576550746528377 -3.576425824386583 -3.576336584088784 -3.576283035459149 -3.576265185319296 -3.576283035459149 -3.576336584088784 -3.576425824386583 -3.576550746528377 -3.576711338976403 -3.576907582840839 -3.577139456404814
-3.577014607907247 -3.576782705276375 -3.576586435757937 -3.576425824386583 -3.576300885346737 -3.576211633305804 -3.576158078694304 -3.576140226521856 -3.576158078694304 -3.576211633305804 -3.576300885346737 -3.576425824386583 -3.576586435757937 -3.576782705276375 -3.577014607907247
-3.576925421153726 -3.576693496501769 -3.576497210393601 -3.576336584088784 -3.576211633305804 -3.576122374004924 -3.57606881416242 -3.576050960054376 -3.57606881416242 -3.576122374004924 -3.576211633305804 -3.576336584088784 -3.576497210393601 -3.576693496501769 -3.576925421153726
-3.576871905227904 -3.576639967402015 -3.576443671387108 -3.576283035459149 -3.576158078694304 -3.57606881416242 -3.57601525116873 -3.575997396346279 -3.57601525116873 -3.57606881416242 -3.576158078694304 -3.576283035459149 -3.576443671387108 -3.576639967402015 -3.576871905227904
-3.576854065921178 -3.576622123808467 -3.576425824386583 -3.576265185319296 -3.576140226521856 -3.576050960054376 -3.575997396346279 -3.575979541114583 -3.575997396346279 -3.576050960054376 -3.576140226521856 -3.576265185319296 -3.576425824386583 -3.576622123808467 -3.576854065921178
-3.576871905227904 -3.576639967402015 -3.576443671387108 -3.576283035459149 -3.576158078694304 -3.57606881416242 -3.57601525116873 -3.575997396346279 -3.57601525116873 -3.57606881416242 -3.576158078694304 -3.576283035459149 -3.576443671387108 -3.576639967402015 -3.576871905227904
-3.576925421153726 -3.576693496501769 -3.576497210393601 -3.576336584088784 -3.576211633305804 -3.576122374004924 -3.57606881416242 -3.576050960054376 -3.57606881416242 -3.576122374004924 -3.576211633305804 -3.576336584088784 -3.576497210393601 -3.576693496501769 -3.576925421153726
-3.577014607907247 -3.576782705276375 -3.576586435757937 -3.576425824386583 -3.576300885346737 -3.576211633305804 -3.576158078694304 -3.576140226521856 -3.576158078694304 -3.576211633305804 -3.576300885346737 -3.576425824386583 -3.576586435757937 -3.576782705276375 -3.577014607907247
-3.577139456404814 -3.576907582840839 -3.576711338976403 -3.576550746528377 -3.576425824386583 -3.576336584088784 -3.576283035459149 -3.576265185319296 -3.576283035459149 -3.576336584088784 -3.576425824386583 -3.576550746528377 -3.576711338976403 -3.576907582840839 -3.577139456404814
-3.577299954789079 -3.577068116214791 -3.576871905227904 -3.576711338976403 -3.576586435757937 -3.576497210393601 -3.576443671387108 -3.576425824386583 -3.576443671387108 -3.576497210393601 -3.576586435757937 -3.576711338976403 -3.576871905227904 -3.577068116214791 -3.577299954789079
-3.577496083669223 -3.577264290556151 -3.577068116214791 -3.576907582840839 -3.576782705276375 -3.576693496501769 -3.576639967402015 -3.576622123808467 -3.576639967402015 -3.576693496501769 -3.576782705276375 -3.576907582840839 -3.577068116214791 -3.577264290556151 -3.577496083669223
-3.577727822075875 -3.577496083669223 -3.577299954789079 -3.577139456404814 -3.577014607907247 -3.576925421153726 -3.576871905227904 -3.576854065921178 -3.576871905227904 -3.576925421153726 -3.577014607907247 -3.577139456404814 -3.577299954789079 -3.577496083669223 -3.577727822075875
-3.602372731652983 -3.602225330498686 -3.60210052984842 -3.601998370075778 -3.601918880907422 -3.601862085490945 -3.601828001112648 -3.601816638450089 -3.601828001112648 -3.601862085490945 -3.601918880907422 -3.601998370075778 -3.60210052984842 -3.602225330498686 -3.602372731652983
