# Created by Octave 5.2.0, Fri Jun 26 23:14:33 2020 CEST <peter@peter-fedora>
# name: volume_constraint_init
# type: scalar
-2.2565838947514294


# name: volume_constraint_opt
# type: scalar
-25.117247602878251


# name: max_init
# type: scalar
13527965.461598199


# name: max_opt
# type: scalar
9623130.2292738408


