# Created by Octave 5.2.0, Fri Jun 26 23:02:00 2020 CEST <peter@peter-fedora>
# name: volume_constraint_init
# type: scalar
-310.94473933177812


# name: volume_constraint_opt
# type: scalar
-69.550738280198743


# name: max_init
# type: scalar
11967724.208243065


# name: max_opt
# type: scalar
9203069.2487785481


