# Created by Octave 5.2.0, Mon Jun 22 09:53:51 2020 CEST <peter@peter-fedora>
# name: volume_constraint_init
# type: scalar
-310.94473933177812


# name: volume_constraint_opt
# type: scalar
-69.550738280198743


# name: obj_init
# type: scalar
7298606.2511009006


# name: obj_opt
# type: scalar
6403036.8180349311


# name: max_init
# type: scalar
8496415.2406136151


# name: max_opt
# type: scalar
6446349.3322812086


