# Created by Octave 5.2.0, Thu Jun 18 10:53:11 2020 CEST <peter@peter-fedora>
# name: volume_constraint_init
# type: scalar
-2.2565838947514294


# name: volume_constraint_opt
# type: scalar
-25.117247602878251


# name: obj_init
# type: scalar
7963858.1365764784


# name: obj_opt
# type: scalar
6362154.4063168159


# name: max_init
# type: scalar
9816166.2954404894


# name: max_opt
# type: scalar
7089460.2295412207


