# Created by Octave 4.4.1, Thu Jun 18 05:09:11 2020 CEST <peter@peter-debian>
# name: x_opt
# type: matrix
# rows: 10
# columns: 1
 0.0013116044290798002
 5.7250293278904625e-06
 0.0058197937030931525
 -0.0072070142851467754
 0.0076977252496878684
 0.015132822005121659
 -0.0081541291116126995
 -0.0068922873415981876
 -0.010144442208972064
 -0.0032385345601249394


# name: obj_opt
# type: scalar
6362154.4063169667


