# Created by Octave 4.4.1, Fri Apr 17 10:13:28 2020 CEST <peter@peter-ubuntu>
# name: volume_constraint_init
# type: scalar
2.4451241522158398


# name: volume_constraint_opt
# type: scalar
-12.872086198881789


# name: obj_init
# type: scalar
7949656.1259538298


# name: obj_opt
# type: scalar
6751545.5518222935


# name: max_init
# type: scalar
9295213.7254208233


# name: max_opt
# type: scalar
8490387.1698728837

