# Created by Octave 5.2.0, Thu Jun 18 20:39:44 2020 CEST <peter@peter-fedora>
# name: volume_constraint_init
# type: scalar
-4.7264719004525659


# name: volume_constraint_opt
# type: scalar
-21.635299986518021


# name: obj_init
# type: scalar
8137912.9397868989


# name: obj_opt
# type: scalar
6712297.7600435968


# name: max_init
# type: scalar
10403940.660485132


# name: max_opt
# type: scalar
7676444.1217294754


