# Created by Octave 4.4.1, Thu Jun 18 20:10:11 2020 CEST <peter@peter-debian>
# name: x_opt
# type: matrix
# rows: 12
# columns: 1
 0.00010692578462506358
 4.2565544571617371e-20
 0.0082030146461170399
 -0.0039396872616047031
 0.020274738800042352
 0.0092686285966022026
 0.00028201475685855811
 0.0047662982636258126
 -0.0074066013035478757
 -0.00236082637236355
 -0.0073907586887010336
 -0.0050168023577518246


# name: obj_opt
# type: scalar
6712297.7600436257


