# Created by Octave 5.2.0, Mon Jun 22 04:11:10 2020 CEST <peter@peter-fedora>
# name: x_opt
# type: matrix
# rows: 10
# columns: 1
 -0.0029158173432322562
 8.1775997028581158e-06
 -0.0066808995400015865
 0.0032650676287237783
 0.00023922351119702064
 0.025275368808726845
 -0.0031094612998765914
 0.0073047281058554511
 -0.0081572823063877607
 0.0025031290027705032


# name: obj_opt
# type: scalar
6446349.3322812086


