63 -0.0015 -0.001451612903225806 -0.001403225806451613 -0.001354838709677419 -0.001306451612903226 -0.001258064516129032 -0.001209677419354839 -0.001161290322580645 -0.001112903225806452 -0.001064516129032258 -0.001016129032258064 -0.000967741935483871 -0.0009193548387096774 -0.0008709677419354838 -0.0008225806451612903 -0.0007741935483870968 -0.0007258064516129032 -0.0006774193548387097 -0.0006290322580645161 -0.0005806451612903225 -0.0005322580645161291 -0.0004838709677419355 -0.0004354838709677419 -0.0003870967741935484 -0.0003387096774193548 -0.0002903225806451613 -0.0002419354838709677 -0.0001935483870967742 -0.0001451612903225806 -9.677419354838709e-05 -4.838709677419355e-05 0 4.838709677419355e-05 9.677419354838709e-05 0.0001451612903225806 0.0001935483870967742 0.0002419354838709677 0.0002903225806451613 0.0003387096774193548 0.0003870967741935484 0.0004354838709677419 0.0004838709677419355 0.0005322580645161291 0.0005806451612903225 0.0006290322580645161 0.0006774193548387097 0.0007258064516129032 0.0007741935483870968 0.0008225806451612903 0.0008709677419354838 0.0009193548387096774 0.000967741935483871 0.001016129032258064 0.001064516129032258 0.001112903225806452 0.001161290322580645 0.001209677419354839 0.001258064516129032 0.001306451612903226 0.001354838709677419 0.001403225806451613 0.001451612903225806 0.0015
63 -0.0015 -0.001451612903225806 -0.001403225806451613 -0.001354838709677419 -0.001306451612903226 -0.001258064516129032 -0.001209677419354839 -0.001161290322580645 -0.001112903225806452 -0.001064516129032258 -0.001016129032258064 -0.000967741935483871 -0.0009193548387096774 -0.0008709677419354838 -0.0008225806451612903 -0.0007741935483870968 -0.0007258064516129032 -0.0006774193548387097 -0.0006290322580645161 -0.0005806451612903225 -0.0005322580645161291 -0.0004838709677419355 -0.0004354838709677419 -0.0003870967741935484 -0.0003387096774193548 -0.0002903225806451613 -0.0002419354838709677 -0.0001935483870967742 -0.0001451612903225806 -9.677419354838709e-05 -4.838709677419355e-05 0 4.838709677419355e-05 9.677419354838709e-05 0.0001451612903225806 0.0001935483870967742 0.0002419354838709677 0.0002903225806451613 0.0003387096774193548 0.0003870967741935484 0.0004354838709677419 0.0004838709677419355 0.0005322580645161291 0.0005806451612903225 0.0006290322580645161 0.0006774193548387097 0.0007258064516129032 0.0007741935483870968 0.0008225806451612903 0.0008709677419354838 0.0009193548387096774 0.000967741935483871 0.001016129032258064 0.001064516129032258 0.001112903225806452 0.001161290322580645 0.001209677419354839 0.001258064516129032 0.001306451612903226 0.001354838709677419 0.001403225806451613 0.001451612903225806 0.0015
32 0.307 0.3115161290322581 0.3160322580645161 0.3205483870967742 0.3250645161290323 0.3295806451612903 0.3340967741935484 0.3386129032258064 0.3431290322580645 0.3476451612903226 0.3521612903225806 0.3566774193548387 0.3611935483870968 0.3657096774193548 0.3702258064516129 0.374741935483871 0.379258064516129 0.3837741935483871 0.3882903225806452 0.3928064516129032 0.3973225806451613 0.4018387096774194 0.4063548387096774 0.4108709677419355 0.4153870967741936 0.4199032258064516 0.4244193548387097 0.4289354838709677 0.4334516129032258 0.4379677419354839 0.4424838709677419 0.447
-2.570167475890409 -2.571279797801008 -2.572351178765813 -2.57338208143678 -2.574372954669976 -2.575324232852326 -2.576236335232379 -2.577109665261927 -2.577944609873865 -2.57874152926328 -2.579500749694448 -2.580222582337057 -2.580907325143978 -2.581555262401955 -2.582166664318261 -2.582741786650669 -2.583280870387484 -2.583784141484721 -2.584251810665208 -2.584684073284034 -2.585081109262618 -2.585443083090627 -2.585770143893785 -2.586062425115275 -2.586320044092886 -2.586543104185328 -2.586731695133667 -2.586885892976783 -2.587005759990507 -2.587091344645368 -2.587142681579197 -2.587159791580316 -2.587142681579197 -2.587091344645368 -2.587005759990507 -2.586885892976783 -2.586731695133667 -2.586543104185328 -2.586320044092886 -2.586062425115275 -2.585770143893785 -2.585443083090627 -2.585081109262618 -2.584684073284034 -2.584251810665208 -2.583784141484721 -2.583280870387484 -2.582741786650669 -2.582166664318261 -2.581555262401955 -2.580907325143978 -2.580222582337057 -2.579500749694448 -2.57874152926328 -2.577944609873865 -2.577109665261927 -2.576236335232379 -2.575324232852326 -2.574372954669976 -2.57338208143678 -2.572351178765813 -2.571279797801008 -2.570167475890409
-2.571279797801008 -2.572387419898481 -2.573454272441657 -2.574480821658307 -2.575467519722939 -2.576414804032494 -2.577323096481794 -2.578192801836804 -2.579024290241953 -2.579817901225107 -2.580573961140134 -2.581292783319324 -2.581974667562704 -2.582619899658152 -2.58322875094141 -2.583801477904381 -2.584338321860799 -2.584839508677215 -2.585305248576609 -2.58573573601934 -2.586131148842394 -2.586491646070741 -2.586817372143261 -2.587108458111666 -2.587365021482479 -2.587587166095808 -2.587774982037583 -2.587928545580489 -2.588047919149064 -2.588133151300563 -2.588184276718732 -2.588201316212714 -2.588184276718732 -2.588133151300563 -2.588047919149064 -2.587928545580489 -2.587774982037583 -2.587587166095808 -2.587365021482479 -2.587108458111666 -2.586817372143261 -2.586491646070741 -2.586131148842394 -2.58573573601934 -2.585305248576609 -2.584839508677215 -2.584338321860799 -2.583801477904381 -2.58322875094141 -2.582619899658152 -2.581974667562704 -2.581292783319324 -2.580573961140134 -2.579817901225107 -2.579024290241953 -2.578192801836804 -2.577323096481794 -2.576414804032494 -2.575467519722939 -2.574480821658307 -2.573454272441657 -2.572387419898481 -2.571279797801008
-2.572351178765813 -2.573454272441657 -2.574516767366064 -2.575539133517439 -2.576521826558593 -2.577465287055 -2.578369937223192 -2.579236158476429 -2.580064304744648 -2.580854717589882 -2.581607725815414 -2.582323644892511 -2.583002776410938 -2.58364540756197 -2.584251810665208 -2.58482224274968 -2.585356945200058 -2.58585614346255 -2.586320044092886 -2.586748832843501 -2.587142681579134 -2.587501748975388 -2.587826180290166 -2.588116107182387 -2.588371647575948 -2.588592905565779 -2.588779971362521 -2.588932921266958 -2.589051817668623 -2.589136709059555 -2.589187630055068 -2.589204601414269 -2.589187630055068 -2.589136709059555 -2.589051817668623 -2.588932921266958 -2.588779971362521 -2.588592905565779 -2.588371647575948 -2.588116107182387 -2.587826180290166 -2.587501748975388 -2.587142681579134 -2.586748832843501 -2.586320044092886 -2.58585614346255 -2.585356945200058 -2.58482224274968 -2.584251810665208 -2.58364540756197 -2.583002776410938 -2.582323644892511 -2.581607725815414 -2.580854717589882 -2.580064304744648 -2.579236158476429 -2.578369937223192 -2.577465287055 -2.576521826558593 -2.575539133517439 -2.574516767366064 -2.573454272441657 -2.572351178765813
-2.57338208143678 -2.574480821658307 -2.575539133517439 -2.576557490952657 -2.577536353322293 -2.578476160611648 -2.579377307539973 -2.580240162714696 -2.5810650828827 -2.581852412372069 -2.582602482459006 -2.58331561074773 -2.583992100574359 -2.584632240445131 -2.585236303522662 -2.585804547170278 -2.586337209476764 -2.586834504083003 -2.587296630001336 -2.587723773380195 -2.588116107182387 -2.588473790915145 -2.588796970414502 -2.589085777685282 -2.589340330794252 -2.58956073381314 -2.589747076803907 -2.589899435839082 -2.590017873044641 -2.590102436656494 -2.590153161077796 -2.590170066928429 -2.590153161077796 -2.590102436656494 -2.590017873044641 -2.589899435839082 -2.589747076803907 -2.58956073381314 -2.589340330794252 -2.589085777685282 -2.588796970414502 -2.588473790915145 -2.588116107182387 -2.587723773380195 -2.587296630001336 -2.586834504083003 -2.586337209476764 -2.585804547170278 -2.585236303522662 -2.584632240445131 -2.583992100574359 -2.58331561074773 -2.582602482459006 -2.581852412372069 -2.5810650828827 -2.580240162714696 -2.579377307539973 -2.578476160611648 -2.577536353322293 -2.576557490952657 -2.575539133517439 -2.574480821658307 -2.57338208143678
-2.574372954669976 -2.575467519722939 -2.576521826558593 -2.577536353322293 -2.578511558766611 -2.579447853145296 -2.580345619694267 -2.581205230256182 -2.582027044679039 -2.582811410128756 -2.583558660402637 -2.584269115255169 -2.584943079745876 -2.585580843624334 -2.586182679549243 -2.586748832843501 -2.587279529242357 -2.587774982037583 -2.588235391732726 -2.588660945662837 -2.589051817668623 -2.589408167832531 -2.589730142279576 -2.590017873044681 -2.590271478003167 -2.590491060861213 -2.590676711195355 -2.590828504530817 -2.590946502444459 -2.591030752676807 -2.591081289238692 -2.591098132498349 -2.591081289238692 -2.591030752676807 -2.590946502444459 -2.590828504530817 -2.590676711195355 -2.590491060861213 -2.590271478003167 -2.590017873044681 -2.589730142279576 -2.589408167832531 -2.589051817668623 -2.588660945662837 -2.588235391732726 -2.587774982037583 -2.587279529242357 -2.586748832843501 -2.586182679549243 -2.585580843624334 -2.584943079745876 -2.584269115255169 -2.583558660402637 -2.582811410128756 -2.582027044679039 -2.581205230256182 -2.580345619694267 -2.579447853145296 -2.578511558766611 -2.577536353322293 -2.576521826558593 -2.575467519722939 -2.574372954669976
-2.575324232852326 -2.576414804032494 -2.577465287055 -2.578476160611648 -2.579447853145296 -2.580380762388772 -2.581275275108929 -2.582131766588913 -2.58295059989519 -2.583732125133579 -2.584476678702253 -2.585184582553836 -2.585856143462568 -2.586491646070812 -2.587091344645368 -2.587655478985897 -2.588184276718732 -2.588677952799176 -2.589136709059555 -2.58956073381314 -2.589950201523157 -2.590305272545842 -2.590626092951242 -2.590912794423791 -2.591165494241467 -2.591384295325787 -2.591569286351393 -2.591720541900809 -2.591838122644872 -2.59192207552911 -2.591972433944961 -2.591989217867524 -2.591972433944961 -2.59192207552911 -2.591838122644872 -2.591720541900809 -2.591569286351393 -2.591384295325787 -2.591165494241467 -2.590912794423791 -2.590626092951242 -2.590305272545842 -2.589950201523157 -2.58956073381314 -2.589136709059555 -2.588677952799176 -2.588184276718732 -2.587655478985897 -2.587091344645368 -2.586491646070812 -2.585856143462568 -2.585184582553836 -2.584476678702253 -2.583732125133579 -2.58295059989519 -2.582131766588913 -2.581275275108929 -2.580380762388772 -2.579447853145296 -2.578476160611648 -2.577465287055 -2.576414804032494 -2.575324232852326
-2.576236335232379 -2.577323096481794 -2.578369937223192 -2.579377307539973 -2.580345619694267 -2.581275275108929 -2.582166664318261 -2.583020166202578 -2.583836147198766 -2.584614960491879 -2.585356945200058 -2.586062425115275 -2.586731695133667 -2.587365021482479 -2.587962658094987 -2.588524846983876 -2.589051817668623 -2.589543786641043 -2.590000956884131 -2.590423517455452 -2.590811643148436 -2.591165494241467 -2.59148521634209 -2.591770940329355 -2.592022782391775 -2.592240844119154 -2.592425212164637 -2.592575959191691 -2.592693144826036 -2.592776815564621 -2.592827004681487 -2.592843732164841 -2.592827004681487 -2.592776815564621 -2.592693144826036 -2.592575959191691 -2.592425212164637 -2.592240844119154 -2.592022782391775 -2.591770940329355 -2.59148521634209 -2.591165494241467 -2.590811643148436 -2.590423517455452 -2.590000956884131 -2.589543786641043 -2.589051817668623 -2.588524846983876 -2.587962658094987 -2.587365021482479 -2.586731695133667 -2.586062425115275 -2.585356945200058 -2.584614960491879 -2.583836147198766 -2.583020166202578 -2.582166664318261 -2.581275275108929 -2.580345619694267 -2.579377307539973 -2.578369937223192 -2.577323096481794 -2.576236335232379
-2.577109665261927 -2.578192801836804 -2.579236158476429 -2.580240162714696 -2.581205230256182 -2.582131766588913 -2.583020166202578 -2.58387081176801 -2.584684073284034 -2.585460307199494 -2.586199854148518 -2.586903020299394 -2.587570084983479 -2.588201316212714 -2.588796970414502 -2.589357291781559 -2.589882511649636 -2.59037284791819 -2.590828504530817 -2.591249671031402 -2.591636522212126 -2.591989217867524 -2.592307902514804 -2.592592703322969 -2.592843732164889 -2.593061088241532 -2.593244857919285 -2.593395114534628 -2.593511918247512 -2.593595315936545 -2.593645341128481 -2.593662013954849 -2.593645341128481 -2.593595315936545 -2.593511918247512 -2.593395114534628 -2.593244857919285 -2.593061088241532 -2.592843732164889 -2.592592703322969 -2.592307902514804 -2.591989217867524 -2.591636522212126 -2.591249671031402 -2.590828504530817 -2.59037284791819 -2.589882511649636 -2.589357291781559 -2.588796970414502 -2.588201316212714 -2.587570084983479 -2.586903020299394 -2.586199854148518 -2.585460307199494 -2.584684073284034 -2.58387081176801 -2.583020166202578 -2.582131766588913 -2.581205230256182 -2.580240162714696 -2.579236158476429 -2.578192801836804 -2.577109665261927
-2.577944609873865 -2.579024290241953 -2.580064304744648 -2.5810650828827 -2.582027044679039 -2.58295059989519 -2.583836147198766 -2.584684073284034 -2.585494751950846 -2.586268541028328 -2.587005759990519 -2.587706701515641 -2.588371647575938 -2.589000868991186 -2.58959462470588 -2.590153161077796 -2.590676711195355 -2.591165494241467 -2.591619714924104 -2.592039562994487 -2.592425212164637 -2.592776815564621 -2.593094510940892 -2.593378423820963 -2.593628667183293 -2.59384534116645 -2.594028532843891 -2.594178316058664 -2.594294751312638 -2.594377885699442 -2.594427752869551 -2.594444373015842 -2.594427752869551 -2.594377885699442 -2.594294751312638 -2.594178316058664 -2.594028532843891 -2.59384534116645 -2.593628667183293 -2.593378423820963 -2.593094510940892 -2.592776815564621 -2.592425212164637 -2.592039562994487 -2.591619714924104 -2.591165494241467 -2.590676711195355 -2.590153161077796 -2.58959462470588 -2.589000868991186 -2.588371647575938 -2.587706701515641 -2.587005759990519 -2.586268541028328 -2.585494751950846 -2.584684073284034 -2.583836147198766 -2.58295059989519 -2.582027044679039 -2.5810650828827 -2.580064304744648 -2.579024290241953 -2.577944609873865
-2.57874152926328 -2.579817901225107 -2.580854717589882 -2.581852412372069 -2.582811410128756 -2.583732125133579 -2.584614960491879 -2.585460307199494 -2.586268541028328 -2.587039997316944 -2.587774982037583 -2.588473790915145 -2.589136709059555 -2.589764010179271 -2.590355955788658 -2.590912794423791 -2.591434760885036 -2.59192207552911 -2.592374943233952 -2.592793546381186 -2.593178048189051 -2.59352860002161 -2.59384534116645 -2.594128398412133 -2.594377885699442 -2.594593903849721 -2.594776540372308 -2.594925869344343 -2.595041951352189 -2.595124833480486 -2.595174549328944 -2.595191119041258 -2.595174549328944 -2.595124833480486 -2.595041951352189 -2.594925869344343 -2.594776540372308 -2.594593903849721 -2.594377885699442 -2.594128398412133 -2.59384534116645 -2.59352860002161 -2.593178048189051 -2.592793546381186 -2.592374943233952 -2.59192207552911 -2.591434760885036 -2.590912794423791 -2.590355955788658 -2.589764010179271 -2.589136709059555 -2.588473790915145 -2.587774982037583 -2.587039997316944 -2.586268541028328 -2.585460307199494 -2.584614960491879 -2.583732125133579 -2.582811410128756 -2.581852412372069 -2.580854717589882 -2.579817901225107 -2.57874152926328
-2.579500749694448 -2.580573961140134 -2.581607725815414 -2.582602482459006 -2.583558660402637 -2.584476678702253 -2.585356945200058 -2.586199854148518 -2.587005759990519 -2.587774982037583 -2.588507829449859 -2.589204601414269 -2.58986558631243 -2.590491060861213 -2.591081289238692 -2.591636522212126 -2.592156996288899 -2.592642929065295 -2.59309451094092 -2.593511918247512 -2.59389531597945 -2.59424485721942 -2.594560682628187 -2.59484292001308 -2.595091683987042 -2.595307075725107 -2.595489182818868 -2.5956380792199 -2.595753825257166 -2.595836467705702 -2.595886039879896 -2.595902561724512 -2.595886039879896 -2.595836467705702 -2.595753825257166 -2.5956380792199 -2.595489182818868 -2.595307075725107 -2.595091683987042 -2.59484292001308 -2.594560682628187 -2.59424485721942 -2.59389531597945 -2.593511918247512 -2.59309451094092 -2.592642929065295 -2.592156996288899 -2.591636522212126 -2.591081289238692 -2.590491060861213 -2.58986558631243 -2.589204601414269 -2.588507829449859 -2.587774982037583 -2.587005759990519 -2.586199854148518 -2.585356945200058 -2.584476678702253 -2.583558660402637 -2.582602482459006 -2.581607725815414 -2.580573961140134 -2.579500749694448
-2.580222582337057 -2.581292783319324 -2.582323644892511 -2.58331561074773 -2.584269115255169 -2.585184582553836 -2.586062425115275 -2.586903020299394 -2.587706701515641 -2.588473790915145 -2.589204601414269 -2.589899435839082 -2.590558586021162 -2.591182331855031 -2.591770940329355 -2.59232466435235 -2.592843732164889 -2.593328344979837 -2.593778692400968 -2.594194953031189 -2.594577293799819 -2.594925869344343 -2.595240821469142 -2.595522278702064 -2.595770355964484 -2.595985154365385 -2.596166761120116 -2.596315249583108 -2.596430679372059 -2.596513096550692 -2.596562533831759 -2.596579010758952 -2.596562533831759 -2.596513096550692 -2.596430679372059 -2.596315249583108 -2.596166761120116 -2.595985154365385 -2.595770355964484 -2.595522278702064 -2.595240821469142 -2.594925869344343 -2.594577293799819 -2.594194953031189 -2.593778692400968 -2.593328344979837 -2.592843732164889 -2.59232466435235 -2.591770940329355 -2.591182331855031 -2.590558586021162 -2.589899435839082 -2.589204601414269 -2.588473790915145 -2.587706701515641 -2.586903020299394 -2.586062425115275 -2.585184582553836 -2.584269115255169 -2.58331561074773 -2.582323644892511 -2.581292783319324 -2.580222582337057
-2.580907325143978 -2.581974667562704 -2.583002776410938 -2.583992100574359 -2.584943079745876 -2.585856143462568 -2.586731695133667 -2.587570084983479 -2.588371647575938 -2.589136709059555 -2.58986558631243 -2.590558586021162 -2.591216003698126 -2.591838122644872 -2.592425212164637 -2.592977512004921 -2.593495235355437 -2.593978584925323 -2.594427752869539 -2.594842920013122 -2.595224255111227 -2.595571914173255 -2.595886039879884 -2.596166761120116 -2.596414192673363 -2.596628435051616 -2.596809574503838 -2.596957683170291 -2.597072819311924 -2.597155027557738 -2.597204339729603 -2.597220774987575 -2.597204339729603 -2.597155027557738 -2.597072819311924 -2.596957683170291 -2.596809574503838 -2.596628435051616 -2.596414192673363 -2.596166761120116 -2.595886039879884 -2.595571914173255 -2.595224255111227 -2.594842920013122 -2.594427752869539 -2.593978584925323 -2.593495235355437 -2.592977512004921 -2.592425212164637 -2.591838122644872 -2.591216003698126 -2.590558586021162 -2.58986558631243 -2.589136709059555 -2.588371647575938 -2.587570084983479 -2.586731695133667 -2.585856143462568 -2.584943079745876 -2.583992100574359 -2.583002776410938 -2.581974667562704 -2.580907325143978
-2.581555262401955 -2.582619899658152 -2.58364540756197 -2.584632240445131 -2.585580843624334 -2.586491646070812 -2.587365021482479 -2.588201316212714 -2.589000868991186 -2.589764010179271 -2.590491060861213 -2.591182331855031 -2.591838122644872 -2.592458719253756 -2.593044375221053 -2.593595315936545 -2.594111756953852 -2.594593903849713 -2.595041951352189 -2.595456082477798 -2.595836467705702 -2.596183264224298 -2.596496615287906 -2.596776649722827 -2.597023481613491 -2.597237209178343 -2.597417914681538 -2.597565668033317 -2.597680526932363 -2.597762536553472 -2.597811729316901 -2.597828124733644 -2.597811729316901 -2.597762536553472 -2.597680526932363 -2.597565668033317 -2.597417914681538 -2.597237209178343 -2.597023481613491 -2.596776649722827 -2.596496615287906 -2.596183264224298 -2.595836467705702 -2.595456082477798 -2.595041951352189 -2.594593903849713 -2.594111756953852 -2.593595315936545 -2.593044375221053 -2.592458719253756 -2.591838122644872 -2.591182331855031 -2.590491060861213 -2.589764010179271 -2.589000868991186 -2.588201316212714 -2.587365021482479 -2.586491646070812 -2.585580843624334 -2.584632240445131 -2.58364540756197 -2.582619899658152 -2.581555262401955
-2.582166664318261 -2.58322875094141 -2.584251810665208 -2.585236303522662 -2.586182679549243 -2.587091344645368 -2.587962658094987 -2.588796970414502 -2.58959462470588 -2.590355955788658 -2.591081289238692 -2.591770940329355 -2.592425212164637 -2.593044375221053 -2.593628667183293 -2.594178316058664 -2.594693540593704 -2.595174549328944 -2.595621539626807 -2.596034696699955 -2.596414192673363 -2.596760185725105 -2.597072819311924 -2.597352218584515 -2.597598490261567 -2.597811729316899 -2.597992019078726 -2.598139430742414 -2.598254022985877 -2.598335841685531 -2.59838491972384 -2.59840127687117 -2.59838491972384 -2.598335841685531 -2.598254022985877 -2.598139430742414 -2.597992019078726 -2.597811729316899 -2.597598490261567 -2.597352218584515 -2.597072819311924 -2.596760185725105 -2.596414192673363 -2.596034696699955 -2.595621539626807 -2.595174549328944 -2.594693540593704 -2.594178316058664 -2.593628667183293 -2.593044375221053 -2.592425212164637 -2.591770940329355 -2.591081289238692 -2.590355955788658 -2.58959462470588 -2.588796970414502 -2.587962658094987 -2.587091344645368 -2.586182679549243 -2.585236303522662 -2.584251810665208 -2.58322875094141 -2.582166664318261
-2.582741786650669 -2.583801477904381 -2.58482224274968 -2.585804547170278 -2.586748832843501 -2.587655478985897 -2.588524846983876 -2.589357291781559 -2.590153161077796 -2.590912794423791 -2.591636522212126 -2.59232466435235 -2.592977512004921 -2.593595315936545 -2.594178316058664 -2.594726743869279 -2.595240821469142 -2.595720760513621 -2.596166761120116 -2.596579010758952 -2.596957683170291 -2.597302935257863 -2.597614899756748 -2.597893695532914 -2.598139430742414 -2.598352202130732 -2.598532094430303 -2.598679179879836 -2.59879351787345 -2.598875154734666 -2.598924123593797 -2.598940444337158 -2.598924123593797 -2.598875154734666 -2.59879351787345 -2.598679179879836 -2.598532094430303 -2.598352202130732 -2.598139430742414 -2.597893695532914 -2.597614899756748 -2.597302935257863 -2.596957683170291 -2.596579010758952 -2.596166761120116 -2.595720760513621 -2.595240821469142 -2.594726743869279 -2.594178316058664 -2.593595315936545 -2.592977512004921 -2.59232466435235 -2.591636522212126 -2.590912794423791 -2.590153161077796 -2.589357291781559 -2.588524846983876 -2.587655478985897 -2.586748832843501 -2.585804547170278 -2.58482224274968 -2.583801477904381 -2.582741786650669
-2.583280870387484 -2.584338321860799 -2.585356945200058 -2.586337209476764 -2.587279529242357 -2.588184276718732 -2.589051817668623 -2.589882511649636 -2.590676711195355 -2.591434760885036 -2.592156996288899 -2.592843732164889 -2.593495235355437 -2.594111756953852 -2.594693540593704 -2.595240821469142 -2.595753825257166 -2.596232766952131 -2.596677849627983 -2.597089263087746 -2.597467175481681 -2.597811729316899 -2.598123056041192 -2.59840127687117 -2.598646501946022 -2.598858829571979 -2.599038345597215 -2.599185122949584 -2.599299221348529 -2.599380687179321 -2.599429553492302 -2.599445840068667 -2.599429553492302 -2.599380687179321 -2.599299221348529 -2.599185122949584 -2.599038345597215 -2.598858829571979 -2.598646501946022 -2.59840127687117 -2.598123056041192 -2.597811729316899 -2.597467175481681 -2.597089263087746 -2.596677849627983 -2.596232766952131 -2.595753825257166 -2.595240821469142 -2.594693540593704 -2.594111756953852 -2.593495235355437 -2.592843732164889 -2.592156996288899 -2.591434760885036 -2.590676711195355 -2.589882511649636 -2.589051817668623 -2.588184276718732 -2.587279529242357 -2.586337209476764 -2.585356945200058 -2.584338321860799 -2.583280870387484
-2.583784141484721 -2.584839508677215 -2.58585614346255 -2.586834504083003 -2.587774982037583 -2.588677952799176 -2.589543786641043 -2.59037284791819 -2.591165494241467 -2.59192207552911 -2.592642929065295 -2.593328344979837 -2.593978584925323 -2.594593903849713 -2.595174549328944 -2.595720760513621 -2.596232766952131 -2.596710787292116 -2.597155027557738 -2.597565668033324 -2.597942862208434 -2.598286753759135 -2.598597476770206 -2.598875154734666 -2.599119899608344 -2.599331810979965 -2.599510975416539 -2.599657466031609 -2.599771342298648 -2.599852650090224 -2.599901421879195 -2.599917677002889 -2.599901421879195 -2.599852650090224 -2.599771342298648 -2.599657466031609 -2.599510975416539 -2.599331810979965 -2.599119899608344 -2.598875154734666 -2.598597476770206 -2.598286753759135 -2.597942862208434 -2.597565668033324 -2.597155027557738 -2.596710787292116 -2.596232766952131 -2.595720760513621 -2.595174549328944 -2.594593903849713 -2.593978584925323 -2.593328344979837 -2.592642929065295 -2.59192207552911 -2.591165494241467 -2.59037284791819 -2.589543786641043 -2.588677952799176 -2.587774982037583 -2.586834504083003 -2.58585614346255 -2.584839508677215 -2.583784141484721
-2.584251810665208 -2.585305248576609 -2.586320044092886 -2.587296630001336 -2.588235391732726 -2.589136709059555 -2.590000956884131 -2.590828504530817 -2.591619714924104 -2.592374943233952 -2.59309451094092 -2.593778692400968 -2.594427752869539 -2.595041951352189 -2.595621539626807 -2.596166761120116 -2.596677849627983 -2.597155027557738 -2.597598490261547 -2.598008402521178 -2.59838491972384 -2.598728188502177 -2.599038345597237 -2.599315516714378 -2.599559815439641 -2.599771342298648 -2.599950184050168 -2.600096413293856 -2.600210088434125 -2.600291253978377 -2.600339941068577 -2.600356168076723 -2.600339941068577 -2.600291253978377 -2.600210088434125 -2.600096413293856 -2.599950184050168 -2.599771342298648 -2.599559815439641 -2.599315516714378 -2.599038345597237 -2.598728188502177 -2.59838491972384 -2.598008402521178 -2.597598490261547 -2.597155027557738 -2.596677849627983 -2.596166761120116 -2.595621539626807 -2.595041951352189 -2.594427752869539 -2.593778692400968 -2.59309451094092 -2.592374943233952 -2.591619714924104 -2.590828504530817 -2.590000956884131 -2.589136709059555 -2.588235391732726 -2.587296630001336 -2.586320044092886 -2.585305248576609 -2.584251810665208
-2.584684073284034 -2.58573573601934 -2.586748832843501 -2.587723773380195 -2.588660945662837 -2.58956073381314 -2.590423517455452 -2.591249671031402 -2.592039562994487 -2.592793546381186 -2.593511918247512 -2.594194953031189 -2.594842920013122 -2.595456082477798 -2.596034696699955 -2.596579010758952 -2.597089263087746 -2.597565668033324 -2.598008402521178 -2.598417632918536 -2.59879351787345 -2.599136207098737 -2.599445840068667 -2.599722544682098 -2.599966435976982 -2.600177615015312 -2.600356168076723 -2.600502166010563 -2.600615663391724 -2.600696702259198 -2.60074531319043 -2.600761514757935 -2.60074531319043 -2.600696702259198 -2.600615663391724 -2.600502166010563 -2.600356168076723 -2.600177615015312 -2.599966435976982 -2.599722544682098 -2.599445840068667 -2.599136207098737 -2.59879351787345 -2.598417632918536 -2.598008402521178 -2.597565668033324 -2.597089263087746 -2.596579010758952 -2.596034696699955 -2.595456082477798 -2.594842920013122 -2.594194953031189 -2.593511918247512 -2.592793546381186 -2.592039562994487 -2.591249671031402 -2.590423517455452 -2.58956073381314 -2.588660945662837 -2.587723773380195 -2.586748832843501 -2.58573573601934 -2.584684073284034
-2.585081109262618 -2.586131148842394 -2.587142681579134 -2.588116107182387 -2.589051817668623 -2.589950201523157 -2.590811643148436 -2.591636522212126 -2.592425212164637 -2.593178048189051 -2.59389531597945 -2.594577293799819 -2.595224255111227 -2.595836467705702 -2.596414192673363 -2.596957683170291 -2.597467175481681 -2.597942862208434 -2.59838491972384 -2.59879351787345 -2.599168818769101 -2.599510975416539 -2.599820130201664 -2.600096413293856 -2.600339941068577 -2.600550813849784 -2.600729110583562 -2.600874896467093 -2.60098822649719 -2.601069144515974 -2.60111768241251 -2.60113385954774 -2.60111768241251 -2.601069144515974 -2.60098822649719 -2.600874896467093 -2.600729110583562 -2.600550813849784 -2.600339941068577 -2.600096413293856 -2.599820130201664 -2.599510975416539 -2.599168818769101 -2.59879351787345 -2.59838491972384 -2.597942862208434 -2.597467175481681 -2.596957683170291 -2.596414192673363 -2.595836467705702 -2.595224255111227 -2.594577293799819 -2.59389531597945 -2.593178048189051 -2.592425212164637 -2.591636522212126 -2.590811643148436 -2.589950201523157 -2.589051817668623 -2.588116107182387 -2.587142681579134 -2.586131148842394 -2.585081109262618
-2.585443083090627 -2.586491646070741 -2.587501748975388 -2.588473790915145 -2.589408167832531 -2.590305272545842 -2.591165494241467 -2.591989217867524 -2.592776815564621 -2.59352860002161 -2.59424485721942 -2.594925869344343 -2.595571914173255 -2.596183264224298 -2.596760185725105 -2.597302935257863 -2.597811729316899 -2.598286753759135 -2.598728188502177 -2.599136207098737 -2.599510975416539 -2.599852650090224 -2.600161376752756 -2.600437288076523 -2.600680496545523 -2.600891089650756 -2.601069144515974 -2.601214728913305 -2.601327900030001 -2.60140870339667 -2.601457172062648 -2.601473326050006 -2.601457172062648 -2.60140870339667 -2.601327900030001 -2.601214728913305 -2.601069144515974 -2.600891089650756 -2.600680496545523 -2.600437288076523 -2.600161376752756 -2.599852650090224 -2.599510975416539 -2.599136207098737 -2.598728188502177 -2.598286753759135 -2.597811729316899 -2.597302935257863 -2.596760185725105 -2.596183264224298 -2.595571914173255 -2.594925869344343 -2.59424485721942 -2.59352860002161 -2.592776815564621 -2.591989217867524 -2.591165494241467 -2.590305272545842 -2.589408167832531 -2.588473790915145 -2.587501748975388 -2.586491646070741 -2.585443083090627
-2.585770143893785 -2.586817372143261 -2.587826180290166 -2.588796970414502 -2.589730142279576 -2.590626092951242 -2.59148521634209 -2.592307902514804 -2.593094510940892 -2.59384534116645 -2.594560682628187 -2.595240821469142 -2.595886039879884 -2.596496615287906 -2.597072819311924 -2.597614899756748 -2.598123056041192 -2.598597476770206 -2.599038345597237 -2.599445840068667 -2.599820130201664 -2.600161376752756 -2.60046972905862 -2.60074531319043 -2.600988226497231 -2.60119855722096 -2.601376385380888 -2.601521781289482 -2.601634804145556 -2.60171550086929 -2.601763905312338 -2.601780037860153 -2.601763905312338 -2.60171550086929 -2.601634804145556 -2.601521781289482 -2.601376385380888 -2.60119855722096 -2.600988226497231 -2.60074531319043 -2.60046972905862 -2.600161376752756 -2.599820130201664 -2.599445840068667 -2.599038345597237 -2.598597476770206 -2.598123056041192 -2.597614899756748 -2.597072819311924 -2.596496615287906 -2.595886039879884 -2.595240821469142 -2.594560682628187 -2.59384534116645 -2.593094510940892 -2.592307902514804 -2.59148521634209 -2.590626092951242 -2.589730142279576 -2.588796970414502 -2.587826180290166 -2.586817372143261 -2.585770143893785
-2.586062425115275 -2.587108458111666 -2.588116107182387 -2.589085777685282 -2.590017873044681 -2.590912794423791 -2.591770940329355 -2.592592703322969 -2.593378423820963 -2.594128398412133 -2.59484292001308 -2.595522278702064 -2.596166761120116 -2.596776649722827 -2.597352218584515 -2.597893695532914 -2.59840127687117 -2.598875154734666 -2.599315516714378 -2.599722544682098 -2.600096413293856 -2.600437288076523 -2.60074531319043 -2.601020596922101 -2.601263237419322 -2.601473326050006 -2.601650945753507 -2.601796169274893 -2.601909057493695 -2.601989658136679 -2.602038005124824 -2.602054118573483 -2.602038005124824 -2.601989658136679 -2.601909057493695 -2.601796169274893 -2.601650945753507 -2.601473326050006 -2.601263237419322 -2.601020596922101 -2.60074531319043 -2.600437288076523 -2.600096413293856 -2.599722544682098 -2.599315516714378 -2.598875154734666 -2.59840127687117 -2.597893695532914 -2.597352218584515 -2.596776649722827 -2.596166761120116 -2.595522278702064 -2.59484292001308 -2.594128398412133 -2.593378423820963 -2.592592703322969 -2.591770940329355 -2.590912794423791 -2.590017873044681 -2.589085777685282 -2.588116107182387 -2.587108458111666 -2.586062425115275
-2.586320044092886 -2.587365021482479 -2.588371647575948 -2.589340330794252 -2.590271478003167 -2.591165494241467 -2.592022782391775 -2.592843732164889 -2.593628667183293 -2.594377885699442 -2.595091683987042 -2.595770355964484 -2.596414192673363 -2.597023481613491 -2.597598490261567 -2.598139430742414 -2.598646501946022 -2.599119899608344 -2.599559815439641 -2.599966435976982 -2.600339941068577 -2.600680496545523 -2.600988226497231 -2.601263237419322 -2.601505630664775 -2.601715500869286 -2.601892933994171 -2.602038005124824 -2.602150776334 -2.602231295137468 -2.602279594109213 -2.602295691785256 -2.602279594109213 -2.602231295137468 -2.602150776334 -2.602038005124824 -2.601892933994171 -2.601715500869286 -2.601505630664775 -2.601263237419322 -2.600988226497231 -2.600680496545523 -2.600339941068577 -2.599966435976982 -2.599559815439641 -2.599119899608344 -2.598646501946022 -2.598139430742414 -2.597598490261567 -2.597023481613491 -2.596414192673363 -2.595770355964484 -2.595091683987042 -2.594377885699442 -2.593628667183293 -2.592843732164889 -2.592022782391775 -2.591165494241467 -2.590271478003167 -2.589340330794252 -2.588371647575948 -2.587365021482479 -2.586320044092886
-2.586543104185328 -2.587587166095808 -2.588592905565779 -2.58956073381314 -2.590491060861213 -2.591384295325787 -2.592240844119154 -2.593061088241532 -2.59384534116645 -2.594593903849721 -2.595307075725107 -2.595985154365385 -2.596628435051616 -2.597237209178343 -2.597811729316899 -2.598352202130732 -2.598858829571979 -2.599331810979965 -2.599771342298648 -2.600177615015312 -2.600550813849784 -2.600891089650756 -2.60119855722096 -2.601473326050006 -2.601715500869286 -2.601925179867047 -2.602102452335927 -2.602247395798486 -2.602360072988229 -2.602440529577341 -2.602488793527503 -2.602504879805815 -2.602488793527503 -2.602440529577341 -2.602360072988229 -2.602247395798486 -2.602102452335927 -2.601925179867047 -2.601715500869286 -2.601473326050006 -2.60119855722096 -2.600891089650756 -2.600550813849784 -2.600177615015312 -2.599771342298648 -2.599331810979965 -2.598858829571979 -2.598352202130732 -2.597811729316899 -2.597237209178343 -2.596628435051616 -2.595985154365385 -2.595307075725107 -2.594593903849721 -2.59384534116645 -2.593061088241532 -2.592240844119154 -2.591384295325787 -2.590491060861213 -2.58956073381314 -2.588592905565779 -2.587587166095808 -2.586543104185328
-2.586731695133667 -2.587774982037583 -2.588779971362521 -2.589747076803907 -2.590676711195355 -2.591569286351393 -2.592425212164637 -2.593244857919285 -2.594028532843891 -2.594776540372308 -2.595489182818868 -2.596166761120116 -2.596809574503838 -2.597417914681538 -2.597992019078726 -2.598532094430303 -2.599038345597215 -2.599510975416539 -2.599950184050168 -2.600356168076723 -2.600729110583562 -2.601069144515974 -2.601376385380888 -2.601650945753507 -2.601892933994171 -2.602102452335927 -2.602279594109213 -2.602424439922578 -2.602537049740087 -2.60261745871862 -2.602665692693014 -2.602681768690879 -2.602665692693014 -2.60261745871862 -2.602537049740087 -2.602424439922578 -2.602279594109213 -2.602102452335927 -2.601892933994171 -2.601650945753507 -2.601376385380888 -2.601069144515974 -2.600729110583562 -2.600356168076723 -2.599950184050168 -2.599510975416539 -2.599038345597215 -2.598532094430303 -2.597992019078726 -2.597417914681538 -2.596809574503838 -2.596166761120116 -2.595489182818868 -2.594776540372308 -2.594028532843891 -2.593244857919285 -2.592425212164637 -2.591569286351393 -2.590676711195355 -2.589747076803907 -2.588779971362521 -2.587774982037583 -2.586731695133667
-2.586885892976783 -2.587928545580489 -2.588932921266958 -2.589899435839082 -2.590828504530817 -2.591720541900809 -2.592575959191691 -2.593395114534628 -2.594178316058664 -2.594925869344343 -2.5956380792199 -2.596315249583108 -2.596957683170291 -2.597565668033317 -2.598139430742414 -2.598679179879836 -2.599185122949584 -2.599657466031609 -2.600096413293856 -2.600502166010563 -2.600874896467093 -2.601214728913305 -2.601521781289482 -2.601796169274893 -2.602038005124824 -2.602247395798486 -2.602424439922578 -2.602569216100316 -2.602681768690879 -2.602762132915728 -2.602810338070519 -2.602826404076898 -2.602810338070519 -2.602762132915728 -2.602681768690879 -2.602569216100316 -2.602424439922578 -2.602247395798486 -2.602038005124824 -2.601796169274893 -2.601521781289482 -2.601214728913305 -2.600874896467093 -2.600502166010563 -2.600096413293856 -2.599657466031609 -2.599185122949584 -2.598679179879836 -2.598139430742414 -2.597565668033317 -2.596957683170291 -2.596315249583108 -2.5956380792199 -2.594925869344343 -2.594178316058664 -2.593395114534628 -2.592575959191691 -2.591720541900809 -2.590828504530817 -2.589899435839082 -2.588932921266958 -2.587928545580489 -2.586885892976783
-2.587005759990507 -2.588047919149064 -2.589051817668623 -2.590017873044641 -2.590946502444459 -2.591838122644872 -2.592693144826036 -2.593511918247512 -2.594294751312638 -2.595041951352189 -2.595753825257166 -2.596430679372059 -2.597072819311924 -2.597680526932363 -2.598254022985877 -2.59879351787345 -2.599299221348529 -2.599771342298648 -2.600210088434125 -2.600615663391724 -2.60098822649719 -2.601327900030001 -2.601634804145556 -2.601909057493695 -2.602150776334 -2.602360072988229 -2.602537049740087 -2.602681768690879 -2.602794270856525 -2.602874594538767 -2.602922772906656 -2.602938829478806 -2.602922772906656 -2.602874594538767 -2.602794270856525 -2.602681768690879 -2.602537049740087 -2.602360072988229 -2.602150776334 -2.601909057493695 -2.601634804145556 -2.601327900030001 -2.60098822649719 -2.600615663391724 -2.600210088434125 -2.599771342298648 -2.599299221348529 -2.59879351787345 -2.598254022985877 -2.597680526932363 -2.597072819311924 -2.596430679372059 -2.595753825257166 -2.595041951352189 -2.594294751312638 -2.593511918247512 -2.592693144826036 -2.591838122644872 -2.590946502444459 -2.590017873044641 -2.589051817668623 -2.588047919149064 -2.587005759990507
-2.587091344645368 -2.588133151300563 -2.589136709059555 -2.590102436656494 -2.591030752676807 -2.59192207552911 -2.592776815564621 -2.593595315936545 -2.594377885699442 -2.595124833480486 -2.595836467705702 -2.596513096550692 -2.597155027557738 -2.597762536553472 -2.598335841685531 -2.598875154734666 -2.599380687179321 -2.599852650090224 -2.600291253978377 -2.600696702259198 -2.601069144515974 -2.60140870339667 -2.60171550086929 -2.601989658136679 -2.602231295137468 -2.602440529577341 -2.60261745871862 -2.602762132915728 -2.602874594538767 -2.602954884527554 -2.603003039989389 -2.60301908841173 -2.603003039989389 -2.602954884527554 -2.602874594538767 -2.602762132915728 -2.60261745871862 -2.602440529577341 -2.602231295137468 -2.601989658136679 -2.60171550086929 -2.60140870339667 -2.601069144515974 -2.600696702259198 -2.600291253978377 -2.599852650090224 -2.599380687179321 -2.598875154734666 -2.598335841685531 -2.597762536553472 -2.597155027557738 -2.596513096550692 -2.595836467705702 -2.595124833480486 -2.594377885699442 -2.593595315936545 -2.592776815564621 -2.59192207552911 -2.591030752676807 -2.590102436656494 -2.589136709059555 -2.588133151300563 -2.587091344645368
