15 -0.0015 -0.001285714285714286 -0.001071428571428571 -0.0008571428571428572 -0.0006428571428571429 -0.0004285714285714286 -0.0002142857142857143 0 0.0002142857142857143 0.0004285714285714286 0.0006428571428571429 0.0008571428571428572 0.001071428571428571 0.001285714285714286 0.0015
15 -0.0015 -0.001285714285714286 -0.001071428571428571 -0.0008571428571428572 -0.0006428571428571429 -0.0004285714285714286 -0.0002142857142857143 0 0.0002142857142857143 0.0004285714285714286 0.0006428571428571429 0.0008571428571428572 0.001071428571428571 0.001285714285714286 0.0015
256 0.307 0.3075490196078431 0.3080980392156863 0.3086470588235294 0.3091960784313725 0.3097450980392157 0.3102941176470588 0.310843137254902 0.3113921568627451 0.3119411764705882 0.3124901960784314 0.3130392156862745 0.3135882352941177 0.3141372549019608 0.3146862745098039 0.3152352941176471 0.3157843137254902 0.3163333333333334 0.3168823529411764 0.3174313725490196 0.3179803921568627 0.3185294117647059 0.319078431372549 0.3196274509803921 0.3201764705882353 0.3207254901960784 0.3212745098039216 0.3218235294117647 0.3223725490196078 0.322921568627451 0.3234705882352941 0.3240196078431373 0.3245686274509804 0.3251176470588235 0.3256666666666667 0.3262156862745098 0.326764705882353 0.3273137254901961 0.3278627450980392 0.3284117647058823 0.3289607843137255 0.3295098039215686 0.3300588235294117 0.3306078431372549 0.331156862745098 0.3317058823529412 0.3322549019607843 0.3328039215686274 0.3333529411764706 0.3339019607843137 0.3344509803921569 0.335 0.3355490196078431 0.3360980392156863 0.3366470588235294 0.3371960784313726 0.3377450980392157 0.3382941176470588 0.3388431372549019 0.3393921568627451 0.3399411764705882 0.3404901960784314 0.3410392156862745 0.3415882352941176 0.3421372549019608 0.3426862745098039 0.3432352941176471 0.3437843137254902 0.3443333333333333 0.3448823529411765 0.3454313725490196 0.3459803921568628 0.3465294117647059 0.347078431372549 0.3476274509803922 0.3481764705882353 0.3487254901960785 0.3492745098039216 0.3498235294117647 0.3503725490196078 0.350921568627451 0.3514705882352941 0.3520196078431372 0.3525686274509804 0.3531176470588235 0.3536666666666667 0.3542156862745098 0.3547647058823529 0.3553137254901961 0.3558627450980392 0.3564117647058824 0.3569607843137255 0.3575098039215686 0.3580588235294118 0.3586078431372549 0.3591568627450981 0.3597058823529412 0.3602549019607843 0.3608039215686275 0.3613529411764706 0.3619019607843137 0.3624509803921568 0.363 0.3635490196078431 0.3640980392156863 0.3646470588235294 0.3651960784313726 0.3657450980392157 0.3662941176470588 0.366843137254902 0.3673921568627451 0.3679411764705882 0.3684901960784314 0.3690392156862745 0.3695882352941177 0.3701372549019608 0.370686274509804 0.3712352941176471 0.3717843137254902 0.3723333333333333 0.3728823529411764 0.3734313725490196 0.3739803921568627 0.3745294117647059 0.375078431372549 0.3756274509803922 0.3761764705882353 0.3767254901960784 0.3772745098039216 0.3778235294117647 0.3783725490196078 0.378921568627451 0.3794705882352941 0.3800196078431373 0.3805686274509804 0.3811176470588236 0.3816666666666667 0.3822156862745098 0.382764705882353 0.3833137254901961 0.3838627450980392 0.3844117647058823 0.3849607843137255 0.3855098039215686 0.3860588235294118 0.3866078431372549 0.387156862745098 0.3877058823529412 0.3882549019607843 0.3888039215686275 0.3893529411764706 0.3899019607843137 0.3904509803921569 0.391 0.3915490196078432 0.3920980392156863 0.3926470588235294 0.3931960784313726 0.3937450980392157 0.3942941176470589 0.3948431372549019 0.3953921568627451 0.3959411764705882 0.3964901960784314 0.3970392156862745 0.3975882352941177 0.3981372549019608 0.3986862745098039 0.3992352941176471 0.3997843137254902 0.4003333333333333 0.4008823529411765 0.4014313725490196 0.4019803921568628 0.4025294117647059 0.4030784313725491 0.4036274509803922 0.4041764705882353 0.4047254901960785 0.4052745098039216 0.4058235294117647 0.4063725490196078 0.406921568627451 0.4074705882352941 0.4080196078431373 0.4085686274509804 0.4091176470588235 0.4096666666666667 0.4102156862745098 0.4107647058823529 0.4113137254901961 0.4118627450980392 0.4124117647058824 0.4129607843137255 0.4135098039215687 0.4140588235294118 0.4146078431372549 0.4151568627450981 0.4157058823529412 0.4162549019607843 0.4168039215686274 0.4173529411764706 0.4179019607843137 0.4184509803921569 0.419 0.4195490196078431 0.4200980392156863 0.4206470588235294 0.4211960784313726 0.4217450980392157 0.4222941176470588 0.422843137254902 0.4233921568627451 0.4239411764705883 0.4244901960784314 0.4250392156862745 0.4255882352941177 0.4261372549019608 0.426686274509804 0.427235294117647 0.4277843137254902 0.4283333333333333 0.4288823529411765 0.4294313725490196 0.4299803921568628 0.4305294117647059 0.431078431372549 0.4316274509803922 0.4321764705882353 0.4327254901960784 0.4332745098039216 0.4338235294117647 0.4343725490196079 0.434921568627451 0.4354705882352942 0.4360196078431373 0.4365686274509804 0.4371176470588236 0.4376666666666666 0.4382156862745098 0.4387647058823529 0.4393137254901961 0.4398627450980392 0.4404117647058824 0.4409607843137255 0.4415098039215686 0.4420588235294118 0.4426078431372549 0.443156862745098 0.4437058823529412 0.4442549019607843 0.4448039215686275 0.4453529411764706 0.4459019607843138 0.4464509803921569 0.447
-2.570167475890409 -2.574785468892947 -2.578629999154741 -2.581733665301343 -2.584121812068096 -2.585814024816025 -2.586824015277322 -2.587159791580316 -2.586824015277322 -2.585814024816025 -2.584121812068096 -2.581733665301343 -2.578629999154741 -2.574785468892947 -2.570167475890409
-2.574785468892947 -2.579322945478676 -2.583101066321899 -2.586151131366987 -2.588498451947518 -2.590161786654806 -2.591154497639789 -2.591484529941044 -2.591154497639789 -2.590161786654806 -2.588498451947518 -2.586151131366987 -2.583101066321899 -2.579322945478676 -2.574785468892947
-2.578629999154741 -2.583101066321899 -2.586824015277322 -2.589830004820421 -2.592143304228552 -2.593782773452582 -2.594761297616669 -2.59508660968994 -2.594761297616669 -2.593782773452582 -2.592143304228552 -2.589830004820421 -2.586824015277322 -2.583101066321899 -2.578629999154741
-2.581733665301343 -2.586151131366987 -2.589830004820421 -2.592800374966677 -2.59508660968994 -2.596706754339991 -2.597673831074415 -2.597995362726999 -2.597673831074415 -2.596706754339991 -2.59508660968994 -2.592800374966677 -2.589830004820421 -2.586151131366987 -2.581733665301343
-2.584121812068096 -2.588498451947518 -2.592143304228552 -2.59508660968994 -2.597351883356381 -2.59895743005988 -2.599915686636926 -2.600234275135405 -2.599915686636926 -2.59895743005988 -2.597351883356381 -2.59508660968994 -2.592143304228552 -2.588498451947518 -2.584121812068096
-2.585814024816025 -2.590161786654806 -2.593782773452582 -2.596706754339991 -2.59895743005988 -2.600552468377545 -2.60150464181458 -2.60182118718734 -2.60150464181458 -2.600552468377545 -2.59895743005988 -2.596706754339991 -2.593782773452582 -2.590161786654806 -2.585814024816025
-2.586824015277322 -2.591154497639789 -2.594761297616669 -2.597673831074415 -2.599915686636926 -2.60150464181458 -2.602453006698448 -2.602768364099938 -2.602453006698448 -2.60150464181458 -2.599915686636926 -2.597673831074415 -2.594761297616669 -2.591154497639789 -2.586824015277322
-2.587159791580316 -2.591484529941044 -2.59508660968994 -2.597995362726999 -2.600234275135405 -2.60182118718734 -2.602768364099938 -2.603083280931339 -2.602768364099938 -2.60182118718734 -2.600234275135405 -2.597995362726999 -2.59508660968994 -2.591484529941044 -2.587159791580316
-2.586824015277322 -2.591154497639789 -2.594761297616669 -2.597673831074415 -2.599915686636926 -2.60150464181458 -2.602453006698448 -2.602768364099938 -2.602453006698448 -2.60150464181458 -2.599915686636926 -2.597673831074415 -2.594761297616669 -2.591154497639789 -2.586824015277322
-2.585814024816025 -2.590161786654806 -2.593782773452582 -2.596706754339991 -2.59895743005988 -2.600552468377545 -2.60150464181458 -2.60182118718734 -2.60150464181458 -2.600552468377545 -2.59895743005988 -2.596706754339991 -2.593782773452582 -2.590161786654806 -2.585814024816025
-2.584121812068096 -2.588498451947518 -2.592143304228552 -2.59508660968994 -2.597351883356381 -2.59895743005988 -2.599915686636926 -2.600234275135405 -2.599915686636926 -2.59895743005988 -2.597351883356381 -2.59508660968994 -2.592143304228552 -2.588498451947518 -2.584121812068096
-2.581733665301343 -2.586151131366987 -2.589830004820421 -2.592800374966677 -2.59508660968994 -2.596706754339991 -2.597673831074415 -2.597995362726999 -2.597673831074415 -2.596706754339991 -2.59508660968994 -2.592800374966677 -2.589830004820421 -2.586151131366987 -2.581733665301343
-2.578629999154741 -2.583101066321899 -2.586824015277322 -2.589830004820421 -2.592143304228552 -2.593782773452582 -2.594761297616669 -2.59508660968994 -2.594761297616669 -2.593782773452582 -2.592143304228552 -2.589830004820421 -2.586824015277322 -2.583101066321899 -2.578629999154741
-2.574785468892947 -2.579322945478676 -2.583101066321899 -2.586151131366987 -2.588498451947518 -2.590161786654806 -2.591154497639789 -2.591484529941044 -2.591154497639789 -2.590161786654806 -2.588498451947518 -2.586151131366987 -2.583101066321899 -2.579322945478676 -2.574785468892947
-2.570167475890409 -2.574785468892947 -2.578629999154741 -2.581733665301343 -2.584121812068096 -2.585814024816025 -2.586824015277322 -2.587159791580316 -2.586824015277322 -2.585814024816025 -2.584121812068096 -2.581733665301343 -2.578629999154741 -2.574785468892947 -2.570167475890409
-2.579637932910511 -2.583645708234378 -2.586994376343989 -2.589705775123401 -2.591797092420295 -2.593281661102343 -2.594168764194428 -2.594463857441972 -2.594168764194428 -2.593281661102343 -2.591797092420295 -2.589705775123401 -2.586994376343989 -2.583645708234378 -2.579637932910511
-2.583645708234378 -2.587599116252649 -2.590902677673747 -2.593577665745543 -2.59564118785987 -2.597106020541219 -2.59798131047611 -2.598272480272948 -2.59798131047611 -2.597106020541219 -2.59564118785987 -2.593577665745543 -2.590902677673747 -2.587599116252649 -2.583645708234378
-2.586994376343989 -2.590902677673747 -2.594168764194428 -2.596813658420395 -2.598853941961702 -2.600302465676394 -2.601168032159732 -2.601455961985898 -2.601168032159732 -2.600302465676394 -2.598853941961702 -2.596813658420395 -2.594168764194428 -2.590902677673747 -2.586994376343989
-2.589705775123401 -2.593577665745543 -2.596813658420395 -2.599434234952689 -2.601455961985898 -2.602891217764487 -2.603748939926552 -2.604034275214257 -2.603748939926552 -2.602891217764487 -2.601455961985898 -2.599434234952689 -2.596813658420395 -2.593577665745543 -2.589705775123401
-2.591797092420295 -2.59564118785987 -2.598853941961702 -2.601455961985898 -2.603463316856023 -2.604888535489534 -2.605740172662441 -2.606023483207852 -2.605740172662441 -2.604888535489534 -2.603463316856023 -2.601455961985898 -2.598853941961702 -2.59564118785987 -2.591797092420295
-2.593281661102343 -2.597106020541219 -2.600302465676394 -2.602891217764487 -2.604888535489534 -2.606306523714057 -2.60715397368112 -2.607435870676997 -2.60715397368112 -2.606306523714057 -2.604888535489534 -2.602891217764487 -2.600302465676394 -2.597106020541219 -2.593281661102343
-2.594168764194428 -2.59798131047611 -2.601168032159732 -2.603748939926552 -2.605740172662441 -2.60715397368112 -2.607998792032835 -2.608279873472092 -2.607998792032835 -2.60715397368112 -2.605740172662441 -2.603748939926552 -2.601168032159732 -2.59798131047611 -2.594168764194428
-2.594463857441972 -2.598272480272948 -2.601455961985898 -2.604034275214257 -2.606023483207852 -2.607435870676997 -2.608279873472092 -2.608560647636499 -2.608279873472092 -2.607435870676997 -2.606023483207852 -2.604034275214257 -2.601455961985898 -2.598272480272948 -2.594463857441972
-2.594168764194428 -2.59798131047611 -2.601168032159732 -2.603748939926552 -2.605740172662441 -2.60715397368112 -2.607998792032835 -2.608279873472092 -2.607998792032835 -2.60715397368112 -2.605740172662441 -2.603748939926552 -2.601168032159732 -2.59798131047611 -2.594168764194428
-2.593281661102343 -2.597106020541219 -2.600302465676394 -2.602891217764487 -2.604888535489534 -2.606306523714057 -2.60715397368112 -2.607435870676997 -2.60715397368112 -2.606306523714057 -2.604888535489534 -2.602891217764487 -2.600302465676394 -2.597106020541219 -2.593281661102343
-2.591797092420295 -2.59564118785987 -2.598853941961702 -2.601455961985898 -2.603463316856023 -2.604888535489534 -2.605740172662441 -2.606023483207852 -2.605740172662441 -2.604888535489534 -2.603463316856023 -2.601455961985898 -2.598853941961702 -2.59564118785987 -2.591797092420295
-2.589705775123401 -2.593577665745543 -2.596813658420395 -2.599434234952689 -2.601455961985898 -2.602891217764487 -2.603748939926552 -2.604034275214257 -2.603748939926552 -2.602891217764487 -2.601455961985898 -2.599434234952689 -2.596813658420395 -2.593577665745543 -2.589705775123401
-2.586994376343989 -2.590902677673747 -2.594168764194428 -2.596813658420395 -2.598853941961702 -2.600302465676394 -2.601168032159732 -2.601455961985898 -2.601168032159732 -2.600302465676394 -2.598853941961702 -2.596813658420395 -2.594168764194428 -2.590902677673747 -2.586994376343989
-2.583645708234378 -2.587599116252649 -2.590902677673747 -2.593577665745543 -2.59564118785987 -2.597106020541219 -2.59798131047611 -2.598272480272948 -2.59798131047611 -2.597106020541219 -2.59564118785987 -2.593577665745543 -2.590902677673747 -2.587599116252649 -2.583645708234378
-2.579637932910511 -2.583645708234378 -2.586994376343989 -2.589705775123401 -2.591797092420295 -2.593281661102343 -2.594168764194428 -2.594463857441972 -2.594168764194428 -2.593281661102343 -2.591797092420295 -2.589705775123401 -2.586994376343989 -2.583645708234378 -2.579637932910511
-2.590781177434486 -2.594237035277653 -2.597135409875932 -2.599489387188214 -2.601309497348123 -2.602603925283382 -2.603378331941107 -2.603636090360883 -2.603378331941107 -2.602603925283382 -2.601309497348123 -2.599489387188214 -2.597135409875932 -2.594237035277653 -2.590781177434486
-2.594237035277653 -2.597659870976449 -2.600530591669222 -2.602862249291364 -2.604665237953034 -2.605947444713648 -2.606714539642808 -2.606969872248719 -2.606714539642808 -2.605947444713648 -2.604665237953034 -2.602862249291364 -2.600530591669222 -2.597659870976449 -2.594237035277653
-2.597135409875932 -2.600530591669222 -2.603378331941107 -2.605691376943522 -2.607479995560302 -2.608752094701468 -2.609513137262858 -2.609766448847893 -2.609513137262858 -2.608752094701468 -2.607479995560302 -2.605691376943522 -2.603378331941107 -2.600530591669222 -2.597135409875932
-2.599489387188214 -2.602862249291364 -2.605691376943522 -2.607989388028528 -2.609766448847893 -2.611030277592115 -2.611786437988142 -2.612038130750407 -2.611786437988142 -2.611030277592115 -2.609766448847893 -2.607989388028528 -2.605691376943522 -2.602862249291364 -2.599489387188214
-2.601309497348123 -2.604665237953034 -2.607479995560302 -2.609766448847893 -2.6115345638784 -2.612792111337602 -2.61354444969282 -2.613794875813348 -2.61354444969282 -2.612792111337602 -2.6115345638784 -2.609766448847893 -2.607479995560302 -2.604665237953034 -2.601309497348123
-2.602603925283382 -2.605947444713648 -2.608752094701468 -2.611030277592115 -2.612792111337602 -2.614045133874047 -2.614794846729079 -2.615044380134991 -2.614794846729079 -2.614045133874047 -2.612792111337602 -2.611030277592115 -2.608752094701468 -2.605947444713648 -2.602603925283382
-2.603378331941107 -2.606714539642808 -2.609513137262858 -2.611786437988142 -2.61354444969282 -2.614794846729079 -2.615542902370008 -2.615791926305548 -2.615542902370008 -2.614794846729079 -2.61354444969282 -2.611786437988142 -2.609513137262858 -2.606714539642808 -2.603378331941107
-2.603636090360883 -2.606969872248719 -2.609766448847893 -2.612038130750407 -2.613794875813348 -2.615044380134991 -2.615791926305548 -2.616040754189257 -2.615791926305548 -2.615044380134991 -2.613794875813348 -2.612038130750407 -2.609766448847893 -2.606969872248719 -2.603636090360883
-2.603378331941107 -2.606714539642808 -2.609513137262858 -2.611786437988142 -2.61354444969282 -2.614794846729079 -2.615542902370008 -2.615791926305548 -2.615542902370008 -2.614794846729079 -2.61354444969282 -2.611786437988142 -2.609513137262858 -2.606714539642808 -2.603378331941107
-2.602603925283382 -2.605947444713648 -2.608752094701468 -2.611030277592115 -2.612792111337602 -2.614045133874047 -2.614794846729079 -2.615044380134991 -2.614794846729079 -2.614045133874047 -2.612792111337602 -2.611030277592115 -2.608752094701468 -2.605947444713648 -2.602603925283382
-2.601309497348123 -2.604665237953034 -2.607479995560302 -2.609766448847893 -2.6115345638784 -2.612792111337602 -2.61354444969282 -2.613794875813348 -2.61354444969282 -2.612792111337602 -2.6115345638784 -2.609766448847893 -2.607479995560302 -2.604665237953034 -2.601309497348123
-2.599489387188214 -2.602862249291364 -2.605691376943522 -2.607989388028528 -2.609766448847893 -2.611030277592115 -2.611786437988142 -2.612038130750407 -2.611786437988142 -2.611030277592115 -2.609766448847893 -2.607989388028528 -2.605691376943522 -2.602862249291364 -2.599489387188214
-2.597135409875932 -2.600530591669222 -2.603378331941107 -2.605691376943522 -2.607479995560302 -2.608752094701468 -2.609513137262858 -2.609766448847893 -2.609513137262858 -2.608752094701468 -2.607479995560302 -2.605691376943522 -2.603378331941107 -2.600530591669222 -2.597135409875932
-2.594237035277653 -2.597659870976449 -2.600530591669222 -2.602862249291364 -2.604665237953034 -2.605947444713648 -2.606714539642808 -2.606969872248719 -2.606714539642808 -2.605947444713648 -2.604665237953034 -2.602862249291364 -2.600530591669222 -2.597659870976449 -2.594237035277653
-2.590781177434486 -2.594237035277653 -2.597135409875932 -2.599489387188214 -2.601309497348123 -2.602603925283382 -2.603378331941107 -2.603636090360883 -2.603378331941107 -2.602603925283382 -2.601309497348123 -2.599489387188214 -2.597135409875932 -2.594237035277653 -2.590781177434486
-2.60361764071222 -2.606575784897609 -2.609066330849751 -2.611095438587476 -2.612668313277568 -2.613788999592016 -2.614460273723588 -2.614683840695853 -2.614460273723588 -2.613788999592016 -2.612668313277568 -2.611095438587476 -2.609066330849751 -2.606575784897609 -2.60361764071222
-2.606575784897609 -2.609517914701393 -2.611994787498466 -2.61401285316389 -2.615577154449359 -2.616691662892656 -2.617359246912585 -2.617581591642661 -2.617359246912585 -2.616691662892656 -2.615577154449359 -2.61401285316389 -2.611994787498466 -2.609517914701393 -2.606575784897609
-2.609066330849751 -2.611994787498466 -2.614460273723588 -2.616468949339306 -2.618026005876132 -2.6191353834667 -2.619799868766885 -2.620021174525007 -2.619799868766885 -2.6191353834667 -2.618026005876132 -2.616468949339306 -2.614460273723588 -2.611994787498466 -2.609066330849751
-2.611095438587476 -2.61401285316389 -2.616468949339306 -2.618470042123671 -2.620021174525007 -2.621126312346361 -2.621788296359782 -2.622008768561445 -2.621788296359782 -2.621126312346361 -2.620021174525007 -2.618470042123671 -2.616468949339306 -2.61401285316389 -2.611095438587476
-2.612668313277568 -2.615577154449359 -2.618026005876132 -2.620021174525007 -2.621567729186989 -2.622669612403647 -2.623329606052515 -2.623549423409296 -2.623329606052515 -2.622669612403647 -2.621567729186989 -2.620021174525007 -2.618026005876132 -2.615577154449359 -2.612668313277568
-2.613788999592016 -2.616691662892656 -2.6191353834667 -2.621126312346361 -2.622669612403647 -2.623769153940554 -2.624427780889483 -2.624647127362204 -2.624427780889483 -2.623769153940554 -2.622669612403647 -2.621126312346361 -2.6191353834667 -2.616691662892656 -2.613788999592016
-2.614460273723588 -2.617359246912585 -2.619799868766885 -2.621788296359782 -2.623329606052515 -2.624427780889483 -2.625085539668798 -2.625304622734564 -2.625085539668798 -2.624427780889483 -2.623329606052515 -2.621788296359782 -2.619799868766885 -2.617359246912585 -2.614460273723588
-2.614683840695853 -2.617581591642661 -2.620021174525007 -2.622008768561445 -2.623549423409296 -2.624647127362204 -2.625304622734564 -2.625523600589514 -2.625304622734564 -2.624647127362204 -2.623549423409296 -2.622008768561445 -2.620021174525007 -2.617581591642661 -2.614683840695853
-2.614460273723588 -2.617359246912585 -2.619799868766885 -2.621788296359782 -2.623329606052515 -2.624427780889483 -2.625085539668798 -2.625304622734564 -2.625085539668798 -2.624427780889483 -2.623329606052515 -2.621788296359782 -2.619799868766885 -2.617359246912585 -2.614460273723588
-2.613788999592016 -2.616691662892656 -2.6191353834667 -2.621126312346361 -2.622669612403647 -2.623769153940554 -2.624427780889483 -2.624647127362204 -2.624427780889483 -2.623769153940554 -2.622669612403647 -2.621126312346361 -2.6191353834667 -2.616691662892656 -2.613788999592016
-2.612668313277568 -2.615577154449359 -2.618026005876132 -2.620021174525007 -2.621567729186989 -2.622669612403647 -2.623329606052515 -2.623549423409296 -2.623329606052515 -2.622669612403647 -2.621567729186989 -2.620021174525007 -2.618026005876132 -2.615577154449359 -2.612668313277568
-2.611095438587476 -2.61401285316389 -2.616468949339306 -2.618470042123671 -2.620021174525007 -2.621126312346361 -2.621788296359782 -2.622008768561445 -2.621788296359782 -2.621126312346361 -2.620021174525007 -2.618470042123671 -2.616468949339306 -2.61401285316389 -2.611095438587476
-2.609066330849751 -2.611994787498466 -2.614460273723588 -2.616468949339306 -2.618026005876132 -2.6191353834667 -2.619799868766885 -2.620021174525007 -2.619799868766885 -2.6191353834667 -2.618026005876132 -2.616468949339306 -2.614460273723588 -2.611994787498466 -2.609066330849751
-2.606575784897609 -2.609517914701393 -2.611994787498466 -2.61401285316389 -2.615577154449359 -2.616691662892656 -2.617359246912585 -2.617581591642661 -2.617359246912585 -2.616691662892656 -2.615577154449359 -2.61401285316389 -2.611994787498466 -2.609517914701393 -2.606575784897609
-2.60361764071222 -2.606575784897609 -2.609066330849751 -2.611095438587476 -2.612668313277568 -2.613788999592016 -2.614460273723588 -2.614683840695853 -2.614460273723588 -2.613788999592016 -2.612668313277568 -2.611095438587476 -2.609066330849751 -2.606575784897609 -2.60361764071222
-2.618166426406825 -2.620677253514247 -2.622799553246899 -2.624534202468493 -2.62588227278915 -2.626844587909358 -2.627421705835108 -2.627614032760869 -2.627421705835108 -2.626844587909358 -2.62588227278915 -2.624534202468493 -2.622799553246899 -2.620677253514247 -2.618166426406825
-2.620677253514247 -2.623185170495492 -2.625304644317397 -2.62703698345465 -2.628383113575017 -2.629343962054248 -2.62992021102617 -2.630112252118115 -2.62992021102617 -2.629343962054248 -2.628383113575017 -2.62703698345465 -2.625304644317397 -2.623185170495492 -2.620677253514247
-2.622799553246899 -2.625304644317397 -2.627421705835108 -2.629151836264325 -2.630496263906208 -2.631455852964153 -2.632031307732941 -2.632223077266614 -2.632031307732941 -2.631455852964153 -2.630496263906208 -2.629151836264325 -2.627421705835108 -2.625304644317397 -2.622799553246899
-2.624534202468493 -2.62703698345465 -2.629151836264325 -2.630880174858612 -2.632223077266614 -2.63318157613648 -2.633756384657792 -2.633947933523354 -2.633756384657792 -2.63318157613648 -2.632223077266614 -2.630880174858612 -2.629151836264325 -2.62703698345465 -2.624534202468493
-2.62588227278915 -2.628383113575017 -2.630496263906208 -2.632223077266614 -2.633564808807844 -2.634522419797193 -2.635096675832616 -2.635288048413503 -2.635096675832616 -2.634522419797193 -2.633564808807844 -2.632223077266614 -2.630496263906208 -2.628383113575017 -2.62588227278915
-2.626844587909358 -2.629343962054248 -2.631455852964153 -2.63318157613648 -2.634522419797193 -2.635479396976558 -2.636053270861209 -2.636244504286251 -2.636053270861209 -2.635479396976558 -2.634522419797193 -2.63318157613648 -2.631455852964153 -2.629343962054248 -2.626844587909358
-2.627421705835108 -2.62992021102617 -2.632031307732941 -2.633756384657792 -2.635096675832616 -2.636053270861209 -2.636626896297604 -2.636818058153222 -2.636626896297604 -2.636053270861209 -2.635096675832616 -2.633756384657792 -2.632031307732941 -2.62992021102617 -2.627421705835108
-2.627614032760869 -2.630112252118115 -2.632223077266614 -2.633947933523354 -2.635288048413503 -2.636244504286251 -2.636818058153222 -2.637009186837333 -2.636818058153222 -2.636244504286251 -2.635288048413503 -2.633947933523354 -2.632223077266614 -2.630112252118115 -2.627614032760869
-2.627421705835108 -2.62992021102617 -2.632031307732941 -2.633756384657792 -2.635096675832616 -2.636053270861209 -2.636626896297604 -2.636818058153222 -2.636626896297604 -2.636053270861209 -2.635096675832616 -2.633756384657792 -2.632031307732941 -2.62992021102617 -2.627421705835108
-2.626844587909358 -2.629343962054248 -2.631455852964153 -2.63318157613648 -2.634522419797193 -2.635479396976558 -2.636053270861209 -2.636244504286251 -2.636053270861209 -2.635479396976558 -2.634522419797193 -2.63318157613648 -2.631455852964153 -2.629343962054248 -2.626844587909358
-2.62588227278915 -2.628383113575017 -2.630496263906208 -2.632223077266614 -2.633564808807844 -2.634522419797193 -2.635096675832616 -2.635288048413503 -2.635096675832616 -2.634522419797193 -2.633564808807844 -2.632223077266614 -2.630496263906208 -2.628383113575017 -2.62588227278915
-2.624534202468493 -2.62703698345465 -2.629151836264325 -2.630880174858612 -2.632223077266614 -2.63318157613648 -2.633756384657792 -2.633947933523354 -2.633756384657792 -2.63318157613648 -2.632223077266614 -2.630880174858612 -2.629151836264325 -2.62703698345465 -2.624534202468493
-2.622799553246899 -2.625304644317397 -2.627421705835108 -2.629151836264325 -2.630496263906208 -2.631455852964153 -2.632031307732941 -2.632223077266614 -2.632031307732941 -2.631455852964153 -2.630496263906208 -2.629151836264325 -2.627421705835108 -2.625304644317397 -2.622799553246899
-2.620677253514247 -2.623185170495492 -2.625304644317397 -2.62703698345465 -2.628383113575017 -2.629343962054248 -2.62992021102617 -2.630112252118115 -2.62992021102617 -2.629343962054248 -2.628383113575017 -2.62703698345465 -2.625304644317397 -2.623185170495492 -2.620677253514247
-2.618166426406825 -2.620677253514247 -2.622799553246899 -2.624534202468493 -2.62588227278915 -2.626844587909358 -2.627421705835108 -2.627614032760869 -2.627421705835108 -2.626844587909358 -2.62588227278915 -2.624534202468493 -2.622799553246899 -2.620677253514247 -2.618166426406825
-2.634445403104792 -2.636555771338737 -2.638346728394849 -2.639815332113749 -2.640959591220239 -2.641777946147434 -2.642269333465913 -2.642433191796063 -2.642269333465913 -2.641777946147434 -2.640959591220239 -2.639815332113749 -2.638346728394849 -2.636555771338737 -2.634445403104792
-2.636555771338737 -2.638672831526571 -2.640468980988457 -2.641941710703661 -2.643088939268506 -2.643909332279367 -2.644401945348443 -2.644566211757283 -2.644401945348443 -2.643909332279367 -2.643088939268506 -2.641941710703661 -2.640468980988457 -2.638672831526571 -2.636555771338737
-2.638346728394849 -2.640468980988457 -2.642269333465913 -2.643745190683765 -2.644894825828514 -2.645716834297429 -2.646210370818388 -2.646374939155942 -2.646210370818388 -2.645716834297429 -2.644894825828514 -2.643745190683765 -2.642269333465913 -2.640468980988457 -2.638346728394849
-2.639815332113749 -2.641941710703661 -2.643745190683765 -2.64522354736478 -2.646374939155942 -2.647198205934929 -2.647692476756521 -2.647857281487904 -2.647692476756521 -2.647198205934929 -2.646374939155942 -2.64522354736478 -2.643745190683765 -2.641941710703661 -2.639815332113749
-2.640959591220239 -2.643088939268506 -2.644894825828514 -2.646374939155942 -2.64752769619721 -2.648351845060626 -2.648846641889655 -2.649011627802652 -2.648846641889655 -2.648351845060626 -2.64752769619721 -2.646374939155942 -2.644894825828514 -2.643088939268506 -2.640959591220239
-2.641777946147434 -2.643909332279367 -2.645716834297429 -2.647198205934929 -2.648351845060626 -2.64917663628741 -2.64967178745503 -2.649836884014927 -2.64967178745503 -2.64917663628741 -2.648351845060626 -2.647198205934929 -2.645716834297429 -2.643909332279367 -2.641777946147434
-2.642269333465913 -2.644401945348443 -2.646210370818388 -2.647692476756521 -2.648846641889655 -2.64967178745503 -2.650167155532067 -2.650332323460602 -2.650167155532067 -2.64967178745503 -2.648846641889655 -2.647692476756521 -2.646210370818388 -2.644401945348443 -2.642269333465913
-2.642433191796063 -2.644566211757283 -2.646374939155942 -2.647857281487904 -2.649011627802652 -2.649836884014927 -2.650332323460602 -2.650497512932688 -2.650332323460602 -2.649836884014927 -2.649011627802652 -2.647857281487904 -2.646374939155942 -2.644566211757283 -2.642433191796063
-2.642269333465913 -2.644401945348443 -2.646210370818388 -2.647692476756521 -2.648846641889655 -2.64967178745503 -2.650167155532067 -2.650332323460602 -2.650167155532067 -2.64967178745503 -2.648846641889655 -2.647692476756521 -2.646210370818388 -2.644401945348443 -2.642269333465913
-2.641777946147434 -2.643909332279367 -2.645716834297429 -2.647198205934929 -2.648351845060626 -2.64917663628741 -2.64967178745503 -2.649836884014927 -2.64967178745503 -2.64917663628741 -2.648351845060626 -2.647198205934929 -2.645716834297429 -2.643909332279367 -2.641777946147434
-2.640959591220239 -2.643088939268506 -2.644894825828514 -2.646374939155942 -2.64752769619721 -2.648351845060626 -2.648846641889655 -2.649011627802652 -2.648846641889655 -2.648351845060626 -2.64752769619721 -2.646374939155942 -2.644894825828514 -2.643088939268506 -2.640959591220239
-2.639815332113749 -2.641941710703661 -2.643745190683765 -2.64522354736478 -2.646374939155942 -2.647198205934929 -2.647692476756521 -2.647857281487904 -2.647692476756521 -2.647198205934929 -2.646374939155942 -2.64522354736478 -2.643745190683765 -2.641941710703661 -2.639815332113749
-2.638346728394849 -2.640468980988457 -2.642269333465913 -2.643745190683765 -2.644894825828514 -2.645716834297429 -2.646210370818388 -2.646374939155942 -2.646210370818388 -2.645716834297429 -2.644894825828514 -2.643745190683765 -2.642269333465913 -2.640468980988457 -2.638346728394849
-2.636555771338737 -2.638672831526571 -2.640468980988457 -2.641941710703661 -2.643088939268506 -2.643909332279367 -2.644401945348443 -2.644566211757283 -2.644401945348443 -2.643909332279367 -2.643088939268506 -2.641941710703661 -2.640468980988457 -2.638672831526571 -2.636555771338737
-2.634445403104792 -2.636555771338737 -2.638346728394849 -2.639815332113749 -2.640959591220239 -2.641777946147434 -2.642269333465913 -2.642433191796063 -2.642269333465913 -2.641777946147434 -2.640959591220239 -2.639815332113749 -2.638346728394849 -2.636555771338737 -2.634445403104792
-2.652471290086783 -2.654224769342685 -2.655718795584307 -2.656947901908658 -2.657908000684745 -2.658595910561139 -2.659009476620294 -2.659147469103306 -2.659009476620294 -2.658595910561139 -2.657908000684745 -2.656947901908658 -2.655718795584307 -2.654224769342685 -2.652471290086783
-2.654224769342685 -2.65599140946796 -2.657496093016417 -2.658733697404355 -2.659700125278498 -2.660392485258554 -2.660808714330346 -2.660947589277649 -2.660808714330346 -2.660392485258554 -2.659700125278498 -2.658733697404355 -2.657496093016417 -2.65599140946796 -2.654224769342685
-2.655718795584307 -2.657496093016417 -2.659009476620294 -2.660253877075808 -2.661225527055634 -2.661921479955948 -2.662339819980506 -2.66247939530719 -2.662339819980506 -2.661921479955948 -2.661225527055634 -2.660253877075808 -2.659009476620294 -2.657496093016417 -2.655718795584307
-2.656947901908658 -2.658733697404355 -2.660253877075808 -2.661503717202713 -2.66247939530719 -2.663178228943793 -2.663598256174953 -2.663738384277907 -2.663598256174953 -2.663178228943793 -2.66247939530719 -2.661503717202713 -2.660253877075808 -2.658733697404355 -2.656947901908658
-2.657908000684745 -2.659700125278498 -2.661225527055634 -2.66247939530719 -2.663458188026201 -2.664159134037664 -2.664580438661819 -2.664720995633957 -2.664580438661819 -2.664159134037664 -2.663458188026201 -2.66247939530719 -2.661225527055634 -2.659700125278498 -2.657908000684745
-2.658595910561139 -2.660392485258554 -2.661921479955948 -2.663178228943793 -2.664159134037664 -2.664861607548863 -2.665283778858961 -2.665424621828731 -2.665283778858961 -2.664861607548863 -2.664159134037664 -2.663178228943793 -2.661921479955948 -2.660392485258554 -2.658595910561139
-2.659009476620294 -2.660808714330346 -2.662339819980506 -2.663598256174953 -2.664580438661819 -2.665283778858961 -2.665706492024463 -2.66584750529212 -2.665706492024463 -2.665283778858961 -2.664580438661819 -2.663598256174953 -2.662339819980506 -2.660808714330346 -2.659009476620294
-2.659147469103306 -2.660947589277649 -2.66247939530719 -2.663738384277907 -2.664720995633957 -2.665424621828731 -2.66584750529212 -2.665988578875599 -2.66584750529212 -2.665424621828731 -2.664720995633957 -2.663738384277907 -2.66247939530719 -2.660947589277649 -2.659147469103306
-2.659009476620294 -2.660808714330346 -2.662339819980506 -2.663598256174953 -2.664580438661819 -2.665283778858961 -2.665706492024463 -2.66584750529212 -2.665706492024463 -2.665283778858961 -2.664580438661819 -2.663598256174953 -2.662339819980506 -2.660808714330346 -2.659009476620294
-2.658595910561139 -2.660392485258554 -2.661921479955948 -2.663178228943793 -2.664159134037664 -2.664861607548863 -2.665283778858961 -2.665424621828731 -2.665283778858961 -2.664861607548863 -2.664159134037664 -2.663178228943793 -2.661921479955948 -2.660392485258554 -2.658595910561139
-2.657908000684745 -2.659700125278498 -2.661225527055634 -2.66247939530719 -2.663458188026201 -2.664159134037664 -2.664580438661819 -2.664720995633957 -2.664580438661819 -2.664159134037664 -2.663458188026201 -2.66247939530719 -2.661225527055634 -2.659700125278498 -2.657908000684745
-2.656947901908658 -2.658733697404355 -2.660253877075808 -2.661503717202713 -2.66247939530719 -2.663178228943793 -2.663598256174953 -2.663738384277907 -2.663598256174953 -2.663178228943793 -2.66247939530719 -2.661503717202713 -2.660253877075808 -2.658733697404355 -2.656947901908658
-2.655718795584307 -2.657496093016417 -2.659009476620294 -2.660253877075808 -2.661225527055634 -2.661921479955948 -2.662339819980506 -2.66247939530719 -2.662339819980506 -2.661921479955948 -2.661225527055634 -2.660253877075808 -2.659009476620294 -2.657496093016417 -2.655718795584307
-2.654224769342685 -2.65599140946796 -2.657496093016417 -2.658733697404355 -2.659700125278498 -2.660392485258554 -2.660808714330346 -2.660947589277649 -2.660808714330346 -2.660392485258554 -2.659700125278498 -2.658733697404355 -2.657496093016417 -2.65599140946796 -2.654224769342685
-2.652471290086783 -2.654224769342685 -2.655718795584307 -2.656947901908658 -2.657908000684745 -2.658595910561139 -2.659009476620294 -2.659147469103306 -2.659009476620294 -2.658595910561139 -2.657908000684745 -2.656947901908658 -2.655718795584307 -2.654224769342685 -2.652471290086783
-2.6722597368746 -2.673696841354847 -2.674926029128666 -2.675940445429541 -2.676734781404822 -2.677304924140377 -2.677648094277552 -2.677762665479469 -2.677648094277552 -2.677304924140377 -2.676734781404822 -2.675940445429541 -2.674926029128666 -2.673696841354847 -2.6722597368746
-2.673696841354847 -2.675150779501322 -2.676393786888907 -2.67741922364435 -2.678221855767655 -2.678797871548732 -2.67914454857564 -2.679260279840081 -2.67914454857564 -2.678797871548732 -2.678221855767655 -2.67741922364435 -2.676393786888907 -2.675150779501322 -2.673696841354847
-2.674926029128666 -2.676393786888907 -2.677648094277552 -2.678682489340598 -2.679491995374562 -2.680072774359876 -2.68042227155458 -2.680538942470275 -2.68042227155458 -2.680072774359876 -2.679491995374562 -2.678682489340598 -2.677648094277552 -2.676393786888907 -2.674926029128666
-2.675940445429541 -2.67741922364435 -2.678682489340598 -2.679724050442071 -2.680538942470275 -2.681123568621347 -2.681475321130665 -2.681592734375326 -2.681475321130665 -2.681123568621347 -2.680538942470275 -2.679724050442071 -2.678682489340598 -2.67741922364435 -2.675940445429541
-2.676734781404822 -2.678221855767655 -2.679491995374562 -2.680538942470275 -2.681357989607371 -2.681945470505871 -2.682298954814366 -2.68241694549783 -2.682298954814366 -2.681945470505871 -2.681357989607371 -2.680538942470275 -2.679491995374562 -2.678221855767655 -2.676734781404822
-2.677304924140377 -2.678797871548732 -2.680072774359876 -2.681123568621347 -2.681945470505871 -2.68253501080981 -2.682889671829805 -2.683008056115351 -2.682889671829805 -2.68253501080981 -2.681945470505871 -2.681123568621347 -2.680072774359876 -2.678797871548732 -2.677304924140377
-2.677648094277552 -2.67914454857564 -2.68042227155458 -2.681475321130665 -2.682298954814366 -2.682889671829805 -2.683245072246312 -2.683363686237705 -2.683245072246312 -2.682889671829805 -2.682298954814366 -2.681475321130665 -2.68042227155458 -2.67914454857564 -2.677648094277552
-2.677762665479469 -2.679260279840081 -2.680538942470275 -2.681592734375326 -2.68241694549783 -2.683008056115351 -2.683363686237705 -2.68348238466608 -2.683363686237705 -2.683008056115351 -2.68241694549783 -2.681592734375326 -2.680538942470275 -2.679260279840081 -2.677762665479469
-2.677648094277552 -2.67914454857564 -2.68042227155458 -2.681475321130665 -2.682298954814366 -2.682889671829805 -2.683245072246312 -2.683363686237705 -2.683245072246312 -2.682889671829805 -2.682298954814366 -2.681475321130665 -2.68042227155458 -2.67914454857564 -2.677648094277552
-2.677304924140377 -2.678797871548732 -2.680072774359876 -2.681123568621347 -2.681945470505871 -2.68253501080981 -2.682889671829805 -2.683008056115351 -2.682889671829805 -2.68253501080981 -2.681945470505871 -2.681123568621347 -2.680072774359876 -2.678797871548732 -2.677304924140377
-2.676734781404822 -2.678221855767655 -2.679491995374562 -2.680538942470275 -2.681357989607371 -2.681945470505871 -2.682298954814366 -2.68241694549783 -2.682298954814366 -2.681945470505871 -2.681357989607371 -2.680538942470275 -2.679491995374562 -2.678221855767655 -2.676734781404822
-2.675940445429541 -2.67741922364435 -2.678682489340598 -2.679724050442071 -2.680538942470275 -2.681123568621347 -2.681475321130665 -2.681592734375326 -2.681475321130665 -2.681123568621347 -2.680538942470275 -2.679724050442071 -2.678682489340598 -2.67741922364435 -2.675940445429541
-2.674926029128666 -2.676393786888907 -2.677648094277552 -2.678682489340598 -2.679491995374562 -2.680072774359876 -2.68042227155458 -2.680538942470275 -2.68042227155458 -2.680072774359876 -2.679491995374562 -2.678682489340598 -2.677648094277552 -2.676393786888907 -2.674926029128666
-2.673696841354847 -2.675150779501322 -2.676393786888907 -2.67741922364435 -2.678221855767655 -2.678797871548732 -2.67914454857564 -2.679260279840081 -2.67914454857564 -2.678797871548732 -2.678221855767655 -2.67741922364435 -2.676393786888907 -2.675150779501322 -2.673696841354847
-2.6722597368746 -2.673696841354847 -2.674926029128666 -2.675940445429541 -2.676734781404822 -2.677304924140377 -2.677648094277552 -2.677762665479469 -2.677648094277552 -2.677304924140377 -2.676734781404822 -2.675940445429541 -2.674926029128666 -2.673696841354847 -2.6722597368746
-2.693825397028765 -2.694983801578343 -2.69597808213065 -2.696800990867749 -2.697446791015949 -2.697911061222194 -2.698190806925227 -2.698284253071487 -2.698190806925227 -2.697911061222194 -2.697446791015949 -2.696800990867749 -2.69597808213065 -2.694983801578343 -2.693825397028765
-2.694983801578343 -2.696160222170756 -2.697169412015552 -2.698004211016937 -2.698659024531162 -2.699129696672927 -2.699413259538909 -2.699507967758387 -2.699413259538909 -2.699129696672927 -2.698659024531162 -2.698004211016937 -2.697169412015552 -2.696160222170756 -2.694983801578343
