15 -0.0015 -0.001285714285714286 -0.001071428571428571 -0.0008571428571428572 -0.0006428571428571429 -0.0004285714285714286 -0.0002142857142857143 0 0.0002142857142857143 0.0004285714285714286 0.0006428571428571429 0.0008571428571428572 0.001071428571428571 0.001285714285714286 0.0015
15 -0.0015 -0.001285714285714286 -0.001071428571428571 -0.0008571428571428572 -0.0006428571428571429 -0.0004285714285714286 -0.0002142857142857143 0 0.0002142857142857143 0.0004285714285714286 0.0006428571428571429 0.0008571428571428572 0.001071428571428571 0.001285714285714286 0.0015
128 0.307 0.3081023622047244 0.3092047244094488 0.3103070866141732 0.3114094488188976 0.312511811023622 0.3136141732283464 0.3147165354330709 0.3158188976377952 0.3169212598425197 0.3180236220472441 0.3191259842519685 0.3202283464566929 0.3213307086614173 0.3224330708661417 0.3235354330708661 0.3246377952755906 0.3257401574803149 0.3268425196850394 0.3279448818897638 0.3290472440944882 0.3301496062992126 0.331251968503937 0.3323543307086614 0.3334566929133858 0.3345590551181102 0.3356614173228347 0.336763779527559 0.3378661417322835 0.3389685039370079 0.3400708661417323 0.3411732283464567 0.3422755905511811 0.3433779527559055 0.3444803149606299 0.3455826771653543 0.3466850393700787 0.3477874015748031 0.3488897637795276 0.3499921259842519 0.3510944881889764 0.3521968503937008 0.3532992125984252 0.3544015748031496 0.355503937007874 0.3566062992125984 0.3577086614173228 0.3588110236220473 0.3599133858267717 0.3610157480314961 0.3621181102362205 0.3632204724409449 0.3643228346456693 0.3654251968503937 0.3665275590551181 0.3676299212598425 0.3687322834645669 0.3698346456692914 0.3709370078740157 0.3720393700787402 0.3731417322834646 0.374244094488189 0.3753464566929134 0.3764488188976378 0.3775511811023622 0.3786535433070866 0.379755905511811 0.3808582677165354 0.3819606299212598 0.3830629921259843 0.3841653543307086 0.3852677165354331 0.3863700787401575 0.3874724409448819 0.3885748031496063 0.3896771653543307 0.3907795275590551 0.3918818897637795 0.392984251968504 0.3940866141732283 0.3951889763779527 0.3962913385826772 0.3973937007874015 0.398496062992126 0.3995984251968504 0.4007007874015748 0.4018031496062992 0.4029055118110236 0.404007874015748 0.4051102362204724 0.4062125984251969 0.4073149606299212 0.4084173228346457 0.4095196850393701 0.4106220472440945 0.4117244094488189 0.4128267716535433 0.4139291338582677 0.4150314960629921 0.4161338582677165 0.4172362204724409 0.4183385826771653 0.4194409448818898 0.4205433070866141 0.4216456692913386 0.422748031496063 0.4238503937007874 0.4249527559055118 0.4260551181102362 0.4271574803149606 0.428259842519685 0.4293622047244094 0.4304645669291339 0.4315669291338582 0.4326692913385827 0.433771653543307 0.4348740157480315 0.4359763779527559 0.4370787401574803 0.4381811023622048 0.4392834645669291 0.4403858267716536 0.441488188976378 0.4425905511811024 0.4436929133858268 0.4447952755905512 0.4458976377952756 0.447
-2.570167475890409 -2.574785468892947 -2.578629999154741 -2.581733665301343 -2.584121812068096 -2.585814024816025 -2.586824015277322 -2.587159791580316 -2.586824015277322 -2.585814024816025 -2.584121812068096 -2.581733665301343 -2.578629999154741 -2.574785468892947 -2.570167475890409
-2.574785468892947 -2.579322945478676 -2.583101066321899 -2.586151131366987 -2.588498451947518 -2.590161786654806 -2.591154497639789 -2.591484529941044 -2.591154497639789 -2.590161786654806 -2.588498451947518 -2.586151131366987 -2.583101066321899 -2.579322945478676 -2.574785468892947
-2.578629999154741 -2.583101066321899 -2.586824015277322 -2.589830004820421 -2.592143304228552 -2.593782773452582 -2.594761297616669 -2.59508660968994 -2.594761297616669 -2.593782773452582 -2.592143304228552 -2.589830004820421 -2.586824015277322 -2.583101066321899 -2.578629999154741
-2.581733665301343 -2.586151131366987 -2.589830004820421 -2.592800374966677 -2.59508660968994 -2.596706754339991 -2.597673831074415 -2.597995362726999 -2.597673831074415 -2.596706754339991 -2.59508660968994 -2.592800374966677 -2.589830004820421 -2.586151131366987 -2.581733665301343
-2.584121812068096 -2.588498451947518 -2.592143304228552 -2.59508660968994 -2.597351883356381 -2.59895743005988 -2.599915686636926 -2.600234275135405 -2.599915686636926 -2.59895743005988 -2.597351883356381 -2.59508660968994 -2.592143304228552 -2.588498451947518 -2.584121812068096
-2.585814024816025 -2.590161786654806 -2.593782773452582 -2.596706754339991 -2.59895743005988 -2.600552468377545 -2.60150464181458 -2.60182118718734 -2.60150464181458 -2.600552468377545 -2.59895743005988 -2.596706754339991 -2.593782773452582 -2.590161786654806 -2.585814024816025
-2.586824015277322 -2.591154497639789 -2.594761297616669 -2.597673831074415 -2.599915686636926 -2.60150464181458 -2.602453006698448 -2.602768364099938 -2.602453006698448 -2.60150464181458 -2.599915686636926 -2.597673831074415 -2.594761297616669 -2.591154497639789 -2.586824015277322
-2.587159791580316 -2.591484529941044 -2.59508660968994 -2.597995362726999 -2.600234275135405 -2.60182118718734 -2.602768364099938 -2.603083280931339 -2.602768364099938 -2.60182118718734 -2.600234275135405 -2.597995362726999 -2.59508660968994 -2.591484529941044 -2.587159791580316
-2.586824015277322 -2.591154497639789 -2.594761297616669 -2.597673831074415 -2.599915686636926 -2.60150464181458 -2.602453006698448 -2.602768364099938 -2.602453006698448 -2.60150464181458 -2.599915686636926 -2.597673831074415 -2.594761297616669 -2.591154497639789 -2.586824015277322
-2.585814024816025 -2.590161786654806 -2.593782773452582 -2.596706754339991 -2.59895743005988 -2.600552468377545 -2.60150464181458 -2.60182118718734 -2.60150464181458 -2.600552468377545 -2.59895743005988 -2.596706754339991 -2.593782773452582 -2.590161786654806 -2.585814024816025
-2.584121812068096 -2.588498451947518 -2.592143304228552 -2.59508660968994 -2.597351883356381 -2.59895743005988 -2.599915686636926 -2.600234275135405 -2.599915686636926 -2.59895743005988 -2.597351883356381 -2.59508660968994 -2.592143304228552 -2.588498451947518 -2.584121812068096
-2.581733665301343 -2.586151131366987 -2.589830004820421 -2.592800374966677 -2.59508660968994 -2.596706754339991 -2.597673831074415 -2.597995362726999 -2.597673831074415 -2.596706754339991 -2.59508660968994 -2.592800374966677 -2.589830004820421 -2.586151131366987 -2.581733665301343
-2.578629999154741 -2.583101066321899 -2.586824015277322 -2.589830004820421 -2.592143304228552 -2.593782773452582 -2.594761297616669 -2.59508660968994 -2.594761297616669 -2.593782773452582 -2.592143304228552 -2.589830004820421 -2.586824015277322 -2.583101066321899 -2.578629999154741
-2.574785468892947 -2.579322945478676 -2.583101066321899 -2.586151131366987 -2.588498451947518 -2.590161786654806 -2.591154497639789 -2.591484529941044 -2.591154497639789 -2.590161786654806 -2.588498451947518 -2.586151131366987 -2.583101066321899 -2.579322945478676 -2.574785468892947
-2.570167475890409 -2.574785468892947 -2.578629999154741 -2.581733665301343 -2.584121812068096 -2.585814024816025 -2.586824015277322 -2.587159791580316 -2.586824015277322 -2.585814024816025 -2.584121812068096 -2.581733665301343 -2.578629999154741 -2.574785468892947 -2.570167475890409
-2.590875612311524 -2.594327344608456 -2.59722234601174 -2.599573641054519 -2.60139171293646 -2.602684710169882 -2.603458268199921 -2.603715745377729 -2.603458268199921 -2.602684710169882 -2.60139171293646 -2.599573641054519 -2.59722234601174 -2.594327344608456 -2.590875612311524
-2.594327344608456 -2.597746205031579 -2.600613675707373 -2.602942750486076 -2.60474377619036 -2.606024605389059 -2.606790883535974 -2.607045945488943 -2.606790883535974 -2.606024605389059 -2.60474377619036 -2.602942750486076 -2.600613675707373 -2.597746205031579 -2.594327344608456
-2.59722234601174 -2.600613675707373 -2.603458268199921 -2.605768811499452 -2.607555529855572 -2.608826295241538 -2.609586546986277 -2.609839596545839 -2.609586546986277 -2.608826295241538 -2.607555529855572 -2.605768811499452 -2.603458268199921 -2.600613675707373 -2.59722234601174
-2.599573641054519 -2.602942750486076 -2.605768811499452 -2.608064386475487 -2.609839596545839 -2.611102126932022 -2.611857517453549 -2.612108955092685 -2.611857517453549 -2.611102126932022 -2.609839596545839 -2.608064386475487 -2.605768811499452 -2.602942750486076 -2.599573641054519
-2.60139171293646 -2.60474377619036 -2.607555529855572 -2.609839596545839 -2.611605899223239 -2.612862174909796 -2.613613759446307 -2.613863935814713 -2.613613759446307 -2.612862174909796 -2.611605899223239 -2.609839596545839 -2.607555529855572 -2.60474377619036 -2.60139171293646
-2.602684710169882 -2.606024605389059 -2.608826295241538 -2.611102126932022 -2.612862174909796 -2.614113944840803 -2.61486291493279 -2.615112202282579 -2.61486291493279 -2.614113944840803 -2.612862174909796 -2.611102126932022 -2.608826295241538 -2.606024605389059 -2.602684710169882
-2.603458268199921 -2.606790883535974 -2.609586546986277 -2.611857517453549 -2.613613759446307 -2.61486291493279 -2.615610234725918 -2.61585901476934 -2.615610234725918 -2.61486291493279 -2.613613759446307 -2.611857517453549 -2.609586546986277 -2.606790883535974 -2.603458268199921
-2.603715745377729 -2.607045945488943 -2.609839596545839 -2.612108955092685 -2.613863935814713 -2.615112202282579 -2.61585901476934 -2.616107599553647 -2.61585901476934 -2.615112202282579 -2.613863935814713 -2.612108955092685 -2.609839596545839 -2.607045945488943 -2.603715745377729
-2.603458268199921 -2.606790883535974 -2.609586546986277 -2.611857517453549 -2.613613759446307 -2.61486291493279 -2.615610234725918 -2.61585901476934 -2.615610234725918 -2.61486291493279 -2.613613759446307 -2.611857517453549 -2.609586546986277 -2.606790883535974 -2.603458268199921
-2.602684710169882 -2.606024605389059 -2.608826295241538 -2.611102126932022 -2.612862174909796 -2.614113944840803 -2.61486291493279 -2.615112202282579 -2.61486291493279 -2.614113944840803 -2.612862174909796 -2.611102126932022 -2.608826295241538 -2.606024605389059 -2.602684710169882
-2.60139171293646 -2.60474377619036 -2.607555529855572 -2.609839596545839 -2.611605899223239 -2.612862174909796 -2.613613759446307 -2.613863935814713 -2.613613759446307 -2.612862174909796 -2.611605899223239 -2.609839596545839 -2.607555529855572 -2.60474377619036 -2.60139171293646
-2.599573641054519 -2.602942750486076 -2.605768811499452 -2.608064386475487 -2.609839596545839 -2.611102126932022 -2.611857517453549 -2.612108955092685 -2.611857517453549 -2.611102126932022 -2.609839596545839 -2.608064386475487 -2.605768811499452 -2.602942750486076 -2.599573641054519
-2.59722234601174 -2.600613675707373 -2.603458268199921 -2.605768811499452 -2.607555529855572 -2.608826295241538 -2.609586546986277 -2.609839596545839 -2.609586546986277 -2.608826295241538 -2.607555529855572 -2.605768811499452 -2.603458268199921 -2.600613675707373 -2.59722234601174
-2.594327344608456 -2.597746205031579 -2.600613675707373 -2.602942750486076 -2.60474377619036 -2.606024605389059 -2.606790883535974 -2.607045945488943 -2.606790883535974 -2.606024605389059 -2.60474377619036 -2.602942750486076 -2.600613675707373 -2.597746205031579 -2.594327344608456
-2.590875612311524 -2.594327344608456 -2.59722234601174 -2.599573641054519 -2.60139171293646 -2.602684710169882 -2.603458268199921 -2.603715745377729 -2.603458268199921 -2.602684710169882 -2.60139171293646 -2.599573641054519 -2.59722234601174 -2.594327344608456 -2.590875612311524
-2.618409333913037 -2.620913500374286 -2.623030302882699 -2.624760547272002 -2.626105248913126 -2.627065187688855 -2.627640891626092 -2.627832749205648 -2.627640891626092 -2.627065187688855 -2.626105248913126 -2.624760547272002 -2.623030302882699 -2.620913500374286 -2.618409333913037
-2.620913500374286 -2.62341493405494 -2.625529058091149 -2.627257110913483 -2.628599962551545 -2.629558498916344 -2.630133372329825 -2.630324956822473 -2.630133372329825 -2.629558498916344 -2.628599962551545 -2.627257110913483 -2.625529058091149 -2.62341493405494 -2.620913500374286
-2.623030302882699 -2.625529058091149 -2.627640891626092 -2.629366833586393 -2.630708058183366 -2.631665387851573 -2.632239498503997 -2.632430821918518 -2.632239498503997 -2.631665387851573 -2.630708058183366 -2.629366833586393 -2.627640891626092 -2.625529058091149 -2.623030302882699
-2.624760547272002 -2.627257110913483 -2.629366833586393 -2.631091062508856 -2.632430821918518 -2.633387104387898 -2.633960594082675 -2.634151705193061 -2.633960594082675 -2.633387104387898 -2.632430821918518 -2.631091062508856 -2.629366833586393 -2.627257110913483 -2.624760547272002
-2.626105248913126 -2.628599962551545 -2.630708058183366 -2.632430821918518 -2.633769456919985 -2.634724883849998 -2.635297840740703 -2.635488782103765 -2.635297840740703 -2.634724883849998 -2.633769456919985 -2.632430821918518 -2.630708058183366 -2.628599962551545 -2.626105248913126
-2.627065187688855 -2.629558498916344 -2.631665387851573 -2.633387104387898 -2.634724883849998 -2.635679700302378 -2.636252288497394 -2.636443095252704 -2.636252288497394 -2.635679700302378 -2.634724883849998 -2.633387104387898 -2.631665387851573 -2.629558498916344 -2.627065187688855
-2.627640891626092 -2.630133372329825 -2.632239498503997 -2.633960594082675 -2.635297840740703 -2.636252288497394 -2.636824636731039 -2.637015374533513 -2.636824636731039 -2.636252288497394 -2.635297840740703 -2.633960594082675 -2.632239498503997 -2.630133372329825 -2.627640891626092
-2.627832749205648 -2.630324956822473 -2.632430821918518 -2.634151705193061 -2.635488782103765 -2.636443095252704 -2.637015374533513 -2.637206080156655 -2.637015374533513 -2.636443095252704 -2.635488782103765 -2.634151705193061 -2.632430821918518 -2.630324956822473 -2.627832749205648
-2.627640891626092 -2.630133372329825 -2.632239498503997 -2.633960594082675 -2.635297840740703 -2.636252288497394 -2.636824636731039 -2.637015374533513 -2.636824636731039 -2.636252288497394 -2.635297840740703 -2.633960594082675 -2.632239498503997 -2.630133372329825 -2.627640891626092
-2.627065187688855 -2.629558498916344 -2.631665387851573 -2.633387104387898 -2.634724883849998 -2.635679700302378 -2.636252288497394 -2.636443095252704 -2.636252288497394 -2.635679700302378 -2.634724883849998 -2.633387104387898 -2.631665387851573 -2.629558498916344 -2.627065187688855
-2.626105248913126 -2.628599962551545 -2.630708058183366 -2.632430821918518 -2.633769456919985 -2.634724883849998 -2.635297840740703 -2.635488782103765 -2.635297840740703 -2.634724883849998 -2.633769456919985 -2.632430821918518 -2.630708058183366 -2.628599962551545 -2.626105248913126
-2.624760547272002 -2.627257110913483 -2.629366833586393 -2.631091062508856 -2.632430821918518 -2.633387104387898 -2.633960594082675 -2.634151705193061 -2.633960594082675 -2.633387104387898 -2.632430821918518 -2.631091062508856 -2.629366833586393 -2.627257110913483 -2.624760547272002
-2.623030302882699 -2.625529058091149 -2.627640891626092 -2.629366833586393 -2.630708058183366 -2.631665387851573 -2.632239498503997 -2.632430821918518 -2.632239498503997 -2.631665387851573 -2.630708058183366 -2.629366833586393 -2.627640891626092 -2.625529058091149 -2.623030302882699
-2.620913500374286 -2.62341493405494 -2.625529058091149 -2.627257110913483 -2.628599962551545 -2.629558498916344 -2.630133372329825 -2.630324956822473 -2.630133372329825 -2.629558498916344 -2.628599962551545 -2.627257110913483 -2.625529058091149 -2.62341493405494 -2.620913500374286
-2.618409333913037 -2.620913500374286 -2.623030302882699 -2.624760547272002 -2.626105248913126 -2.627065187688855 -2.627640891626092 -2.627832749205648 -2.627640891626092 -2.627065187688855 -2.626105248913126 -2.624760547272002 -2.623030302882699 -2.620913500374286 -2.618409333913037
-2.652918348291949 -2.654663898497733 -2.656151307424083 -2.657375062863981 -2.658331038586559 -2.659016023541774 -2.659427842918877 -2.65956525455479 -2.659427842918877 -2.659016023541774 -2.658331038586559 -2.657375062863981 -2.656151307424083 -2.654663898497733 -2.652918348291949
-2.654663898497733 -2.656422727313649 -2.657920893857952 -2.659153227467179 -2.660115594222068 -2.660805073912075 -2.661219582838025 -2.661357885675822 -2.661219582838025 -2.660805073912075 -2.660115594222068 -2.659153227467179 -2.657920893857952 -2.656422727313649 -2.654663898497733
-2.656151307424083 -2.657920893857952 -2.659427842918877 -2.660667040437847 -2.661634681246032 -2.662327790470966 -2.662744432421682 -2.662883443070131 -2.662744432421682 -2.662327790470966 -2.661634681246032 -2.660667040437847 -2.659427842918877 -2.657920893857952 -2.656151307424083
-2.657375062863981 -2.659153227467179 -2.660667040437847 -2.661911731888629 -2.662883443070131 -2.663579463159274 -2.663997810012963 -2.664137379325849 -2.663997810012963 -2.663579463159274 -2.662883443070131 -2.661911731888629 -2.660667040437847 -2.659153227467179 -2.657375062863981
-2.658331038586559 -2.660115594222068 -2.661634681246032 -2.662883443070131 -2.663858301324866 -2.664556456758138 -2.664976095049138 -2.665116097843284 -2.664976095049138 -2.664556456758138 -2.663858301324866 -2.662883443070131 -2.661634681246032 -2.660115594222068 -2.658331038586559
-2.659016023541774 -2.660805073912075 -2.662327790470966 -2.663579463159274 -2.664556456758138 -2.665256156186034 -2.665676670737721 -2.665816962827456 -2.665676670737721 -2.665256156186034 -2.664556456758138 -2.663579463159274 -2.662327790470966 -2.660805073912075 -2.659016023541774
-2.659427842918877 -2.661219582838025 -2.662744432421682 -2.663997810012963 -2.664976095049138 -2.665676670737721 -2.666097733231022 -2.666238197460848 -2.666097733231022 -2.665676670737721 -2.664976095049138 -2.663997810012963 -2.662744432421682 -2.661219582838025 -2.659427842918877
-2.65956525455479 -2.661357885675822 -2.662883443070131 -2.664137379325849 -2.665116097843284 -2.665816962827456 -2.666238197460848 -2.666378722740359 -2.666238197460848 -2.665816962827456 -2.665116097843284 -2.664137379325849 -2.662883443070131 -2.661357885675822 -2.65956525455479
-2.659427842918877 -2.661219582838025 -2.662744432421682 -2.663997810012963 -2.664976095049138 -2.665676670737721 -2.666097733231022 -2.666238197460848 -2.666097733231022 -2.665676670737721 -2.664976095049138 -2.663997810012963 -2.662744432421682 -2.661219582838025 -2.659427842918877
-2.659016023541774 -2.660805073912075 -2.662327790470966 -2.663579463159274 -2.664556456758138 -2.665256156186034 -2.665676670737721 -2.665816962827456 -2.665676670737721 -2.665256156186034 -2.664556456758138 -2.663579463159274 -2.662327790470966 -2.660805073912075 -2.659016023541774
-2.658331038586559 -2.660115594222068 -2.661634681246032 -2.662883443070131 -2.663858301324866 -2.664556456758138 -2.664976095049138 -2.665116097843284 -2.664976095049138 -2.664556456758138 -2.663858301324866 -2.662883443070131 -2.661634681246032 -2.660115594222068 -2.658331038586559
-2.657375062863981 -2.659153227467179 -2.660667040437847 -2.661911731888629 -2.662883443070131 -2.663579463159274 -2.663997810012963 -2.664137379325849 -2.663997810012963 -2.663579463159274 -2.662883443070131 -2.661911731888629 -2.660667040437847 -2.659153227467179 -2.657375062863981
-2.656151307424083 -2.657920893857952 -2.659427842918877 -2.660667040437847 -2.661634681246032 -2.662327790470966 -2.662744432421682 -2.662883443070131 -2.662744432421682 -2.662327790470966 -2.661634681246032 -2.660667040437847 -2.659427842918877 -2.657920893857952 -2.656151307424083
-2.654663898497733 -2.656422727313649 -2.657920893857952 -2.659153227467179 -2.660115594222068 -2.660805073912075 -2.661219582838025 -2.661357885675822 -2.661219582838025 -2.660805073912075 -2.660115594222068 -2.659153227467179 -2.657920893857952 -2.656422727313649 -2.654663898497733
-2.652918348291949 -2.654663898497733 -2.656151307424083 -2.657375062863981 -2.658331038586559 -2.659016023541774 -2.659427842918877 -2.65956525455479 -2.659427842918877 -2.659016023541774 -2.658331038586559 -2.657375062863981 -2.656151307424083 -2.654663898497733 -2.652918348291949
-2.694533652881681 -2.695683861925688 -2.696671207506532 -2.697488444124921 -2.69812983361518 -2.698590954249372 -2.698868810823493 -2.698961627359637 -2.698868810823493 -2.698590954249372 -2.69812983361518 -2.697488444124921 -2.696671207506532 -2.695683861925688 -2.694533652881681
-2.695683861925688 -2.696852086933046 -2.697854344823876 -2.698683474284187 -2.699333880859926 -2.699801406572485 -2.700083082046002 -2.700177161226252 -2.700083082046002 -2.699801406572485 -2.699333880859926 -2.698683474284187 -2.697854344823876 -2.696852086933046 -2.695683861925688
-2.696671207506532 -2.697854344823876 -2.698868810823493 -2.699707706607732 -2.700365598852203 -2.700838335991803 -2.70112311184542 -2.701218225921618 -2.70112311184542 -2.700838335991803 -2.700365598852203 -2.699707706607732 -2.698868810823493 -2.697854344823876 -2.696671207506532
-2.697488444124921 -2.698683474284187 -2.699707706607732 -2.700554411020388 -2.701218225921618 -2.701695188889288 -2.701982444313357 -2.702078376742055 -2.701982444313357 -2.701695188889288 -2.701218225921618 -2.700554411020388 -2.699707706607732 -2.698683474284187 -2.697488444124921
-2.69812983361518 -2.699333880859926 -2.700365598852203 -2.701218225921618 -2.701886602717969 -2.702366724700126 -2.702655899231652 -2.702752469029084 -2.702655899231652 -2.702366724700126 -2.701886602717969 -2.701218225921618 -2.700365598852203 -2.699333880859926 -2.69812983361518
-2.698590954249372 -2.699801406572485 -2.700838335991803 -2.701695188889288 -2.702366724700126 -2.702849121803466 -2.703139601893427 -2.703236611752934 -2.703139601893427 -2.702849121803466 -2.702366724700126 -2.701695188889288 -2.700838335991803 -2.699801406572485 -2.698590954249372
-2.698868810823493 -2.700083082046002 -2.70112311184542 -2.701982444313357 -2.702655899231652 -2.703139601893427 -2.703430904480392 -2.703528168270031 -2.703430904480392 -2.703139601893427 -2.702655899231652 -2.701982444313357 -2.70112311184542 -2.700083082046002 -2.698868810823493
-2.698961627359637 -2.700177161226252 -2.701218225921618 -2.702078376742055 -2.702752469029084 -2.703236611752934 -2.703528168270031 -2.703625527304768 -2.703528168270031 -2.703236611752934 -2.702752469029084 -2.702078376742055 -2.701218225921618 -2.700177161226252 -2.698961627359637
-2.698868810823493 -2.700083082046002 -2.70112311184542 -2.701982444313357 -2.702655899231652 -2.703139601893427 -2.703430904480392 -2.703528168270031 -2.703430904480392 -2.703139601893427 -2.702655899231652 -2.701982444313357 -2.70112311184542 -2.700083082046002 -2.698868810823493
-2.698590954249372 -2.699801406572485 -2.700838335991803 -2.701695188889288 -2.702366724700126 -2.702849121803466 -2.703139601893427 -2.703236611752934 -2.703139601893427 -2.702849121803466 -2.702366724700126 -2.701695188889288 -2.700838335991803 -2.699801406572485 -2.698590954249372
-2.69812983361518 -2.699333880859926 -2.700365598852203 -2.701218225921618 -2.701886602717969 -2.702366724700126 -2.702655899231652 -2.702752469029084 -2.702655899231652 -2.702366724700126 -2.701886602717969 -2.701218225921618 -2.700365598852203 -2.699333880859926 -2.69812983361518
-2.697488444124921 -2.698683474284187 -2.699707706607732 -2.700554411020388 -2.701218225921618 -2.701695188889288 -2.701982444313357 -2.702078376742055 -2.701982444313357 -2.701695188889288 -2.701218225921618 -2.700554411020388 -2.699707706607732 -2.698683474284187 -2.697488444124921
-2.696671207506532 -2.697854344823876 -2.698868810823493 -2.699707706607732 -2.700365598852203 -2.700838335991803 -2.70112311184542 -2.701218225921618 -2.70112311184542 -2.700838335991803 -2.700365598852203 -2.699707706607732 -2.698868810823493 -2.697854344823876 -2.696671207506532
-2.695683861925688 -2.696852086933046 -2.697854344823876 -2.698683474284187 -2.699333880859926 -2.699801406572485 -2.700083082046002 -2.700177161226252 -2.700083082046002 -2.699801406572485 -2.699333880859926 -2.698683474284187 -2.697854344823876 -2.696852086933046 -2.695683861925688
-2.694533652881681 -2.695683861925688 -2.696671207506532 -2.697488444124921 -2.69812983361518 -2.698590954249372 -2.698868810823493 -2.698961627359637 -2.698868810823493 -2.698590954249372 -2.69812983361518 -2.697488444124921 -2.696671207506532 -2.695683861925688 -2.694533652881681
-2.743292331390618 -2.743987957581202 -2.744587440937966 -2.745085279038757 -2.745476992731224 -2.745759148354878 -2.74592938694966 -2.745986290929595 -2.74592938694966 -2.745759148354878 -2.745476992731224 -2.745085279038757 -2.744587440937966 -2.743987957581202 -2.743292331390618
-2.743987957581202 -2.744697501874492 -2.745308640645804 -2.745815815674132 -2.746214694907107 -2.746501962777375 -2.746675247925843 -2.746733160350245 -2.746675247925843 -2.746501962777375 -2.746214694907107 -2.745815815674132 -2.745308640645804 -2.744697501874492 -2.743987957581202
-2.744587440937966 -2.745308640645804 -2.74592938694966 -2.746444353720484 -2.746849212424523 -2.74714067867396 -2.747316479268528 -2.747375232650159 -2.747316479268528 -2.74714067867396 -2.746849212424523 -2.746444353720484 -2.74592938694966 -2.745308640645804 -2.744587440937966
-2.745085279038757 -2.745815815674132 -2.746444353720484 -2.746965569136016 -2.747375232650159 -2.747670127179389 -2.747847946120888 -2.747907368231503 -2.747847946120888 -2.747670127179389 -2.747375232650159 -2.746965569136016 -2.746444353720484 -2.745815815674132 -2.745085279038757
-2.745476992731224 -2.746214694907107 -2.746849212424523 -2.747375232650159 -2.747788598969762 -2.748086088234471 -2.74826548676821 -2.74832543154128 -2.74826548676821 -2.748086088234471 -2.747788598969762 -2.747375232650159 -2.746849212424523 -2.746214694907107 -2.745476992731224
-2.745759148354878 -2.746501962777375 -2.74714067867396 -2.747670127179389 -2.748086088234471 -2.748385445296909 -2.748565923184732 -2.748626235120909 -2.748565923184732 -2.748385445296909 -2.748086088234471 -2.747670127179389 -2.74714067867396 -2.746501962777375 -2.745759148354878
-2.74592938694966 -2.746675247925843 -2.747316479268528 -2.747847946120888 -2.74826548676821 -2.748565923184732 -2.748747083531657 -2.748807605010184 -2.748747083531657 -2.748565923184732 -2.74826548676821 -2.747847946120888 -2.747316479268528 -2.746675247925843 -2.74592938694966
-2.745986290929595 -2.746733160350245 -2.747375232650159 -2.747907368231503 -2.74832543154128 -2.748626235120909 -2.748807605010184 -2.74886820683522 -2.748807605010184 -2.748626235120909 -2.74832543154128 -2.747907368231503 -2.747375232650159 -2.746733160350245 -2.745986290929595
-2.74592938694966 -2.746675247925843 -2.747316479268528 -2.747847946120888 -2.74826548676821 -2.748565923184732 -2.748747083531657 -2.748807605010184 -2.748747083531657 -2.748565923184732 -2.74826548676821 -2.747847946120888 -2.747316479268528 -2.746675247925843 -2.74592938694966
-2.745759148354878 -2.746501962777375 -2.74714067867396 -2.747670127179389 -2.748086088234471 -2.748385445296909 -2.748565923184732 -2.748626235120909 -2.748565923184732 -2.748385445296909 -2.748086088234471 -2.747670127179389 -2.74714067867396 -2.746501962777375 -2.745759148354878
-2.745476992731224 -2.746214694907107 -2.746849212424523 -2.747375232650159 -2.747788598969762 -2.748086088234471 -2.74826548676821 -2.74832543154128 -2.74826548676821 -2.748086088234471 -2.747788598969762 -2.747375232650159 -2.746849212424523 -2.746214694907107 -2.745476992731224
-2.745085279038757 -2.745815815674132 -2.746444353720484 -2.746965569136016 -2.747375232650159 -2.747670127179389 -2.747847946120888 -2.747907368231503 -2.747847946120888 -2.747670127179389 -2.747375232650159 -2.746965569136016 -2.746444353720484 -2.745815815674132 -2.745085279038757
-2.744587440937966 -2.745308640645804 -2.74592938694966 -2.746444353720484 -2.746849212424523 -2.74714067867396 -2.747316479268528 -2.747375232650159 -2.747316479268528 -2.74714067867396 -2.746849212424523 -2.746444353720484 -2.74592938694966 -2.745308640645804 -2.744587440937966
-2.743987957581202 -2.744697501874492 -2.745308640645804 -2.745815815674132 -2.746214694907107 -2.746501962777375 -2.746675247925843 -2.746733160350245 -2.746675247925843 -2.746501962777375 -2.746214694907107 -2.745815815674132 -2.745308640645804 -2.744697501874492 -2.743987957581202
-2.743292331390618 -2.743987957581202 -2.744587440937966 -2.745085279038757 -2.745476992731224 -2.745759148354878 -2.74592938694966 -2.745986290929595 -2.74592938694966 -2.745759148354878 -2.745476992731224 -2.745085279038757 -2.744587440937966 -2.743987957581202 -2.743292331390618
-2.794301306658748 -2.794643079826764 -2.794938782560506 -2.795185180584673 -2.795379581717115 -2.795519906048813 -2.795604691703464 -2.795633052438902 -2.795604691703464 -2.795519906048813 -2.795379581717115 -2.795185180584673 -2.794938782560506 -2.794643079826764 -2.794301306658748
-2.794643079826764 -2.794993190742447 -2.795295974531157 -2.79554811854985 -2.795746990110957 -2.795890522426634 -2.79597722565901 -2.796006223201738 -2.79597722565901 -2.795890522426634 -2.795746990110957 -2.79554811854985 -2.795295974531157 -2.794993190742447 -2.794643079826764
-2.794938782560506 -2.795295974531157 -2.795604691703464 -2.795861717753463 -2.796064364198752 -2.796210575464984 -2.79629889502405 -2.796328433669236 -2.79629889502405 -2.796210575464984 -2.796064364198752 -2.795861717753463 -2.795604691703464 -2.795295974531157 -2.794938782560506
-2.795185180584673 -2.79554811854985 -2.795861717753463 -2.796122700927043 -2.796328433669236 -2.796476855534491 -2.796566484574263 -2.796596458814916 -2.796566484574263 -2.796476855534491 -2.796328433669236 -2.796122700927043 -2.795861717753463 -2.79554811854985 -2.795185180584673
-2.795379581717115 -2.795746990110957 -2.796064364198752 -2.796328433669236 -2.796536559538501 -2.796686679313801 -2.796777345111582 -2.796807662096532 -2.796777345111582 -2.796686679313801 -2.796536559538501 -2.796328433669236 -2.796064364198752 -2.795746990110957 -2.795379581717115
-2.795519906048813 -2.795890522426634 -2.796210575464984 -2.796476855534491 -2.796686679313801 -2.796838025048278 -2.796929405183723 -2.796959966860872 -2.796929405183723 -2.796838025048278 -2.796686679313801 -2.796476855534491 -2.796210575464984 -2.795890522426634 -2.795519906048813
-2.795604691703464 -2.79597722565901 -2.79629889502405 -2.796566484574263 -2.796777345111582 -2.796929405183723 -2.797021238762432 -2.797051939503598 -2.797021238762432 -2.796929405183723 -2.796777345111582 -2.796566484574263 -2.79629889502405 -2.79597722565901 -2.795604691703464
-2.795633052438902 -2.796006223201738 -2.796328433669236 -2.796596458814916 -2.796807662096532 -2.796959966860872 -2.797051939503598 -2.797082694350199 -2.797051939503598 -2.796959966860872 -2.796807662096532 -2.796596458814916 -2.796328433669236 -2.796006223201738 -2.795633052438902
-2.795604691703464 -2.79597722565901 -2.79629889502405 -2.796566484574263 -2.796777345111582 -2.796929405183723 -2.797021238762432 -2.797051939503598 -2.797021238762432 -2.796929405183723 -2.796777345111582 -2.796566484574263 -2.79629889502405 -2.79597722565901 -2.795604691703464
-2.795519906048813 -2.795890522426634 -2.796210575464984 -2.796476855534491 -2.796686679313801 -2.796838025048278 -2.796929405183723 -2.796959966860872 -2.796929405183723 -2.796838025048278 -2.796686679313801 -2.796476855534491 -2.796210575464984 -2.795890522426634 -2.795519906048813
-2.795379581717115 -2.795746990110957 -2.796064364198752 -2.796328433669236 -2.796536559538501 -2.796686679313801 -2.796777345111582 -2.796807662096532 -2.796777345111582 -2.796686679313801 -2.796536559538501 -2.796328433669236 -2.796064364198752 -2.795746990110957 -2.795379581717115
-2.795185180584673 -2.79554811854985 -2.795861717753463 -2.796122700927043 -2.796328433669236 -2.796476855534491 -2.796566484574263 -2.796596458814916 -2.796566484574263 -2.796476855534491 -2.796328433669236 -2.796122700927043 -2.795861717753463 -2.79554811854985 -2.795185180584673
-2.794938782560506 -2.795295974531157 -2.795604691703464 -2.795861717753463 -2.796064364198752 -2.796210575464984 -2.79629889502405 -2.796328433669236 -2.79629889502405 -2.796210575464984 -2.796064364198752 -2.795861717753463 -2.795604691703464 -2.795295974531157 -2.794938782560506
-2.794643079826764 -2.794993190742447 -2.795295974531157 -2.79554811854985 -2.795746990110957 -2.795890522426634 -2.79597722565901 -2.796006223201738 -2.79597722565901 -2.795890522426634 -2.795746990110957 -2.79554811854985 -2.795295974531157 -2.794993190742447 -2.794643079826764
-2.794301306658748 -2.794643079826764 -2.794938782560506 -2.795185180584673 -2.795379581717115 -2.795519906048813 -2.795604691703464 -2.795633052438902 -2.795604691703464 -2.795519906048813 -2.795379581717115 -2.795185180584673 -2.794938782560506 -2.794643079826764 -2.794301306658748
-2.844640607259448 -2.844707347988891 -2.844767452451621 -2.844819165042404 -2.844860983477574 -2.844891717131652 -2.844910507731348 -2.844916830111557 -2.844910507731348 -2.844891717131652 -2.844860983477574 -2.844819165042404 -2.844767452451621 -2.844707347988891 -2.844640607259448
-2.844707347988891 -2.844778745173313 -2.844842890019506 -2.844897951310014 -2.844942415456267 -2.844975065217205 -2.844995008756948 -2.845001715745409 -2.844995008756948 -2.844975065217205 -2.844942415456267 -2.844897951310014 -2.844842890019506 -2.844778745173313 -2.844707347988891
-2.844767452451621 -2.844842890019506 -2.844910507731348 -2.844968476004202 -2.845015219310497 -2.84504950678107 -2.845070445530424 -2.845077486429983 -2.845070445530424 -2.84504950678107 -2.845015219310497 -2.844968476004202 -2.844910507731348 -2.844842890019506 -2.844767452451621
-2.844819165042404 -2.844897951310014 -2.844968476004202 -2.845028843222876 -2.845077486429983 -2.84511314515461 -2.84513490288722 -2.845142217361037 -2.84513490288722 -2.84511314515461 -2.845077486429983 -2.845028843222876 -2.844968476004202 -2.844897951310014 -2.844819165042404
-2.844860983477574 -2.844942415456267 -2.845015219310497 -2.845077486429983 -2.845127619533713 -2.845164349302882 -2.845186763709725 -2.845194295466943 -2.845186763709725 -2.845164349302882 -2.845127619533713 -2.845077486429983 -2.845015219310497 -2.844942415456267 -2.844860983477574
-2.844891717131652 -2.844975065217205 -2.84504950678107 -2.84511314515461 -2.845164349302882 -2.84520185687686 -2.845224728897831 -2.845232418359142 -2.845224728897831 -2.84520185687686 -2.845164349302882 -2.84511314515461 -2.84504950678107 -2.844975065217205 -2.844891717131652
-2.844910507731348 -2.844995008756948 -2.845070445530424 -2.84513490288722 -2.845186763709725 -2.845224728897831 -2.845247892596087 -2.845255671600607 -2.845247892596087 -2.845224728897831 -2.845186763709725 -2.84513490288722 -2.845070445530424 -2.844995008756948 -2.844910507731348
-2.844916830111557 -2.845001715745409 -2.845077486429983 -2.845142217361037 -2.845194295466943 -2.845232418359142 -2.845255671600607 -2.845263485878235 -2.845255671600607 -2.845232418359142 -2.845194295466943 -2.845142217361037 -2.845077486429983 -2.845001715745409 -2.844916830111557
-2.844910507731348 -2.844995008756948 -2.845070445530424 -2.84513490288722 -2.845186763709725 -2.845224728897831 -2.845247892596087 -2.845255671600607 -2.845247892596087 -2.845224728897831 -2.845186763709725 -2.84513490288722 -2.845070445530424 -2.844995008756948 -2.844910507731348
-2.844891717131652 -2.844975065217205 -2.84504950678107 -2.84511314515461 -2.845164349302882 -2.84520185687686 -2.845224728897831 -2.845232418359142 -2.845224728897831 -2.84520185687686 -2.845164349302882 -2.84511314515461 -2.84504950678107 -2.844975065217205 -2.844891717131652
-2.844860983477574 -2.844942415456267 -2.845015219310497 -2.845077486429983 -2.845127619533713 -2.845164349302882 -2.845186763709725 -2.845194295466943 -2.845186763709725 -2.845164349302882 -2.845127619533713 -2.845077486429983 -2.845015219310497 -2.844942415456267 -2.844860983477574
-2.844819165042404 -2.844897951310014 -2.844968476004202 -2.845028843222876 -2.845077486429983 -2.84511314515461 -2.84513490288722 -2.845142217361037 -2.84513490288722 -2.84511314515461 -2.845077486429983 -2.845028843222876 -2.844968476004202 -2.844897951310014 -2.844819165042404
-2.844767452451621 -2.844842890019506 -2.844910507731348 -2.844968476004202 -2.845015219310497 -2.84504950678107 -2.845070445530424 -2.845077486429983 -2.845070445530424 -2.84504950678107 -2.845015219310497 -2.844968476004202 -2.844910507731348 -2.844842890019506 -2.844767452451621
-2.844707347988891 -2.844778745173313 -2.844842890019506 -2.844897951310014 -2.844942415456267 -2.844975065217205 -2.844995008756948 -2.845001715745409 -2.844995008756948 -2.844975065217205 -2.844942415456267 -2.844897951310014 -2.844842890019506 -2.844778745173313 -2.844707347988891
-2.844640607259448 -2.844707347988891 -2.844767452451621 -2.844819165042404 -2.844860983477574 -2.844891717131652 -2.844910507731348 -2.844916830111557 -2.844910507731348 -2.844891717131652 -2.844860983477574 -2.844819165042404 -2.844767452451621 -2.844707347988891 -2.844640607259448
-2.894364540747153 -2.894228886466852 -2.894116056611814 -2.894025148584712 -2.893955350353659 -2.893905992679365 -2.893876582227452 -2.893866813261886 -2.893876582227452 -2.893905992679365 -2.893955350353659 -2.894025148584712 -2.894116056611814 -2.894228886466852 -2.894364540747153
-2.894228886466852 -2.894095742852469 -2.893985165520961 -2.893896172018394 -2.893827912168532 -2.893779683904415 -2.893750959060986 -2.893741419873541 -2.893750959060986 -2.893779683904415 -2.893827912168532 -2.893896172018394 -2.893985165520961 -2.894095742852469 -2.894228886466852
-2.894116056611814 -2.893985165520961 -2.893876582227452 -2.893789294241865 -2.893722395799316 -2.893675157259773 -2.893647038429708 -2.893637703310079 -2.893647038429708 -2.893675157259773 -2.893722395799316 -2.893789294241865 -2.893876582227452 -2.893985165520961 -2.894116056611814
-2.894025148584712 -2.893896172018394 -2.893789294241865 -2.8937034448396 -2.893637703310079 -2.893591308981206 -2.893563698547222 -2.893554533852316 -2.893563698547222 -2.893591308981206 -2.893637703310079 -2.8937034448396 -2.893789294241865 -2.893896172018394 -2.894025148584712
-2.893955350353659 -2.893827912168532 -2.893722395799316 -2.893637703310079 -2.893572882753526 -2.893527158209123 -2.893499960696657 -2.893490932932006 -2.893499960696657 -2.893527158209123 -2.893572882753526 -2.893637703310079 -2.893722395799316 -2.893827912168532 -2.893955350353659
-2.893905992679365 -2.893779683904415 -2.893675157259773 -2.893591308981206 -2.893527158209123 -2.893481924125403 -2.893455017762052 -2.893446090816678 -2.893455017762052 -2.893481924125403 -2.893527158209123 -2.893591308981206 -2.893675157259773 -2.893779683904415 -2.893905992679365
-2.893876582227452 -2.893750959060986 -2.893647038429708 -2.893563698547222 -2.893499960696657 -2.893455017762052 -2.893428297791166 -2.893419428200397 -2.893428297791166 -2.893455017762052 -2.893499960696657 -2.893563698547222 -2.893647038429708 -2.893750959060986 -2.893876582227452
-2.893866813261886 -2.893741419873541 -2.893637703310079 -2.893554533852316 -2.893490932932006 -2.893446090816678 -2.893419428200397 -2.8934105814193 -2.893419428200397 -2.893446090816678 -2.893490932932006 -2.893554533852316 -2.893637703310079 -2.893741419873541 -2.893866813261886
-2.893876582227452 -2.893750959060986 -2.893647038429708 -2.893563698547222 -2.893499960696657 -2.893455017762052 -2.893428297791166 -2.893419428200397 -2.893428297791166 -2.893455017762052 -2.893499960696657 -2.893563698547222 -2.893647038429708 -2.893750959060986 -2.893876582227452
-2.893905992679365 -2.893779683904415 -2.893675157259773 -2.893591308981206 -2.893527158209123 -2.893481924125403 -2.893455017762052 -2.893446090816678 -2.893455017762052 -2.893481924125403 -2.893527158209123 -2.893591308981206 -2.893675157259773 -2.893779683904415 -2.893905992679365
