15 -0.0015 -0.001285714285714286 -0.001071428571428571 -0.0008571428571428572 -0.0006428571428571429 -0.0004285714285714286 -0.0002142857142857143 0 0.0002142857142857143 0.0004285714285714286 0.0006428571428571429 0.0008571428571428572 0.001071428571428571 0.001285714285714286 0.0015
15 -0.0015 -0.001285714285714286 -0.001071428571428571 -0.0008571428571428572 -0.0006428571428571429 -0.0004285714285714286 -0.0002142857142857143 0 0.0002142857142857143 0.0004285714285714286 0.0006428571428571429 0.0008571428571428572 0.001071428571428571 0.001285714285714286 0.0015
16 0.307 0.3163333333333334 0.3256666666666667 0.335 0.3443333333333333 0.3536666666666667 0.363 0.3723333333333333 0.3816666666666667 0.391 0.4003333333333333 0.4096666666666667 0.419 0.4283333333333333 0.4376666666666666 0.447
-2.570167475890409 -2.574785468892947 -2.578629999154741 -2.581733665301343 -2.584121812068096 -2.585814024816025 -2.586824015277322 -2.587159791580316 -2.586824015277322 -2.585814024816025 -2.584121812068096 -2.581733665301343 -2.578629999154741 -2.574785468892947 -2.570167475890409
-2.574785468892947 -2.579322945478676 -2.583101066321899 -2.586151131366987 -2.588498451947518 -2.590161786654806 -2.591154497639789 -2.591484529941044 -2.591154497639789 -2.590161786654806 -2.588498451947518 -2.586151131366987 -2.583101066321899 -2.579322945478676 -2.574785468892947
-2.578629999154741 -2.583101066321899 -2.586824015277322 -2.589830004820421 -2.592143304228552 -2.593782773452582 -2.594761297616669 -2.59508660968994 -2.594761297616669 -2.593782773452582 -2.592143304228552 -2.589830004820421 -2.586824015277322 -2.583101066321899 -2.578629999154741
-2.581733665301343 -2.586151131366987 -2.589830004820421 -2.592800374966677 -2.59508660968994 -2.596706754339991 -2.597673831074415 -2.597995362726999 -2.597673831074415 -2.596706754339991 -2.59508660968994 -2.592800374966677 -2.589830004820421 -2.586151131366987 -2.581733665301343
-2.584121812068096 -2.588498451947518 -2.592143304228552 -2.59508660968994 -2.597351883356381 -2.59895743005988 -2.599915686636926 -2.600234275135405 -2.599915686636926 -2.59895743005988 -2.597351883356381 -2.59508660968994 -2.592143304228552 -2.588498451947518 -2.584121812068096
-2.585814024816025 -2.590161786654806 -2.593782773452582 -2.596706754339991 -2.59895743005988 -2.600552468377545 -2.60150464181458 -2.60182118718734 -2.60150464181458 -2.600552468377545 -2.59895743005988 -2.596706754339991 -2.593782773452582 -2.590161786654806 -2.585814024816025
-2.586824015277322 -2.591154497639789 -2.594761297616669 -2.597673831074415 -2.599915686636926 -2.60150464181458 -2.602453006698448 -2.602768364099938 -2.602453006698448 -2.60150464181458 -2.599915686636926 -2.597673831074415 -2.594761297616669 -2.591154497639789 -2.586824015277322
-2.587159791580316 -2.591484529941044 -2.59508660968994 -2.597995362726999 -2.600234275135405 -2.60182118718734 -2.602768364099938 -2.603083280931339 -2.602768364099938 -2.60182118718734 -2.600234275135405 -2.597995362726999 -2.59508660968994 -2.591484529941044 -2.587159791580316
-2.586824015277322 -2.591154497639789 -2.594761297616669 -2.597673831074415 -2.599915686636926 -2.60150464181458 -2.602453006698448 -2.602768364099938 -2.602453006698448 -2.60150464181458 -2.599915686636926 -2.597673831074415 -2.594761297616669 -2.591154497639789 -2.586824015277322
-2.585814024816025 -2.590161786654806 -2.593782773452582 -2.596706754339991 -2.59895743005988 -2.600552468377545 -2.60150464181458 -2.60182118718734 -2.60150464181458 -2.600552468377545 -2.59895743005988 -2.596706754339991 -2.593782773452582 -2.590161786654806 -2.585814024816025
-2.584121812068096 -2.588498451947518 -2.592143304228552 -2.59508660968994 -2.597351883356381 -2.59895743005988 -2.599915686636926 -2.600234275135405 -2.599915686636926 -2.59895743005988 -2.597351883356381 -2.59508660968994 -2.592143304228552 -2.588498451947518 -2.584121812068096
-2.581733665301343 -2.586151131366987 -2.589830004820421 -2.592800374966677 -2.59508660968994 -2.596706754339991 -2.597673831074415 -2.597995362726999 -2.597673831074415 -2.596706754339991 -2.59508660968994 -2.592800374966677 -2.589830004820421 -2.586151131366987 -2.581733665301343
-2.578629999154741 -2.583101066321899 -2.586824015277322 -2.589830004820421 -2.592143304228552 -2.593782773452582 -2.594761297616669 -2.59508660968994 -2.594761297616669 -2.593782773452582 -2.592143304228552 -2.589830004820421 -2.586824015277322 -2.583101066321899 -2.578629999154741
-2.574785468892947 -2.579322945478676 -2.583101066321899 -2.586151131366987 -2.588498451947518 -2.590161786654806 -2.591154497639789 -2.591484529941044 -2.591154497639789 -2.590161786654806 -2.588498451947518 -2.586151131366987 -2.583101066321899 -2.579322945478676 -2.574785468892947
-2.570167475890409 -2.574785468892947 -2.578629999154741 -2.581733665301343 -2.584121812068096 -2.585814024816025 -2.586824015277322 -2.587159791580316 -2.586824015277322 -2.585814024816025 -2.584121812068096 -2.581733665301343 -2.578629999154741 -2.574785468892947 -2.570167475890409
-2.917372661983522 -2.917165774072429 -2.916992232457936 -2.916851352188326 -2.916742498711822 -2.916665143290919 -2.916618893446098 -2.916603504545141 -2.916618893446098 -2.916665143290919 -2.916742498711822 -2.916851352188326 -2.916992232457936 -2.917165774072429 -2.917372661983522
-2.917165774072429 -2.91696083700438 -2.916789071971379 -2.916649712900106 -2.916542089708801 -2.916465642593953 -2.916419945665411 -2.916404742327152 -2.916419945665411 -2.916465642593953 -2.916542089708801 -2.916649712900106 -2.916789071971379 -2.91696083700438 -2.917165774072429
-2.916992232457936 -2.916789071971379 -2.916618893446098 -2.916480903551775 -2.916374379689185 -2.916298734409777 -2.91625352996577 -2.916238492728429 -2.91625352996577 -2.916298734409777 -2.916374379689185 -2.916480903551775 -2.916618893446098 -2.916789071971379 -2.916992232457936
-2.916851352188326 -2.916649712900106 -2.916480903551775 -2.916344076408747 -2.916238492728429 -2.916163536251666 -2.916118747583175 -2.916103849841496 -2.916118747583175 -2.916163536251666 -2.916238492728429 -2.916344076408747 -2.916480903551775 -2.916649712900106 -2.916851352188326
-2.916742498711822 -2.916542089708801 -2.916374379689185 -2.916238492728429 -2.916133661334613 -2.916059253888125 -2.916014804421887 -2.916000019231319 -2.916014804421887 -2.916059253888125 -2.916133661334613 -2.916238492728429 -2.916374379689185 -2.916542089708801 -2.916742498711822
-2.916665143290919 -2.916465642593953 -2.916298734409777 -2.916163536251666 -2.916059253888125 -2.915985249697238 -2.915941040242118 -2.915926338311205 -2.915941040242118 -2.915985249697238 -2.916059253888125 -2.916163536251666 -2.916298734409777 -2.916465642593953 -2.916665143290919
-2.916618893446098 -2.916419945665411 -2.91625352996577 -2.916118747583175 -2.916014804421887 -2.915941040242118 -2.91589698467976 -2.915882330129287 -2.91589698467976 -2.915941040242118 -2.916014804421887 -2.916118747583175 -2.91625352996577 -2.916419945665411 -2.916618893446098
-2.916603504545141 -2.916404742327152 -2.916238492728429 -2.916103849841496 -2.916000019231319 -2.915926338311205 -2.915882330129287 -2.915867694489594 -2.915882330129287 -2.915926338311205 -2.916000019231319 -2.916103849841496 -2.916238492728429 -2.916404742327152 -2.916603504545141
-2.916618893446098 -2.916419945665411 -2.91625352996577 -2.916118747583175 -2.916014804421887 -2.915941040242118 -2.91589698467976 -2.915882330129287 -2.91589698467976 -2.915941040242118 -2.916014804421887 -2.916118747583175 -2.91625352996577 -2.916419945665411 -2.916618893446098
-2.916665143290919 -2.916465642593953 -2.916298734409777 -2.916163536251666 -2.916059253888125 -2.915985249697238 -2.915941040242118 -2.915926338311205 -2.915941040242118 -2.915985249697238 -2.916059253888125 -2.916163536251666 -2.916298734409777 -2.916465642593953 -2.916665143290919
-2.916742498711822 -2.916542089708801 -2.916374379689185 -2.916238492728429 -2.916133661334613 -2.916059253888125 -2.916014804421887 -2.916000019231319 -2.916014804421887 -2.916059253888125 -2.916133661334613 -2.916238492728429 -2.916374379689185 -2.916542089708801 -2.916742498711822
-2.916851352188326 -2.916649712900106 -2.916480903551775 -2.916344076408747 -2.916238492728429 -2.916163536251666 -2.916118747583175 -2.916103849841496 -2.916118747583175 -2.916163536251666 -2.916238492728429 -2.916344076408747 -2.916480903551775 -2.916649712900106 -2.916851352188326
-2.916992232457936 -2.916789071971379 -2.916618893446098 -2.916480903551775 -2.916374379689185 -2.916298734409777 -2.91625352996577 -2.916238492728429 -2.91625352996577 -2.916298734409777 -2.916374379689185 -2.916480903551775 -2.916618893446098 -2.916789071971379 -2.916992232457936
-2.917165774072429 -2.91696083700438 -2.916789071971379 -2.916649712900106 -2.916542089708801 -2.916465642593953 -2.916419945665411 -2.916404742327152 -2.916419945665411 -2.916465642593953 -2.916542089708801 -2.916649712900106 -2.916789071971379 -2.91696083700438 -2.917165774072429
-2.917372661983522 -2.917165774072429 -2.916992232457936 -2.916851352188326 -2.916742498711822 -2.916665143290919 -2.916618893446098 -2.916603504545141 -2.916618893446098 -2.916665143290919 -2.916742498711822 -2.916851352188326 -2.916992232457936 -2.917165774072429 -2.917372661983522
-3.276822457488032 -3.27628644871564 -3.275833138293968 -3.275462418701011 -3.275174190734522 -3.27496837342603 -3.274844907331391 -3.274803756120487 -3.274844907331391 -3.27496837342603 -3.275174190734522 -3.275462418701011 -3.275833138293968 -3.27628644871564 -3.276822457488032
-3.27628644871564 -3.275750742669036 -3.2752977051253 -3.274927216005735 -3.274639172316171 -3.274433490488433 -3.274310107278917 -3.27426898388782 -3.274310107278917 -3.274433490488433 -3.274639172316171 -3.274927216005735 -3.2752977051253 -3.275750742669036 -3.27628644871564
-3.275833138293968 -3.2752977051253 -3.274844907331391 -3.274474622555272 -3.274186743641931 -3.273981181140417 -3.273857869952659 -3.273816770717908 -3.273857869952659 -3.273981181140417 -3.274186743641931 -3.274474622555272 -3.274844907331391 -3.2752977051253 -3.275833138293968
-3.275462418701011 -3.274927216005735 -3.274474622555272 -3.274104512116476 -3.273816770717908 -3.273611308911457 -3.273488059671486 -3.27344698124201 -3.273488059671486 -3.273611308911457 -3.273816770717908 -3.274104512116476 -3.274474622555272 -3.274927216005735 -3.275462418701011
-3.275174190734522 -3.274639172316171 -3.274186743641931 -3.273816770717908 -3.273529140421787 -3.273323759655953 -3.273200558370197 -3.273159495978443 -3.273200558370197 -3.273323759655953 -3.273529140421787 -3.273816770717908 -3.274186743641931 -3.274639172316171 -3.275174190734522
-3.27496837342603 -3.274433490488433 -3.273981181140417 -3.273611308911457 -3.273323759655953 -3.273118436027135 -3.272995271184625 -3.272954221196143 -3.272995271184625 -3.273118436027135 -3.273323759655953 -3.273611308911457 -3.273981181140417 -3.274433490488433 -3.27496837342603
-3.274844907331391 -3.274310107278917 -3.273857869952659 -3.273488059671486 -3.273200558370197 -3.272995271184625 -3.272872127637692 -3.272831084249103 -3.272872127637692 -3.272995271184625 -3.273200558370197 -3.273488059671486 -3.273857869952659 -3.274310107278917 -3.274844907331391
-3.274803756120487 -3.27426898388782 -3.273816770717908 -3.27344698124201 -3.273159495978443 -3.272954221196143 -3.272831084249103 -3.27279004379576 -3.272831084249103 -3.272954221196143 -3.273159495978443 -3.27344698124201 -3.273816770717908 -3.27426898388782 -3.274803756120487
-3.274844907331391 -3.274310107278917 -3.273857869952659 -3.273488059671486 -3.273200558370197 -3.272995271184625 -3.272872127637692 -3.272831084249103 -3.272872127637692 -3.272995271184625 -3.273200558370197 -3.273488059671486 -3.273857869952659 -3.274310107278917 -3.274844907331391
-3.27496837342603 -3.274433490488433 -3.273981181140417 -3.273611308911457 -3.273323759655953 -3.273118436027135 -3.272995271184625 -3.272954221196143 -3.272995271184625 -3.273118436027135 -3.273323759655953 -3.273611308911457 -3.273981181140417 -3.274433490488433 -3.27496837342603
-3.275174190734522 -3.274639172316171 -3.274186743641931 -3.273816770717908 -3.273529140421787 -3.273323759655953 -3.273200558370197 -3.273159495978443 -3.273200558370197 -3.273323759655953 -3.273529140421787 -3.273816770717908 -3.274186743641931 -3.274639172316171 -3.275174190734522
-3.275462418701011 -3.274927216005735 -3.274474622555272 -3.274104512116476 -3.273816770717908 -3.273611308911457 -3.273488059671486 -3.27344698124201 -3.273488059671486 -3.273611308911457 -3.273816770717908 -3.274104512116476 -3.274474622555272 -3.274927216005735 -3.275462418701011
-3.275833138293968 -3.2752977051253 -3.274844907331391 -3.274474622555272 -3.274186743641931 -3.273981181140417 -3.273857869952659 -3.273816770717908 -3.273857869952659 -3.273981181140417 -3.274186743641931 -3.274474622555272 -3.274844907331391 -3.2752977051253 -3.275833138293968
-3.27628644871564 -3.275750742669036 -3.2752977051253 -3.274927216005735 -3.274639172316171 -3.274433490488433 -3.274310107278917 -3.27426898388782 -3.274310107278917 -3.274433490488433 -3.274639172316171 -3.274927216005735 -3.2752977051253 -3.275750742669036 -3.27628644871564
-3.276822457488032 -3.27628644871564 -3.275833138293968 -3.275462418701011 -3.275174190734522 -3.27496837342603 -3.274844907331391 -3.274803756120487 -3.274844907331391 -3.27496837342603 -3.275174190734522 -3.275462418701011 -3.275833138293968 -3.27628644871564 -3.276822457488032
-3.488776702935577 -3.488377276550997 -3.488039359344069 -3.487762919736741 -3.487547933784164 -3.48739438578064 -3.487302262345402 -3.487271555416331 -3.487302262345402 -3.48739438578064 -3.487547933784164 -3.487762919736741 -3.488039359344069 -3.488377276550997 -3.488776702935577
-3.488377276550997 -3.487977925449028 -3.487640068012734 -3.487363677525228 -3.487148732037831 -3.486995212272585 -3.486903105186918 -3.486872403574111 -3.486903105186918 -3.486995212272585 -3.487148732037831 -3.487363677525228 -3.487640068012734 -3.487977925449028 -3.488377276550997
-3.488039359344069 -3.487640068012734 -3.487302262345402 -3.487025915411894 -3.486811001471555 -3.48665750404524 -3.486565411010464 -3.486534714222825 -3.486565411010464 -3.48665750404524 -3.486811001471555 -3.487025915411894 -3.487302262345402 -3.487640068012734 -3.488039359344069
-3.487762919736741 -3.487363677525228 -3.487025915411894 -3.486749601138967 -3.486534714222825 -3.486381236729406 -3.48628915502925 -3.486258461829427 -3.48628915502925 -3.486381236729406 -3.486534714222825 -3.486749601138967 -3.487025915411894 -3.487363677525228 -3.487762919736741
-3.487547933784164 -3.487148732037831 -3.486811001471555 -3.486534714222825 -3.486319848564059 -3.486166384567991 -3.486074311460408 -3.486043621361855 -3.486074311460408 -3.486166384567991 -3.486319848564059 -3.486534714222825 -3.486811001471555 -3.487148732037831 -3.487547933784164
-3.48739438578064 -3.486995212272585 -3.48665750404524 -3.486381236729406 -3.486166384567991 -3.486012931726497 -3.485920865400835 -3.485890177307761 -3.485920865400835 -3.486012931726497 -3.486166384567991 -3.486381236729406 -3.48665750404524 -3.486995212272585 -3.48739438578064
-3.487302262345402 -3.486903105186918 -3.486565411010464 -3.48628915502925 -3.486074311460408 -3.485920865400835 -3.485828802105563 -3.485798115254806 -3.485828802105563 -3.485920865400835 -3.486074311460408 -3.48628915502925 -3.486565411010464 -3.486903105186918 -3.487302262345402
-3.487271555416331 -3.486872403574111 -3.486534714222825 -3.486258461829427 -3.486043621361855 -3.485890177307761 -3.485798115254806 -3.485767428947135 -3.485798115254806 -3.485890177307761 -3.486043621361855 -3.486258461829427 -3.486534714222825 -3.486872403574111 -3.487271555416331
-3.487302262345402 -3.486903105186918 -3.486565411010464 -3.48628915502925 -3.486074311460408 -3.485920865400835 -3.485828802105563 -3.485798115254806 -3.485828802105563 -3.485920865400835 -3.486074311460408 -3.48628915502925 -3.486565411010464 -3.486903105186918 -3.487302262345402
-3.48739438578064 -3.486995212272585 -3.48665750404524 -3.486381236729406 -3.486166384567991 -3.486012931726497 -3.485920865400835 -3.485890177307761 -3.485920865400835 -3.486012931726497 -3.486166384567991 -3.486381236729406 -3.48665750404524 -3.486995212272585 -3.48739438578064
-3.487547933784164 -3.487148732037831 -3.486811001471555 -3.486534714222825 -3.486319848564059 -3.486166384567991 -3.486074311460408 -3.486043621361855 -3.486074311460408 -3.486166384567991 -3.486319848564059 -3.486534714222825 -3.486811001471555 -3.487148732037831 -3.487547933784164
-3.487762919736741 -3.487363677525228 -3.487025915411894 -3.486749601138967 -3.486534714222825 -3.486381236729406 -3.48628915502925 -3.486258461829427 -3.48628915502925 -3.486381236729406 -3.486534714222825 -3.486749601138967 -3.487025915411894 -3.487363677525228 -3.487762919736741
-3.488039359344069 -3.487640068012734 -3.487302262345402 -3.487025915411894 -3.486811001471555 -3.48665750404524 -3.486565411010464 -3.486534714222825 -3.486565411010464 -3.48665750404524 -3.486811001471555 -3.487025915411894 -3.487302262345402 -3.487640068012734 -3.488039359344069
-3.488377276550997 -3.487977925449028 -3.487640068012734 -3.487363677525228 -3.487148732037831 -3.486995212272585 -3.486903105186918 -3.486872403574111 -3.486903105186918 -3.486995212272585 -3.487148732037831 -3.487363677525228 -3.487640068012734 -3.487977925449028 -3.488377276550997
-3.488776702935577 -3.488377276550997 -3.488039359344069 -3.487762919736741 -3.487547933784164 -3.48739438578064 -3.487302262345402 -3.487271555416331 -3.487302262345402 -3.48739438578064 -3.487547933784164 -3.487762919736741 -3.488039359344069 -3.488377276550997 -3.488776702935577
-3.585562110350648 -3.585354782648212 -3.585179286847313 -3.585035655456178 -3.584923915894983 -3.584844087253232 -3.58479618400977 -3.584780215231883 -3.58479618400977 -3.584844087253232 -3.584923915894983 -3.585035655456178 -3.585179286847313 -3.585354782648212 -3.585562110350648
-3.585354782648212 -3.585147371959113 -3.584971807163683 -3.584828120016967 -3.584716334874743 -3.584636472440631 -3.584588549139405 -3.584572573769347 -3.584588549139405 -3.584636472440631 -3.584716334874743 -3.584828120016967 -3.584971807163683 -3.585147371959113 -3.585354782648212
-3.585179286847313 -3.584971807163683 -3.58479618400977 -3.584652445953084 -3.584540621596406 -3.58446073256939 -3.584412793041988 -3.584396812146084 -3.584412793041988 -3.58446073256939 -3.584540621596406 -3.584652445953084 -3.58479618400977 -3.584971807163683 -3.585179286847313
-3.585035655456178 -3.584828120016967 -3.584652445953084 -3.584508667479916 -3.584396812146084 -3.584316899484915 -3.584268945258255 -3.584252959579239 -3.584268945258255 -3.584316899484915 -3.584396812146084 -3.584508667479916 -3.584652445953084 -3.584828120016967 -3.585035655456178
-3.584923915894983 -3.584716334874743 -3.584540621596406 -3.584396812146084 -3.584284930494636 -3.584204999774901 -3.584157035549742 -3.584141046423105 -3.584157035549742 -3.584204999774901 -3.584284930494636 -3.584396812146084 -3.584540621596406 -3.584716334874743 -3.584923915894983
-3.584844087253232 -3.584636472440631 -3.58446073256939 -3.584316899484915 -3.584204999774901 -3.584125056742453 -3.584077084195181 -3.584061092176408 -3.584077084195181 -3.584125056742453 -3.584204999774901 -3.584316899484915 -3.58446073256939 -3.584636472440631 -3.584844087253232
-3.58479618400977 -3.584588549139405 -3.584412793041988 -3.584268945258255 -3.584157035549742 -3.584077084195181 -3.584029106963194 -3.58401311364991 -3.584029106963194 -3.584077084195181 -3.584157035549742 -3.584268945258255 -3.584412793041988 -3.584588549139405 -3.58479618400977
-3.584780215231883 -3.584572573769347 -3.584396812146084 -3.584252959579239 -3.584141046423105 -3.584061092176408 -3.58401311364991 -3.583997119679916 -3.58401311364991 -3.584061092176408 -3.584141046423105 -3.584252959579239 -3.584396812146084 -3.584572573769347 -3.584780215231883
-3.58479618400977 -3.584588549139405 -3.584412793041988 -3.584268945258255 -3.584157035549742 -3.584077084195181 -3.584029106963194 -3.58401311364991 -3.584029106963194 -3.584077084195181 -3.584157035549742 -3.584268945258255 -3.584412793041988 -3.584588549139405 -3.58479618400977
-3.584844087253232 -3.584636472440631 -3.58446073256939 -3.584316899484915 -3.584204999774901 -3.584125056742453 -3.584077084195181 -3.584061092176408 -3.584077084195181 -3.584125056742453 -3.584204999774901 -3.584316899484915 -3.58446073256939 -3.584636472440631 -3.584844087253232
-3.584923915894983 -3.584716334874743 -3.584540621596406 -3.584396812146084 -3.584284930494636 -3.584204999774901 -3.584157035549742 -3.584141046423105 -3.584157035549742 -3.584204999774901 -3.584284930494636 -3.584396812146084 -3.584540621596406 -3.584716334874743 -3.584923915894983
-3.585035655456178 -3.584828120016967 -3.584652445953084 -3.584508667479916 -3.584396812146084 -3.584316899484915 -3.584268945258255 -3.584252959579239 -3.584268945258255 -3.584316899484915 -3.584396812146084 -3.584508667479916 -3.584652445953084 -3.584828120016967 -3.585035655456178
-3.585179286847313 -3.584971807163683 -3.58479618400977 -3.584652445953084 -3.584540621596406 -3.58446073256939 -3.584412793041988 -3.584396812146084 -3.584412793041988 -3.58446073256939 -3.584540621596406 -3.584652445953084 -3.58479618400977 -3.584971807163683 -3.585179286847313
-3.585354782648212 -3.585147371959113 -3.584971807163683 -3.584828120016967 -3.584716334874743 -3.584636472440631 -3.584588549139405 -3.584572573769347 -3.584588549139405 -3.584636472440631 -3.584716334874743 -3.584828120016967 -3.584971807163683 -3.585147371959113 -3.585354782648212
-3.585562110350648 -3.585354782648212 -3.585179286847313 -3.585035655456178 -3.584923915894983 -3.584844087253232 -3.58479618400977 -3.584780215231883 -3.58479618400977 -3.584844087253232 -3.584923915894983 -3.585035655456178 -3.585179286847313 -3.585354782648212 -3.585562110350648
-3.620419235727213 -3.620358405236128 -3.620306850304285 -3.620264612875061 -3.620231725891367 -3.620208215870446 -3.620194102101568 -3.620189396219833 -3.620194102101568 -3.620208215870446 -3.620231725891367 -3.620264612875061 -3.620306850304285 -3.620358405236128 -3.620419235727213
-3.620358405236128 -3.620297468621314 -3.620245824163749 -3.620203511927247 -3.620170566543124 -3.62014701596132 -3.620132878260664 -3.620128164447676 -3.620132878260664 -3.62014701596132 -3.620170566543124 -3.620203511927247 -3.620245824163749 -3.620297468621314 -3.620358405236128
-3.620306850304285 -3.620245824163749 -3.620194102101568 -3.620151727293588 -3.620118734932509 -3.620095149983152 -3.62008099126212 -3.620076270387452 -3.62008099126212 -3.620095149983152 -3.620118734932509 -3.620151727293588 -3.620194102101568 -3.620245824163749 -3.620306850304285
-3.620264612875061 -3.620203511927247 -3.620151727293588 -3.620109302877458 -3.620076270387452 -3.620052656381144 -3.620038480890712 -3.620033754554635 -3.620038480890712 -3.620052656381144 -3.620076270387452 -3.620109302877458 -3.620151727293588 -3.620203511927247 -3.620264612875061
-3.620231725891367 -3.620170566543124 -3.620118734932509 -3.620076270387452 -3.620043206633512 -3.620019571876457 -3.62000538345607 -3.620000652657128 -3.62000538345607 -3.620019571876457 -3.620043206633512 -3.620076270387452 -3.620118734932509 -3.620170566543124 -3.620231725891367
-3.620208215870446 -3.62014701596132 -3.620095149983152 -3.620052656381144 -3.620019571876457 -3.619995921182755 -3.619981722759205 -3.619976988815935 -3.619981722759205 -3.619995921182755 -3.620019571876457 -3.620052656381144 -3.620095149983152 -3.62014701596132 -3.620208215870446
-3.620194102101568 -3.620132878260664 -3.62008099126212 -3.620038480890712 -3.62000538345607 -3.619981722759205 -3.619967519355006 -3.61996278365072 -3.619967519355006 -3.619981722759205 -3.62000538345607 -3.620038480890712 -3.62008099126212 -3.620132878260664 -3.620194102101568
-3.620189396219833 -3.620128164447676 -3.620076270387452 -3.620033754554635 -3.620000652657128 -3.619976988815935 -3.61996278365072 -3.619958047149133 -3.61996278365072 -3.619976988815935 -3.620000652657128 -3.620033754554635 -3.620076270387452 -3.620128164447676 -3.620189396219833
-3.620194102101568 -3.620132878260664 -3.62008099126212 -3.620038480890712 -3.62000538345607 -3.619981722759205 -3.619967519355006 -3.61996278365072 -3.619967519355006 -3.619981722759205 -3.62000538345607 -3.620038480890712 -3.62008099126212 -3.620132878260664 -3.620194102101568
-3.620208215870446 -3.62014701596132 -3.620095149983152 -3.620052656381144 -3.620019571876457 -3.619995921182755 -3.619981722759205 -3.619976988815935 -3.619981722759205 -3.619995921182755 -3.620019571876457 -3.620052656381144 -3.620095149983152 -3.62014701596132 -3.620208215870446
-3.620231725891367 -3.620170566543124 -3.620118734932509 -3.620076270387452 -3.620043206633512 -3.620019571876457 -3.62000538345607 -3.620000652657128 -3.62000538345607 -3.620019571876457 -3.620043206633512 -3.620076270387452 -3.620118734932509 -3.620170566543124 -3.620231725891367
-3.620264612875061 -3.620203511927247 -3.620151727293588 -3.620109302877458 -3.620076270387452 -3.620052656381144 -3.620038480890712 -3.620033754554635 -3.620038480890712 -3.620052656381144 -3.620076270387452 -3.620109302877458 -3.620151727293588 -3.620203511927247 -3.620264612875061
-3.620306850304285 -3.620245824163749 -3.620194102101568 -3.620151727293588 -3.620118734932509 -3.620095149983152 -3.62008099126212 -3.620076270387452 -3.62008099126212 -3.620095149983152 -3.620118734932509 -3.620151727293588 -3.620194102101568 -3.620245824163749 -3.620306850304285
-3.620358405236128 -3.620297468621314 -3.620245824163749 -3.620203511927247 -3.620170566543124 -3.62014701596132 -3.620132878260664 -3.620128164447676 -3.620132878260664 -3.62014701596132 -3.620170566543124 -3.620203511927247 -3.620245824163749 -3.620297468621314 -3.620358405236128
-3.620419235727213 -3.620358405236128 -3.620306850304285 -3.620264612875061 -3.620231725891367 -3.620208215870446 -3.620194102101568 -3.620189396219833 -3.620194102101568 -3.620208215870446 -3.620231725891367 -3.620264612875061 -3.620306850304285 -3.620358405236128 -3.620419235727213
-3.635628442688516 -3.635569345576197 -3.635519127598744 -3.635477897201462 -3.635445743014869 -3.635422731546881 -3.635408906890095 -3.635404295675369 -3.635408906890095 -3.635422731546881 -3.635445743014869 -3.635477897201462 -3.635519127598744 -3.635569345576197 -3.635628442688516
-3.635569345576197 -3.635509976285676 -3.63545953237352 -3.635418124822408 -3.635385835758087 -3.63536272684404 -3.635348843347673 -3.63534421250444 -3.635348843347673 -3.63536272684404 -3.635385835758087 -3.635418124822408 -3.63545953237352 -3.635509976285676 -3.635569345576197
-3.635519127598744 -3.63545953237352 -3.635408906890095 -3.635367351654636 -3.63533494633194 -3.635311755168761 -3.635297823448349 -3.635293176849789 -3.635297823448349 -3.635311755168761 -3.63533494633194 -3.635367351654636 -3.635408906890095 -3.63545953237352 -3.635519127598744
-3.635477897201462 -3.635418124822408 -3.635367351654636 -3.635325674230983 -3.635293176849789 -3.635269923436431 -3.635255954324208 -3.635251295019191 -3.635255954324208 -3.635269923436431 -3.635293176849789 -3.635325674230983 -3.635367351654636 -3.635418124822408 -3.635477897201462
-3.635445743014869 -3.635385835758087 -3.63533494633194 -3.635293176849789 -3.635260612152836 -3.635237308138249 -3.635223307750138 -3.635218638014523 -3.635223307750138 -3.635237308138249 -3.635260612152836 -3.635293176849789 -3.63533494633194 -3.635385835758087 -3.635445743014869
-3.635422731546881 -3.63536272684404 -3.635311755168761 -3.635269923436431 -3.635237308138249 -3.635213966885046 -3.635199946218568 -3.635195270340801 -3.635199946218568 -3.635213966885046 -3.635237308138249 -3.635269923436431 -3.635311755168761 -3.63536272684404 -3.635422731546881
-3.635408906890095 -3.635348843347673 -3.635297823448349 -3.635255954324208 -3.635223307750138 -3.635199946218568 -3.635185914389174 -3.635181233863939 -3.635185914389174 -3.635199946218568 -3.635223307750138 -3.635255954324208 -3.635297823448349 -3.635348843347673 -3.635408906890095
-3.635404295675369 -3.63534421250444 -3.635293176849789 -3.635251295019191 -3.635218638014523 -3.635195270340801 -3.635181233863939 -3.635176551689993 -3.635181233863939 -3.635195270340801 -3.635218638014523 -3.635251295019191 -3.635293176849789 -3.63534421250444 -3.635404295675369
-3.635408906890095 -3.635348843347673 -3.635297823448349 -3.635255954324208 -3.635223307750138 -3.635199946218568 -3.635185914389174 -3.635181233863939 -3.635185914389174 -3.635199946218568 -3.635223307750138 -3.635255954324208 -3.635297823448349 -3.635348843347673 -3.635408906890095
-3.635422731546881 -3.63536272684404 -3.635311755168761 -3.635269923436431 -3.635237308138249 -3.635213966885046 -3.635199946218568 -3.635195270340801 -3.635199946218568 -3.635213966885046 -3.635237308138249 -3.635269923436431 -3.635311755168761 -3.63536272684404 -3.635422731546881
-3.635445743014869 -3.635385835758087 -3.63533494633194 -3.635293176849789 -3.635260612152836 -3.635237308138249 -3.635223307750138 -3.635218638014523 -3.635223307750138 -3.635237308138249 -3.635260612152836 -3.635293176849789 -3.63533494633194 -3.635385835758087 -3.635445743014869
-3.635477897201462 -3.635418124822408 -3.635367351654636 -3.635325674230983 -3.635293176849789 -3.635269923436431 -3.635255954324208 -3.635251295019191 -3.635255954324208 -3.635269923436431 -3.635293176849789 -3.635325674230983 -3.635367351654636 -3.635418124822408 -3.635477897201462
-3.635519127598744 -3.63545953237352 -3.635408906890095 -3.635367351654636 -3.63533494633194 -3.635311755168761 -3.635297823448349 -3.635293176849789 -3.635297823448349 -3.635311755168761 -3.63533494633194 -3.635367351654636 -3.635408906890095 -3.63545953237352 -3.635519127598744
-3.635569345576197 -3.635509976285676 -3.63545953237352 -3.635418124822408 -3.635385835758087 -3.63536272684404 -3.635348843347673 -3.63534421250444 -3.635348843347673 -3.63536272684404 -3.635385835758087 -3.635418124822408 -3.63545953237352 -3.635509976285676 -3.635569345576197
-3.635628442688516 -3.635569345576197 -3.635519127598744 -3.635477897201462 -3.635445743014869 -3.635422731546881 -3.635408906890095 -3.635404295675369 -3.635408906890095 -3.635422731546881 -3.635445743014869 -3.635477897201462 -3.635519127598744 -3.635569345576197 -3.635628442688516
-3.630962008994627 -3.630426087138874 -3.629970903191178 -3.629597342378611 -3.629306107889117 -3.629097707791299 -3.628972515948511 -3.628930759933812 -3.628972515948511 -3.629097707791299 -3.629306107889117 -3.629597342378611 -3.629970903191178 -3.630426087138874 -3.630962008994627
-3.630426087138874 -3.629887976686816 -3.629430997195153 -3.629055989863816 -3.628763608667362 -3.628554383830609 -3.628428697768221 -3.628386777536496 -3.628428697768221 -3.628554383830609 -3.628763608667362 -3.629055989863816 -3.629430997195153 -3.629887976686816 -3.630426087138874
-3.629970903191178 -3.629430997195153 -3.628972515948511 -3.628596254099326 -3.628302900261769 -3.628092998430989 -3.627966919353918 -3.627924869310752 -3.627966919353918 -3.628092998430989 -3.628302900261769 -3.628596254099326 -3.628972515948511 -3.629430997195153 -3.629970903191178
-3.629597342378611 -3.629055989863816 -3.628596254099326 -3.628218974673153 -3.627924869310752 -3.627714435725761 -3.627588024834054 -3.627545862177565 -3.627588024834054 -3.627714435725761 -3.627924869310752 -3.628218974673153 -3.628596254099326 -3.629055989863816 -3.629597342378611
-3.629306107889117 -3.628763608667362 -3.628302900261769 -3.627924869310752 -3.627630174594785 -3.627419296539683 -3.627292615948293 -3.627250364796679 -3.627292615948293 -3.627419296539683 -3.627630174594785 -3.627924869310752 -3.628302900261769 -3.628763608667362 -3.629306107889117
-3.629097707791299 -3.628554383830609 -3.628092998430989 -3.627714435725761 -3.627419296539683 -3.627208102580051 -3.627081257206895 -3.627038954127651 -3.627081257206895 -3.627208102580051 -3.627419296539683 -3.627714435725761 -3.628092998430989 -3.628554383830609 -3.629097707791299
-3.628972515948511 -3.628428697768221 -3.627966919353918 -3.627588024834054 -3.627292615948293 -3.627081257206895 -3.626954309120124 -3.626911963230146 -3.626954309120124 -3.627081257206895 -3.627292615948293 -3.627588024834054 -3.627966919353918 -3.628428697768221 -3.628972515948511
-3.628930759933812 -3.628386777536496 -3.627924869310752 -3.627545862177565 -3.627250364796679 -3.627038954127651 -3.626911963230146 -3.626869604326622 -3.626911963230146 -3.627038954127651 -3.627250364796679 -3.627545862177565 -3.627924869310752 -3.628386777536496 -3.628930759933812
-3.628972515948511 -3.628428697768221 -3.627966919353918 -3.627588024834054 -3.627292615948293 -3.627081257206895 -3.626954309120124 -3.626911963230146 -3.626954309120124 -3.627081257206895 -3.627292615948293 -3.627588024834054 -3.627966919353918 -3.628428697768221 -3.628972515948511
-3.629097707791299 -3.628554383830609 -3.628092998430989 -3.627714435725761 -3.627419296539683 -3.627208102580051 -3.627081257206895 -3.627038954127651 -3.627081257206895 -3.627208102580051 -3.627419296539683 -3.627714435725761 -3.628092998430989 -3.628554383830609 -3.629097707791299
-3.629306107889117 -3.628763608667362 -3.628302900261769 -3.627924869310752 -3.627630174594785 -3.627419296539683 -3.627292615948293 -3.627250364796679 -3.627292615948293 -3.627419296539683 -3.627630174594785 -3.627924869310752 -3.628302900261769 -3.628763608667362 -3.629306107889117
-3.629597342378611 -3.629055989863816 -3.628596254099326 -3.628218974673153 -3.627924869310752 -3.627714435725761 -3.627588024834054 -3.627545862177565 -3.627588024834054 -3.627714435725761 -3.627924869310752 -3.628218974673153 -3.628596254099326 -3.629055989863816 -3.629597342378611
-3.629970903191178 -3.629430997195153 -3.628972515948511 -3.628596254099326 -3.628302900261769 -3.628092998430989 -3.627966919353918 -3.627924869310752 -3.627966919353918 -3.628092998430989 -3.628302900261769 -3.628596254099326 -3.628972515948511 -3.629430997195153 -3.629970903191178
-3.630426087138874 -3.629887976686816 -3.629430997195153 -3.629055989863816 -3.628763608667362 -3.628554383830609 -3.628428697768221 -3.628386777536496 -3.628428697768221 -3.628554383830609 -3.628763608667362 -3.629055989863816 -3.629430997195153 -3.629887976686816 -3.630426087138874
-3.630962008994627 -3.630426087138874 -3.629970903191178 -3.629597342378611 -3.629306107889117 -3.629097707791299 -3.628972515948511 -3.628930759933812 -3.628972515948511 -3.629097707791299 -3.629306107889117 -3.629597342378611 -3.629970903191178 -3.630426087138874 -3.630962008994627
-3.439218069037669 -3.436099012432632 -3.433456413390505 -3.431292088637292 -3.429607319479823 -3.428403156108503 -3.427680356470046 -3.427439373289969 -3.427680356470046 -3.428403156108503 -3.429607319479823 -3.431292088637292 -3.433456413390505 -3.436099012432632 -3.439218069037669
-3.436099012432632 -3.432975625161369 -3.430329514785265 -3.42816224794435 -3.426475193044329 -3.425269421102665 -3.424545676308583 -3.424304382893049 -3.424545676308583 -3.425269421102665 -3.426475193044329 -3.42816224794435 -3.430329514785265 -3.432975625161369 -3.436099012432632
-3.433456413390505 -3.430329514785265 -3.427680356470046 -3.425510623114342 -3.423821730753768 -3.422614728031437 -3.421890253737545 -3.42164871536909 -3.421890253737545 -3.422614728031437 -3.423821730753768 -3.425510623114342 -3.427680356470046 -3.430329514785265 -3.433456413390505
-3.431292088637292 -3.42816224794435 -3.425510623114342 -3.423338994892407 -3.42164871536909 -3.420440664213336 -3.419715541934722 -3.419473785695382 -3.419715541934722 -3.420440664213336 -3.42164871536909 -3.423338994892407 -3.425510623114342 -3.42816224794435 -3.431292088637292
-3.429607319479823 -3.426475193044329 -3.423821730753768 -3.42164871536909 -3.419957273798012 -3.41874837272435 -3.418022754454606 -3.417780841287499 -3.418022754454606 -3.41874837272435 -3.419957273798012 -3.42164871536909 -3.423821730753768 -3.426475193044329 -3.429607319479823
-3.428403156108503 -3.425269421102665 -3.422614728031437 -3.420440664213336 -3.41874837272435 -3.417538911600412 -3.416813014144134 -3.416571005800717 -3.416813014144134 -3.417538911600412 -3.41874837272435 -3.420440664213336 -3.422614728031437 -3.425269421102665 -3.428403156108503
-3.427680356470046 -3.424545676308583 -3.421890253737545 -3.419715541934722 -3.418022754454606 -3.416813014144134 -3.416086912266793 -3.415844819795996 -3.416086912266793 -3.416813014144134 -3.418022754454606 -3.419715541934722 -3.421890253737545 -3.424545676308583 -3.427680356470046
-3.427439373289969 -3.424304382893049 -3.42164871536909 -3.419473785695382 -3.417780841287499 -3.416571005800717 -3.415844819795996 -3.415602707342517 -3.415844819795996 -3.416571005800717 -3.417780841287499 -3.419473785695382 -3.42164871536909 -3.424304382893049 -3.427439373289969
-3.427680356470046 -3.424545676308583 -3.421890253737545 -3.419715541934722 -3.418022754454606 -3.416813014144134 -3.416086912266793 -3.415844819795996 -3.416086912266793 -3.416813014144134 -3.418022754454606 -3.419715541934722 -3.421890253737545 -3.424545676308583 -3.427680356470046
-3.428403156108503 -3.425269421102665 -3.422614728031437 -3.420440664213336 -3.41874837272435 -3.417538911600412 -3.416813014144134 -3.416571005800717 -3.416813014144134 -3.417538911600412 -3.41874837272435 -3.420440664213336 -3.422614728031437 -3.425269421102665 -3.428403156108503
-3.429607319479823 -3.426475193044329 -3.423821730753768 -3.42164871536909 -3.419957273798012 -3.41874837272435 -3.418022754454606 -3.417780841287499 -3.418022754454606 -3.41874837272435 -3.419957273798012 -3.42164871536909 -3.423821730753768 -3.426475193044329 -3.429607319479823
-3.431292088637292 -3.42816224794435 -3.425510623114342 -3.423338994892407 -3.42164871536909 -3.420440664213336 -3.419715541934722 -3.419473785695382 -3.419715541934722 -3.420440664213336 -3.42164871536909 -3.423338994892407 -3.425510623114342 -3.42816224794435 -3.431292088637292
-3.433456413390505 -3.430329514785265 -3.427680356470046 -3.425510623114342 -3.423821730753768 -3.422614728031437 -3.421890253737545 -3.42164871536909 -3.421890253737545 -3.422614728031437 -3.423821730753768 -3.425510623114342 -3.427680356470046 -3.430329514785265 -3.433456413390505
-3.436099012432632 -3.432975625161369 -3.430329514785265 -3.42816224794435 -3.426475193044329 -3.425269421102665 -3.424545676308583 -3.424304382893049 -3.424545676308583 -3.425269421102665 -3.426475193044329 -3.42816224794435 -3.430329514785265 -3.432975625161369 -3.436099012432632
-3.439218069037669 -3.436099012432632 -3.433456413390505 -3.431292088637292 -3.429607319479823 -3.428403156108503 -3.427680356470046 -3.427439373289969 -3.427680356470046 -3.428403156108503 -3.429607319479823 -3.431292088637292 -3.433456413390505 -3.436099012432632 -3.439218069037669
-2.319642794487887 -2.316446952749216 -2.313766531095174 -2.31158977494247 -2.309907036489936 -2.308710609960033 -2.30799495561074 -2.307756768626075 -2.30799495561074 -2.308710609960033 -2.309907036489936 -2.31158977494247 -2.313766531095174 -2.316446952749216 -2.319642794487887
-2.316446952749216 -2.313281527346795 -2.310627103624824 -2.308471875756215 -2.306805824758272 -2.305621124138397 -2.304912349888506 -2.304676419208143 -2.304912349888506 -2.305621124138397 -2.306805824758272 -2.308471875756215 -2.310627103624824 -2.313281527346795 -2.316446952749216
-2.313766531095174 -2.310627103624824 -2.30799495561074 -2.305857718000874 -2.30420505413847 -2.303029631273311 -2.30232648215081 -2.302092457844507 -2.30232648215081 -2.303029631273311 -2.30420505413847 -2.305857718000874 -2.30799495561074 -2.310627103624824 -2.313766531095174
