15 -0.0015 -0.001285714285714286 -0.001071428571428571 -0.0008571428571428572 -0.0006428571428571429 -0.0004285714285714286 -0.0002142857142857143 0 0.0002142857142857143 0.0004285714285714286 0.0006428571428571429 0.0008571428571428572 0.001071428571428571 0.001285714285714286 0.0015
15 -0.0015 -0.001285714285714286 -0.001071428571428571 -0.0008571428571428572 -0.0006428571428571429 -0.0004285714285714286 -0.0002142857142857143 0 0.0002142857142857143 0.0004285714285714286 0.0006428571428571429 0.0008571428571428572 0.001071428571428571 0.001285714285714286 0.0015
32 0.307 0.3115161290322581 0.3160322580645161 0.3205483870967742 0.3250645161290323 0.3295806451612903 0.3340967741935484 0.3386129032258064 0.3431290322580645 0.3476451612903226 0.3521612903225806 0.3566774193548387 0.3611935483870968 0.3657096774193548 0.3702258064516129 0.374741935483871 0.379258064516129 0.3837741935483871 0.3882903225806452 0.3928064516129032 0.3973225806451613 0.4018387096774194 0.4063548387096774 0.4108709677419355 0.4153870967741936 0.4199032258064516 0.4244193548387097 0.4289354838709677 0.4334516129032258 0.4379677419354839 0.4424838709677419 0.447
-2.570167475890409 -2.574785468892947 -2.578629999154741 -2.581733665301343 -2.584121812068096 -2.585814024816025 -2.586824015277322 -2.587159791580316 -2.586824015277322 -2.585814024816025 -2.584121812068096 -2.581733665301343 -2.578629999154741 -2.574785468892947 -2.570167475890409
-2.574785468892947 -2.579322945478676 -2.583101066321899 -2.586151131366987 -2.588498451947518 -2.590161786654806 -2.591154497639789 -2.591484529941044 -2.591154497639789 -2.590161786654806 -2.588498451947518 -2.586151131366987 -2.583101066321899 -2.579322945478676 -2.574785468892947
-2.578629999154741 -2.583101066321899 -2.586824015277322 -2.589830004820421 -2.592143304228552 -2.593782773452582 -2.594761297616669 -2.59508660968994 -2.594761297616669 -2.593782773452582 -2.592143304228552 -2.589830004820421 -2.586824015277322 -2.583101066321899 -2.578629999154741
-2.581733665301343 -2.586151131366987 -2.589830004820421 -2.592800374966677 -2.59508660968994 -2.596706754339991 -2.597673831074415 -2.597995362726999 -2.597673831074415 -2.596706754339991 -2.59508660968994 -2.592800374966677 -2.589830004820421 -2.586151131366987 -2.581733665301343
-2.584121812068096 -2.588498451947518 -2.592143304228552 -2.59508660968994 -2.597351883356381 -2.59895743005988 -2.599915686636926 -2.600234275135405 -2.599915686636926 -2.59895743005988 -2.597351883356381 -2.59508660968994 -2.592143304228552 -2.588498451947518 -2.584121812068096
-2.585814024816025 -2.590161786654806 -2.593782773452582 -2.596706754339991 -2.59895743005988 -2.600552468377545 -2.60150464181458 -2.60182118718734 -2.60150464181458 -2.600552468377545 -2.59895743005988 -2.596706754339991 -2.593782773452582 -2.590161786654806 -2.585814024816025
-2.586824015277322 -2.591154497639789 -2.594761297616669 -2.597673831074415 -2.599915686636926 -2.60150464181458 -2.602453006698448 -2.602768364099938 -2.602453006698448 -2.60150464181458 -2.599915686636926 -2.597673831074415 -2.594761297616669 -2.591154497639789 -2.586824015277322
-2.587159791580316 -2.591484529941044 -2.59508660968994 -2.597995362726999 -2.600234275135405 -2.60182118718734 -2.602768364099938 -2.603083280931339 -2.602768364099938 -2.60182118718734 -2.600234275135405 -2.597995362726999 -2.59508660968994 -2.591484529941044 -2.587159791580316
-2.586824015277322 -2.591154497639789 -2.594761297616669 -2.597673831074415 -2.599915686636926 -2.60150464181458 -2.602453006698448 -2.602768364099938 -2.602453006698448 -2.60150464181458 -2.599915686636926 -2.597673831074415 -2.594761297616669 -2.591154497639789 -2.586824015277322
-2.585814024816025 -2.590161786654806 -2.593782773452582 -2.596706754339991 -2.59895743005988 -2.600552468377545 -2.60150464181458 -2.60182118718734 -2.60150464181458 -2.600552468377545 -2.59895743005988 -2.596706754339991 -2.593782773452582 -2.590161786654806 -2.585814024816025
-2.584121812068096 -2.588498451947518 -2.592143304228552 -2.59508660968994 -2.597351883356381 -2.59895743005988 -2.599915686636926 -2.600234275135405 -2.599915686636926 -2.59895743005988 -2.597351883356381 -2.59508660968994 -2.592143304228552 -2.588498451947518 -2.584121812068096
-2.581733665301343 -2.586151131366987 -2.589830004820421 -2.592800374966677 -2.59508660968994 -2.596706754339991 -2.597673831074415 -2.597995362726999 -2.597673831074415 -2.596706754339991 -2.59508660968994 -2.592800374966677 -2.589830004820421 -2.586151131366987 -2.581733665301343
-2.578629999154741 -2.583101066321899 -2.586824015277322 -2.589830004820421 -2.592143304228552 -2.593782773452582 -2.594761297616669 -2.59508660968994 -2.594761297616669 -2.593782773452582 -2.592143304228552 -2.589830004820421 -2.586824015277322 -2.583101066321899 -2.578629999154741
-2.574785468892947 -2.579322945478676 -2.583101066321899 -2.586151131366987 -2.588498451947518 -2.590161786654806 -2.591154497639789 -2.591484529941044 -2.591154497639789 -2.590161786654806 -2.588498451947518 -2.586151131366987 -2.583101066321899 -2.579322945478676 -2.574785468892947
-2.570167475890409 -2.574785468892947 -2.578629999154741 -2.581733665301343 -2.584121812068096 -2.585814024816025 -2.586824015277322 -2.587159791580316 -2.586824015277322 -2.585814024816025 -2.584121812068096 -2.581733665301343 -2.578629999154741 -2.574785468892947 -2.570167475890409
-2.698942451138067 -2.700042862708957 -2.700988032558362 -2.701770748240593 -2.702385278705058 -2.702827211891719 -2.703093556543426 -2.703182535846154 -2.703093556543426 -2.702827211891719 -2.702385278705058 -2.701770748240593 -2.700988032558362 -2.700042862708957 -2.698942451138067
-2.700042862708957 -2.701161241756995 -2.702121302102213 -2.702915894578941 -2.703539440690263 -2.70398778088421 -2.704257944790228 -2.704348186853079 -2.704257944790228 -2.70398778088421 -2.703539440690263 -2.702915894578941 -2.702121302102213 -2.701161241756995 -2.700042862708957
-2.700988032558362 -2.702121302102213 -2.703093556543426 -2.703897918023105 -2.704528950861785 -2.704982507351867 -2.705255776892311 -2.705347055824651 -2.705255776892311 -2.704982507351867 -2.704528950861785 -2.703897918023105 -2.703093556543426 -2.702121302102213 -2.700988032558362
-2.701770748240593 -2.702915894578941 -2.703897918023105 -2.704710090209098 -2.705347055824651 -2.705804844643475 -2.706080598091682 -2.706172697151817 -2.706080598091682 -2.705804844643475 -2.705347055824651 -2.704710090209098 -2.703897918023105 -2.702915894578941 -2.701770748240593
-2.702385278705058 -2.703539440690263 -2.704528950861785 -2.705347055824651 -2.705988590170923 -2.70644954670748 -2.706727224907737 -2.706819962847713 -2.706727224907737 -2.70644954670748 -2.705988590170923 -2.705347055824651 -2.704528950861785 -2.703539440690263 -2.702385278705058
-2.702827211891719 -2.70398778088421 -2.704982507351867 -2.705804844643475 -2.70644954670748 -2.706912784073944 -2.707191772027508 -2.707284951945824 -2.707191772027508 -2.706912784073944 -2.70644954670748 -2.705804844643475 -2.704982507351867 -2.70398778088421 -2.702827211891719
-2.703093556543426 -2.704257944790228 -2.705255776892311 -2.706080598091682 -2.706727224907737 -2.707191772027508 -2.707471585427464 -2.707565019965777 -2.707471585427464 -2.707191772027508 -2.706727224907737 -2.706080598091682 -2.705255776892311 -2.704257944790228 -2.703093556543426
-2.703182535846154 -2.704348186853079 -2.705347055824651 -2.706172697151817 -2.706819962847713 -2.707284951945824 -2.707565019965777 -2.707658550286587 -2.707565019965777 -2.707284951945824 -2.706819962847713 -2.706172697151817 -2.705347055824651 -2.704348186853079 -2.703182535846154
-2.703093556543426 -2.704257944790228 -2.705255776892311 -2.706080598091682 -2.706727224907737 -2.707191772027508 -2.707471585427464 -2.707565019965777 -2.707471585427464 -2.707191772027508 -2.706727224907737 -2.706080598091682 -2.705255776892311 -2.704257944790228 -2.703093556543426
-2.702827211891719 -2.70398778088421 -2.704982507351867 -2.705804844643475 -2.70644954670748 -2.706912784073944 -2.707191772027508 -2.707284951945824 -2.707191772027508 -2.706912784073944 -2.70644954670748 -2.705804844643475 -2.704982507351867 -2.70398778088421 -2.702827211891719
-2.702385278705058 -2.703539440690263 -2.704528950861785 -2.705347055824651 -2.705988590170923 -2.70644954670748 -2.706727224907737 -2.706819962847713 -2.706727224907737 -2.70644954670748 -2.705988590170923 -2.705347055824651 -2.704528950861785 -2.703539440690263 -2.702385278705058
-2.701770748240593 -2.702915894578941 -2.703897918023105 -2.704710090209098 -2.705347055824651 -2.705804844643475 -2.706080598091682 -2.706172697151817 -2.706080598091682 -2.705804844643475 -2.705347055824651 -2.704710090209098 -2.703897918023105 -2.702915894578941 -2.701770748240593
-2.700988032558362 -2.702121302102213 -2.703093556543426 -2.703897918023105 -2.704528950861785 -2.704982507351867 -2.705255776892311 -2.705347055824651 -2.705255776892311 -2.704982507351867 -2.704528950861785 -2.703897918023105 -2.703093556543426 -2.702121302102213 -2.700988032558362
-2.700042862708957 -2.701161241756995 -2.702121302102213 -2.702915894578941 -2.703539440690263 -2.70398778088421 -2.704257944790228 -2.704348186853079 -2.704257944790228 -2.70398778088421 -2.703539440690263 -2.702915894578941 -2.702121302102213 -2.701161241756995 -2.700042862708957
-2.698942451138067 -2.700042862708957 -2.700988032558362 -2.701770748240593 -2.702385278705058 -2.702827211891719 -2.703093556543426 -2.703182535846154 -2.703093556543426 -2.702827211891719 -2.702385278705058 -2.701770748240593 -2.700988032558362 -2.700042862708957 -2.698942451138067
-2.903921739485237 -2.903754807171471 -2.903615305483707 -2.903502434976144 -2.903415467428458 -2.903353799068152 -2.903316983347874 -2.903304742814365 -2.903316983347874 -2.903353799068152 -2.903415467428458 -2.903502434976144 -2.903615305483707 -2.903754807171471 -2.903921739485237
-2.903754807171471 -2.903590122032589 -2.903452650213662 -2.903341511557167 -2.903255939754344 -2.903195298756021 -2.903159107565381 -2.903147076483946 -2.903159107565381 -2.903195298756021 -2.903255939754344 -2.903341511557167 -2.903452650213662 -2.903590122032589 -2.903754807171471
-2.903615305483707 -2.903452650213662 -2.903316983347874 -2.903207394785032 -2.903123063920873 -2.903063326546699 -2.903027689416095 -2.903015845041824 -2.903027689416095 -2.903063326546699 -2.903123063920873 -2.903207394785032 -2.903316983347874 -2.903452650213662 -2.903615305483707
-2.903502434976144 -2.903341511557167 -2.903207394785032 -2.903099118173638 -2.903015845041824 -2.902956880989767 -2.902921710112401 -2.902910022105222 -2.902921710112401 -2.902956880989767 -2.903015845041824 -2.903099118173638 -2.903207394785032 -2.903341511557167 -2.903502434976144
-2.903415467428458 -2.903255939754344 -2.903123063920873 -2.903015845041824 -2.90293341604116 -2.90287506691949 -2.902840275527328 -2.902828713405023 -2.902840275527328 -2.90287506691949 -2.90293341604116 -2.903015845041824 -2.903123063920873 -2.903255939754344 -2.903415467428458
-2.903353799068152 -2.903195298756021 -2.903063326546699 -2.902956880989767 -2.90287506691949 -2.902817168749084 -2.902782645392775 -2.902771176158678 -2.902782645392775 -2.902817168749084 -2.90287506691949 -2.902956880989767 -2.903063326546699 -2.903195298756021 -2.903353799068152
-2.903316983347874 -2.903159107565381 -2.903027689416095 -2.902921710112401 -2.902840275527328 -2.902782645392775 -2.902748293758611 -2.902736877382662 -2.902748293758611 -2.902782645392775 -2.902840275527328 -2.902921710112401 -2.903027689416095 -2.903159107565381 -2.903316983347874
-2.903304742814365 -2.903147076483946 -2.903015845041824 -2.902910022105222 -2.902828713405023 -2.902771176158678 -2.902736877382662 -2.902725482060386 -2.902736877382662 -2.902771176158678 -2.902828713405023 -2.902910022105222 -2.903015845041824 -2.903147076483946 -2.903304742814365
-2.903316983347874 -2.903159107565381 -2.903027689416095 -2.902921710112401 -2.902840275527328 -2.902782645392775 -2.902748293758611 -2.902736877382662 -2.902748293758611 -2.902782645392775 -2.902840275527328 -2.902921710112401 -2.903027689416095 -2.903159107565381 -2.903316983347874
-2.903353799068152 -2.903195298756021 -2.903063326546699 -2.902956880989767 -2.90287506691949 -2.902817168749084 -2.902782645392775 -2.902771176158678 -2.902782645392775 -2.902817168749084 -2.90287506691949 -2.902956880989767 -2.903063326546699 -2.903195298756021 -2.903353799068152
-2.903415467428458 -2.903255939754344 -2.903123063920873 -2.903015845041824 -2.90293341604116 -2.90287506691949 -2.902840275527328 -2.902828713405023 -2.902840275527328 -2.90287506691949 -2.90293341604116 -2.903015845041824 -2.903123063920873 -2.903255939754344 -2.903415467428458
-2.903502434976144 -2.903341511557167 -2.903207394785032 -2.903099118173638 -2.903015845041824 -2.902956880989767 -2.902921710112401 -2.902910022105222 -2.902921710112401 -2.902956880989767 -2.903015845041824 -2.903099118173638 -2.903207394785032 -2.903341511557167 -2.903502434976144
-2.903615305483707 -2.903452650213662 -2.903316983347874 -2.903207394785032 -2.903123063920873 -2.903063326546699 -2.903027689416095 -2.903015845041824 -2.903027689416095 -2.903063326546699 -2.903123063920873 -2.903207394785032 -2.903316983347874 -2.903452650213662 -2.903615305483707
-2.903754807171471 -2.903590122032589 -2.903452650213662 -2.903341511557167 -2.903255939754344 -2.903195298756021 -2.903159107565381 -2.903147076483946 -2.903159107565381 -2.903195298756021 -2.903255939754344 -2.903341511557167 -2.903452650213662 -2.903590122032589 -2.903754807171471
-2.903921739485237 -2.903754807171471 -2.903615305483707 -2.903502434976144 -2.903415467428458 -2.903353799068152 -2.903316983347874 -2.903304742814365 -2.903316983347874 -2.903353799068152 -2.903415467428458 -2.903502434976144 -2.903615305483707 -2.903754807171471 -2.903921739485237
-3.096824667053273 -3.09637084821014 -3.095988151285627 -3.095675897036308 -3.095433558759615 -3.095260741567023 -3.095157162983602 -3.095122655239154 -3.095157162983602 -3.095260741567023 -3.095433558759615 -3.095675897036308 -3.095988151285627 -3.09637084821014 -3.096824667053273
-3.09637084821014 -3.095918695808148 -3.095537361589056 -3.095226206112561 -3.094984715097506 -3.09481249041908 -3.094709263140386 -3.094674872062813 -3.094709263140386 -3.09481249041908 -3.094984715097506 -3.095226206112561 -3.095537361589056 -3.095918695808148 -3.09637084821014
-3.095988151285627 -3.095537361589056 -3.095157162983602 -3.094846917485155 -3.094606116963805 -3.094434386560857 -3.094331454833298 -3.094297161455957 -3.094331454833298 -3.094434386560857 -3.094606116963805 -3.094846917485155 -3.095157162983602 -3.095537361589056 -3.095988151285627
-3.095675897036308 -3.095226206112561 -3.094846917485155 -3.094537397906558 -3.094297161455957 -3.094125822555034 -3.094023123640397 -3.09398890828392 -3.094023123640397 -3.094125822555034 -3.094297161455957 -3.094537397906558 -3.094846917485155 -3.095226206112561 -3.095675897036308
-3.095433558759615 -3.094984715097506 -3.094606116963805 -3.094297161455957 -3.094057347812524 -3.093886314778598 -3.093783797274178 -3.093749640969881 -3.093783797274178 -3.093886314778598 -3.094057347812524 -3.094297161455957 -3.094606116963805 -3.094984715097506 -3.095433558759615
-3.095260741567023 -3.09481249041908 -3.094434386560857 -3.094125822555034 -3.093886314778598 -3.093715493048312 -3.093613101711571 -3.0935789891335 -3.093613101711571 -3.093715493048312 -3.093886314778598 -3.094125822555034 -3.094434386560857 -3.09481249041908 -3.095260741567023
-3.095157162983602 -3.094709263140386 -3.094331454833298 -3.094023123640397 -3.093783797274178 -3.093613101711571 -3.093510788306678 -3.093476699058617 -3.093510788306678 -3.093613101711571 -3.093783797274178 -3.094023123640397 -3.094331454833298 -3.094709263140386 -3.095157162983602
-3.095122655239154 -3.094674872062813 -3.094297161455957 -3.09398890828392 -3.093749640969881 -3.0935789891335 -3.093476699058617 -3.093442619567999 -3.093476699058617 -3.0935789891335 -3.093749640969881 -3.09398890828392 -3.094297161455957 -3.094674872062813 -3.095122655239154
-3.095157162983602 -3.094709263140386 -3.094331454833298 -3.094023123640397 -3.093783797274178 -3.093613101711571 -3.093510788306678 -3.093476699058617 -3.093510788306678 -3.093613101711571 -3.093783797274178 -3.094023123640397 -3.094331454833298 -3.094709263140386 -3.095157162983602
-3.095260741567023 -3.09481249041908 -3.094434386560857 -3.094125822555034 -3.093886314778598 -3.093715493048312 -3.093613101711571 -3.0935789891335 -3.093613101711571 -3.093715493048312 -3.093886314778598 -3.094125822555034 -3.094434386560857 -3.09481249041908 -3.095260741567023
-3.095433558759615 -3.094984715097506 -3.094606116963805 -3.094297161455957 -3.094057347812524 -3.093886314778598 -3.093783797274178 -3.093749640969881 -3.093783797274178 -3.093886314778598 -3.094057347812524 -3.094297161455957 -3.094606116963805 -3.094984715097506 -3.095433558759615
-3.095675897036308 -3.095226206112561 -3.094846917485155 -3.094537397906558 -3.094297161455957 -3.094125822555034 -3.094023123640397 -3.09398890828392 -3.094023123640397 -3.094125822555034 -3.094297161455957 -3.094537397906558 -3.094846917485155 -3.095226206112561 -3.095675897036308
-3.095988151285627 -3.095537361589056 -3.095157162983602 -3.094846917485155 -3.094606116963805 -3.094434386560857 -3.094331454833298 -3.094297161455957 -3.094331454833298 -3.094434386560857 -3.094606116963805 -3.094846917485155 -3.095157162983602 -3.095537361589056 -3.095988151285627
-3.09637084821014 -3.095918695808148 -3.095537361589056 -3.095226206112561 -3.094984715097506 -3.09481249041908 -3.094709263140386 -3.094674872062813 -3.094709263140386 -3.09481249041908 -3.094984715097506 -3.095226206112561 -3.095537361589056 -3.095918695808148 -3.09637084821014
-3.096824667053273 -3.09637084821014 -3.095988151285627 -3.095675897036308 -3.095433558759615 -3.095260741567023 -3.095157162983602 -3.095122655239154 -3.095157162983602 -3.095260741567023 -3.095433558759615 -3.095675897036308 -3.095988151285627 -3.09637084821014 -3.096824667053273
-3.258057885670004 -3.257522322276881 -3.257069464227256 -3.25669916499075 -3.25641129509971 -3.256205749919528 -3.256082453422187 -3.256041359765339 -3.256082453422187 -3.256205749919528 -3.25641129509971 -3.25669916499075 -3.257069464227256 -3.257522322276881 -3.258057885670004
-3.257522322276881 -3.256987158098457 -3.256534652723829 -3.256164648526171 -3.255877011366594 -3.255671635543587 -3.255548442224208 -3.25550738317616 -3.255548442224208 -3.255671635543587 -3.255877011366594 -3.256164648526171 -3.256534652723829 -3.256987158098457 -3.257522322276881
-3.257069464227256 -3.256534652723829 -3.256082453422187 -3.255712705361781 -3.255425273179143 -3.255220045301694 -3.255096940794893 -3.255055911422398 -3.255096940794893 -3.255220045301694 -3.255425273179143 -3.255712705361781 -3.256082453422187 -3.256534652723829 -3.257069464227256
-3.25669916499075 -3.256164648526171 -3.255712705361781 -3.255343173972974 -3.255055911422398 -3.254850806345245 -3.254727777165236 -3.254686773097892 -3.254727777165236 -3.254850806345245 -3.255055911422398 -3.255343173972974 -3.255712705361781 -3.256164648526171 -3.25669916499075
-3.25641129509971 -3.255877011366594 -3.255425273179143 -3.255055911422398 -3.254768784057271 -3.254563777581831 -3.254440806544232 -3.254399821818895 -3.254440806544232 -3.254563777581831 -3.254768784057271 -3.255055911422398 -3.255425273179143 -3.255877011366594 -3.25641129509971
-3.256205749919528 -3.255671635543587 -3.255220045301694 -3.254850806345245 -3.254563777581831 -3.254358840013598 -3.254235912602664 -3.254194942774474 -3.254235912602664 -3.254358840013598 -3.254563777581831 -3.254850806345245 -3.255220045301694 -3.255671635543587 -3.256205749919528
-3.256082453422187 -3.255548442224208 -3.255096940794893 -3.254727777165236 -3.254440806544232 -3.254235912602664 -3.254113010882423 -3.254072048947629 -3.254113010882423 -3.254235912602664 -3.254440806544232 -3.254727777165236 -3.255096940794893 -3.255548442224208 -3.256082453422187
-3.256041359765339 -3.25550738317616 -3.255055911422398 -3.254686773097892 -3.254399821818895 -3.254194942774474 -3.254072048947629 -3.25403109050227 -3.254072048947629 -3.254194942774474 -3.254399821818895 -3.254686773097892 -3.255055911422398 -3.25550738317616 -3.256041359765339
-3.256082453422187 -3.255548442224208 -3.255096940794893 -3.254727777165236 -3.254440806544232 -3.254235912602664 -3.254113010882423 -3.254072048947629 -3.254113010882423 -3.254235912602664 -3.254440806544232 -3.254727777165236 -3.255096940794893 -3.255548442224208 -3.256082453422187
-3.256205749919528 -3.255671635543587 -3.255220045301694 -3.254850806345245 -3.254563777581831 -3.254358840013598 -3.254235912602664 -3.254194942774474 -3.254235912602664 -3.254358840013598 -3.254563777581831 -3.254850806345245 -3.255220045301694 -3.255671635543587 -3.256205749919528
-3.25641129509971 -3.255877011366594 -3.255425273179143 -3.255055911422398 -3.254768784057271 -3.254563777581831 -3.254440806544232 -3.254399821818895 -3.254440806544232 -3.254563777581831 -3.254768784057271 -3.255055911422398 -3.255425273179143 -3.255877011366594 -3.25641129509971
-3.25669916499075 -3.256164648526171 -3.255712705361781 -3.255343173972974 -3.255055911422398 -3.254850806345245 -3.254727777165236 -3.254686773097892 -3.254727777165236 -3.254850806345245 -3.255055911422398 -3.255343173972974 -3.255712705361781 -3.256164648526171 -3.25669916499075
-3.257069464227256 -3.256534652723829 -3.256082453422187 -3.255712705361781 -3.255425273179143 -3.255220045301694 -3.255096940794893 -3.255055911422398 -3.255096940794893 -3.255220045301694 -3.255425273179143 -3.255712705361781 -3.256082453422187 -3.256534652723829 -3.257069464227256
-3.257522322276881 -3.256987158098457 -3.256534652723829 -3.256164648526171 -3.255877011366594 -3.255671635543587 -3.255548442224208 -3.25550738317616 -3.255548442224208 -3.255671635543587 -3.255877011366594 -3.256164648526171 -3.256534652723829 -3.256987158098457 -3.257522322276881
-3.258057885670004 -3.257522322276881 -3.257069464227256 -3.25669916499075 -3.25641129509971 -3.256205749919528 -3.256082453422187 -3.256041359765339 -3.256082453422187 -3.256205749919528 -3.25641129509971 -3.25669916499075 -3.257069464227256 -3.257522322276881 -3.258057885670004
-3.382804549329896 -3.382314414386237 -3.381899792423462 -3.381560630049656 -3.381296882213818 -3.381108514615343 -3.380995503845573 -3.380957835232167 -3.380995503845573 -3.381108514615343 -3.381296882213818 -3.381560630049656 -3.381899792423462 -3.382314414386237 -3.382804549329896
-3.382314414386237 -3.381824417296218 -3.381409912240415 -3.381070843537606 -3.380807168995034 -3.380618854611869 -3.380505875687108 -3.380468217637164 -3.380505875687108 -3.380618854611869 -3.380807168995034 -3.381070843537606 -3.381409912240415 -3.381824417296218 -3.382314414386237
-3.381899792423462 -3.381409912240415 -3.380995503845573 -3.380656515861785 -3.380392903885403 -3.380204633038016 -3.380091680251164 -3.38005403097445 -3.380091680251164 -3.380204633038016 -3.380392903885403 -3.380656515861785 -3.380995503845573 -3.381409912240415 -3.381899792423462
-3.381560630049656 -3.381070843537606 -3.380656515861785 -3.38031759320613 -3.38005403097445 -3.379865796980849 -3.379752866338705 -3.379715224353149 -3.379752866338705 -3.379865796980849 -3.38005403097445 -3.38031759320613 -3.380656515861785 -3.381070843537606 -3.381560630049656
-3.381296882213818 -3.380807168995034 -3.380392903885403 -3.38005403097445 -3.379790509094028 -3.379602302816892 -3.379489388416539 -3.379451751967702 -3.379489388416539 -3.379602302816892 -3.379790509094028 -3.38005403097445 -3.380392903885403 -3.380807168995034 -3.381296882213818
-3.381108514615343 -3.380618854611869 -3.380204633038016 -3.379865796980849 -3.379602302816892 -3.379414116378075 -3.379301214721812 -3.37926358241603 -3.379301214721812 -3.379414116378075 -3.379602302816892 -3.379865796980849 -3.380204633038016 -3.380618854611869 -3.381108514615343
-3.380995503845573 -3.380505875687108 -3.380091680251164 -3.379752866338705 -3.379489388416539 -3.379301214721812 -3.379188319747309 -3.379150689644074 -3.379188319747309 -3.379301214721812 -3.379489388416539 -3.379752866338705 -3.380091680251164 -3.380505875687108 -3.380995503845573
-3.380957835232167 -3.380468217637164 -3.38005403097445 -3.379715224353149 -3.379451751967702 -3.37926358241603 -3.379150689644074 -3.379113060551197 -3.379150689644074 -3.37926358241603 -3.379451751967702 -3.379715224353149 -3.38005403097445 -3.380468217637164 -3.380957835232167
-3.380995503845573 -3.380505875687108 -3.380091680251164 -3.379752866338705 -3.379489388416539 -3.379301214721812 -3.379188319747309 -3.379150689644074 -3.379188319747309 -3.379301214721812 -3.379489388416539 -3.379752866338705 -3.380091680251164 -3.380505875687108 -3.380995503845573
-3.381108514615343 -3.380618854611869 -3.380204633038016 -3.379865796980849 -3.379602302816892 -3.379414116378075 -3.379301214721812 -3.37926358241603 -3.379301214721812 -3.379414116378075 -3.379602302816892 -3.379865796980849 -3.380204633038016 -3.380618854611869 -3.381108514615343
-3.381296882213818 -3.380807168995034 -3.380392903885403 -3.38005403097445 -3.379790509094028 -3.379602302816892 -3.379489388416539 -3.379451751967702 -3.379489388416539 -3.379602302816892 -3.379790509094028 -3.38005403097445 -3.380392903885403 -3.380807168995034 -3.381296882213818
-3.381560630049656 -3.381070843537606 -3.380656515861785 -3.38031759320613 -3.38005403097445 -3.379865796980849 -3.379752866338705 -3.379715224353149 -3.379752866338705 -3.379865796980849 -3.38005403097445 -3.38031759320613 -3.380656515861785 -3.381070843537606 -3.381560630049656
-3.381899792423462 -3.381409912240415 -3.380995503845573 -3.380656515861785 -3.380392903885403 -3.380204633038016 -3.380091680251164 -3.38005403097445 -3.380091680251164 -3.380204633038016 -3.380392903885403 -3.380656515861785 -3.380995503845573 -3.381409912240415 -3.381899792423462
-3.382314414386237 -3.381824417296218 -3.381409912240415 -3.381070843537606 -3.380807168995034 -3.380618854611869 -3.380505875687108 -3.380468217637164 -3.380505875687108 -3.380618854611869 -3.380807168995034 -3.381070843537606 -3.381409912240415 -3.381824417296218 -3.382314414386237
-3.382804549329896 -3.382314414386237 -3.381899792423462 -3.381560630049656 -3.381296882213818 -3.381108514615343 -3.380995503845573 -3.380957835232167 -3.380995503845573 -3.381108514615343 -3.381296882213818 -3.381560630049656 -3.381899792423462 -3.382314414386237 -3.382804549329896
-3.474134083695816 -3.473719079159046 -3.473367990692467 -3.473080781224006 -3.472857422048554 -3.472697894583542 -3.472602184093553 -3.472570281582357 -3.472602184093553 -3.472697894583542 -3.472857422048554 -3.473080781224006 -3.473367990692467 -3.473719079159046 -3.474134083695816
-3.473719079159046 -3.473304162999348 -3.472953144580096 -3.472665990591644 -3.472442676383142 -3.472283180458192 -3.472187488247613 -3.472155591683991 -3.472187488247613 -3.472283180458192 -3.472442676383142 -3.472665990591644 -3.472953144580096 -3.473304162999348 -3.473719079159046
-3.473367990692467 -3.472953144580096 -3.472602184093553 -3.472315078732632 -3.472091799760839 -3.471932328162925 -3.471836651009179 -3.471804759580303 -3.471836651009179 -3.471932328162925 -3.472091799760839 -3.472315078732632 -3.472602184093553 -3.472953144580096 -3.473367990692467
-3.473080781224006 -3.472665990591644 -3.472315078732632 -3.472028009664793 -3.471804759580303 -3.471645309374194 -3.471549644441442 -3.471517756895572 -3.471549644441442 -3.471645309374194 -3.471804759580303 -3.472028009664793 -3.472315078732632 -3.472665990591644 -3.473080781224006
-3.472857422048554 -3.472442676383142 -3.472091799760839 -3.471804759580303 -3.471581532354474 -3.471422096639027 -3.47132644066822 -3.471294556319393 -3.47132644066822 -3.471422096639027 -3.471581532354474 -3.471804759580303 -3.472091799760839 -3.472442676383142 -3.472857422048554
-3.472697894583542 -3.472283180458192 -3.471932328162925 -3.471645309374194 -3.471422096639027 -3.471262672454221 -3.471167023577078 -3.471135141353372 -3.471167023577078 -3.471262672454221 -3.471422096639027 -3.471645309374194 -3.471932328162925 -3.472283180458192 -3.472697894583542
-3.472602184093553 -3.472187488247613 -3.471836651009179 -3.471549644441442 -3.47132644066822 -3.471167023577078 -3.471071377901848 -3.471039496934414 -3.471071377901848 -3.471167023577078 -3.47132644066822 -3.471549644441442 -3.471836651009179 -3.472187488247613 -3.472602184093553
-3.472570281582357 -3.472155591683991 -3.471804759580303 -3.471517756895572 -3.471294556319393 -3.471135141353372 -3.471039496934414 -3.471007616527384 -3.471039496934414 -3.471135141353372 -3.471294556319393 -3.471517756895572 -3.471804759580303 -3.472155591683991 -3.472570281582357
-3.472602184093553 -3.472187488247613 -3.471836651009179 -3.471549644441442 -3.47132644066822 -3.471167023577078 -3.471071377901848 -3.471039496934414 -3.471071377901848 -3.471167023577078 -3.47132644066822 -3.471549644441442 -3.471836651009179 -3.472187488247613 -3.472602184093553
-3.472697894583542 -3.472283180458192 -3.471932328162925 -3.471645309374194 -3.471422096639027 -3.471262672454221 -3.471167023577078 -3.471135141353372 -3.471167023577078 -3.471262672454221 -3.471422096639027 -3.471645309374194 -3.471932328162925 -3.472283180458192 -3.472697894583542
-3.472857422048554 -3.472442676383142 -3.472091799760839 -3.471804759580303 -3.471581532354474 -3.471422096639027 -3.47132644066822 -3.471294556319393 -3.47132644066822 -3.471422096639027 -3.471581532354474 -3.471804759580303 -3.472091799760839 -3.472442676383142 -3.472857422048554
-3.473080781224006 -3.472665990591644 -3.472315078732632 -3.472028009664793 -3.471804759580303 -3.471645309374194 -3.471549644441442 -3.471517756895572 -3.471549644441442 -3.471645309374194 -3.471804759580303 -3.472028009664793 -3.472315078732632 -3.472665990591644 -3.473080781224006
-3.473367990692467 -3.472953144580096 -3.472602184093553 -3.472315078732632 -3.472091799760839 -3.471932328162925 -3.471836651009179 -3.471804759580303 -3.471836651009179 -3.471932328162925 -3.472091799760839 -3.472315078732632 -3.472602184093553 -3.472953144580096 -3.473367990692467
-3.473719079159046 -3.473304162999348 -3.472953144580096 -3.472665990591644 -3.472442676383142 -3.472283180458192 -3.472187488247613 -3.472155591683991 -3.472187488247613 -3.472283180458192 -3.472442676383142 -3.472665990591644 -3.472953144580096 -3.473304162999348 -3.473719079159046
-3.474134083695816 -3.473719079159046 -3.473367990692467 -3.473080781224006 -3.472857422048554 -3.472697894583542 -3.472602184093553 -3.472570281582357 -3.472602184093553 -3.472697894583542 -3.472857422048554 -3.473080781224006 -3.473367990692467 -3.473719079159046 -3.474134083695816
-3.5371445490583 -3.536816599273982 -3.536539123421582 -3.536312110149852 -3.536135553935408 -3.536009448250659 -3.535933787105112 -3.535908567088001 -3.535933787105112 -3.536009448250659 -3.536135553935408 -3.536312110149852 -3.536539123421582 -3.536816599273982 -3.5371445490583
-3.536816599273982 -3.536488675104089 -3.536211219685423 -3.535984227684045 -3.535807688769253 -3.535681594535199 -3.535605939730735 -3.535580721816957 -3.535605939730735 -3.535681594535199 -3.535807688769253 -3.535984227684045 -3.536211219685423 -3.536488675104089 -3.536816599273982
-3.536539123421582 -3.536211219685423 -3.535933787105112 -3.535706813079567 -3.535530286689284 -3.535404202889401 -3.535328555273554 -3.535303339823952 -3.535328555273554 -3.535404202889401 -3.535530286689284 -3.535706813079567 -3.535933787105112 -3.536211219685423 -3.536539123421582
-3.536312110149852 -3.535984227684045 -3.535706813079567 -3.535479852487179 -3.535303339823952 -3.535177265458537 -3.535101622770922 -3.535076408804438 -3.535101622770922 -3.535177265458537 -3.535303339823952 -3.535479852487179 -3.535706813079567 -3.535984227684045 -3.536312110149852
-3.536135553935408 -3.535807688769253 -3.535530286689284 -3.535303339823952 -3.535126836872693 -3.535000768439685 -3.534925130425147 -3.534899918261611 -3.534925130425147 -3.535000768439685 -3.535126836872693 -3.535303339823952 -3.535530286689284 -3.535807688769253 -3.536135553935408
-3.536009448250659 -3.535681594535199 -3.535404202889401 -3.535177265458537 -3.535000768439685 -3.534874706336769 -3.534799071741621 -3.534773860420708 -3.534799071741621 -3.534874706336769 -3.535000768439685 -3.535177265458537 -3.535404202889401 -3.535681594535199 -3.536009448250659
-3.535933787105112 -3.535605939730735 -3.535328555273554 -3.535101622770922 -3.534925130425147 -3.534799071741621 -3.534723438385673 -3.534698227847021 -3.534723438385673 -3.534799071741621 -3.534925130425147 -3.535101622770922 -3.535328555273554 -3.535605939730735 -3.535933787105112
-3.535908567088001 -3.535580721816957 -3.535303339823952 -3.535076408804438 -3.534899918261611 -3.534773860420708 -3.534698227847021 -3.53467301759408 -3.534698227847021 -3.534773860420708 -3.534899918261611 -3.535076408804438 -3.535303339823952 -3.535580721816957 -3.535908567088001
-3.535933787105112 -3.535605939730735 -3.535328555273554 -3.535101622770922 -3.534925130425147 -3.534799071741621 -3.534723438385673 -3.534698227847021 -3.534723438385673 -3.534799071741621 -3.534925130425147 -3.535101622770922 -3.535328555273554 -3.535605939730735 -3.535933787105112
-3.536009448250659 -3.535681594535199 -3.535404202889401 -3.535177265458537 -3.535000768439685 -3.534874706336769 -3.534799071741621 -3.534773860420708 -3.534799071741621 -3.534874706336769 -3.535000768439685 -3.535177265458537 -3.535404202889401 -3.535681594535199 -3.536009448250659
-3.536135553935408 -3.535807688769253 -3.535530286689284 -3.535303339823952 -3.535126836872693 -3.535000768439685 -3.534925130425147 -3.534899918261611 -3.534925130425147 -3.535000768439685 -3.535126836872693 -3.535303339823952 -3.535530286689284 -3.535807688769253 -3.536135553935408
-3.536312110149852 -3.535984227684045 -3.535706813079567 -3.535479852487179 -3.535303339823952 -3.535177265458537 -3.535101622770922 -3.535076408804438 -3.535101622770922 -3.535177265458537 -3.535303339823952 -3.535479852487179 -3.535706813079567 -3.535984227684045 -3.536312110149852
-3.536539123421582 -3.536211219685423 -3.535933787105112 -3.535706813079567 -3.535530286689284 -3.535404202889401 -3.535328555273554 -3.535303339823952 -3.535328555273554 -3.535404202889401 -3.535530286689284 -3.535706813079567 -3.535933787105112 -3.536211219685423 -3.536539123421582
-3.536816599273982 -3.536488675104089 -3.536211219685423 -3.535984227684045 -3.535807688769253 -3.535681594535199 -3.535605939730735 -3.535580721816957 -3.535605939730735 -3.535681594535199 -3.535807688769253 -3.535984227684045 -3.536211219685423 -3.536488675104089 -3.536816599273982
-3.5371445490583 -3.536816599273982 -3.536539123421582 -3.536312110149852 -3.536135553935408 -3.536009448250659 -3.535933787105112 -3.535908567088001 -3.535933787105112 -3.536009448250659 -3.536135553935408 -3.536312110149852 -3.536539123421582 -3.536816599273982 -3.5371445490583
-3.577727822076038 -3.577496083669387 -3.577299954789249 -3.577139456404989 -3.577014607907422 -3.576925421153903 -3.57687190522808 -3.576854065921351 -3.57687190522808 -3.576925421153903 -3.577014607907422 -3.577139456404989 -3.577299954789249 -3.577496083669387 -3.577727822076038
-3.577496083669387 -3.577264290556327 -3.577068116214969 -3.576907582841013 -3.576782705276545 -3.576693496501948 -3.576639967402191 -3.576622123808646 -3.576639967402191 -3.576693496501948 -3.576782705276545 -3.576907582841013 -3.577068116214969 -3.577264290556327 -3.577496083669387
-3.577299954789249 -3.577068116214969 -3.57687190522808 -3.576711338976574 -3.576586435758113 -3.576497210393775 -3.576443671387276 -3.57642582438675 -3.576443671387276 -3.576497210393775 -3.576586435758113 -3.576711338976574 -3.57687190522808 -3.577068116214969 -3.577299954789249
-3.577139456404989 -3.576907582841013 -3.576711338976574 -3.576550746528547 -3.57642582438675 -3.576336584088945 -3.576283035459316 -3.576265185319462 -3.576283035459316 -3.576336584088945 -3.57642582438675 -3.576550746528547 -3.576711338976574 -3.576907582841013 -3.577139456404989
-3.577014607907422 -3.576782705276545 -3.576586435758113 -3.57642582438675 -3.576300885346897 -3.576211633305963 -3.576158078694471 -3.576140226522016 -3.576158078694471 -3.576211633305963 -3.576300885346897 -3.57642582438675 -3.576586435758113 -3.576782705276545 -3.577014607907422
-3.576925421153903 -3.576693496501948 -3.576497210393775 -3.576336584088945 -3.576211633305963 -3.576122374005082 -3.576068814162581 -3.576050960054537 -3.576068814162581 -3.576122374005082 -3.576211633305963 -3.576336584088945 -3.576497210393775 -3.576693496501948 -3.576925421153903
-3.57687190522808 -3.576639967402191 -3.576443671387276 -3.576283035459316 -3.576158078694471 -3.576068814162581 -3.576015251168885 -3.575997396346426 -3.576015251168885 -3.576068814162581 -3.576158078694471 -3.576283035459316 -3.576443671387276 -3.576639967402191 -3.57687190522808
-3.576854065921351 -3.576622123808646 -3.57642582438675 -3.576265185319462 -3.576140226522016 -3.576050960054537 -3.575997396346426 -3.575979541114695 -3.575997396346426 -3.576050960054537 -3.576140226522016 -3.576265185319462 -3.57642582438675 -3.576622123808646 -3.576854065921351
-3.57687190522808 -3.576639967402191 -3.576443671387276 -3.576283035459316 -3.576158078694471 -3.576068814162581 -3.576015251168885 -3.575997396346426 -3.576015251168885 -3.576068814162581 -3.576158078694471 -3.576283035459316 -3.576443671387276 -3.576639967402191 -3.57687190522808
-3.576925421153903 -3.576693496501948 -3.576497210393775 -3.576336584088945 -3.576211633305963 -3.576122374005082 -3.576068814162581 -3.576050960054537 -3.576068814162581 -3.576122374005082 -3.576211633305963 -3.576336584088945 -3.576497210393775 -3.576693496501948 -3.576925421153903
-3.577014607907422 -3.576782705276545 -3.576586435758113 -3.57642582438675 -3.576300885346897 -3.576211633305963 -3.576158078694471 -3.576140226522016 -3.576158078694471 -3.576211633305963 -3.576300885346897 -3.57642582438675 -3.576586435758113 -3.576782705276545 -3.577014607907422
-3.577139456404989 -3.576907582841013 -3.576711338976574 -3.576550746528547 -3.57642582438675 -3.576336584088945 -3.576283035459316 -3.576265185319462 -3.576283035459316 -3.576336584088945 -3.57642582438675 -3.576550746528547 -3.576711338976574 -3.576907582841013 -3.577139456404989
-3.577299954789249 -3.577068116214969 -3.57687190522808 -3.576711338976574 -3.576586435758113 -3.576497210393775 -3.576443671387276 -3.57642582438675 -3.576443671387276 -3.576497210393775 -3.576586435758113 -3.576711338976574 -3.57687190522808 -3.577068116214969 -3.577299954789249
-3.577496083669387 -3.577264290556327 -3.577068116214969 -3.576907582841013 -3.576782705276545 -3.576693496501948 -3.576639967402191 -3.576622123808646 -3.576639967402191 -3.576693496501948 -3.576782705276545 -3.576907582841013 -3.577068116214969 -3.577264290556327 -3.577496083669387
-3.577727822076038 -3.577496083669387 -3.577299954789249 -3.577139456404989 -3.577014607907422 -3.576925421153903 -3.57687190522808 -3.576854065921351 -3.57687190522808 -3.576925421153903 -3.577014607907422 -3.577139456404989 -3.577299954789249 -3.577496083669387 -3.577727822076038
-3.6023727316532 -3.602225330498905 -3.602100529848639 -3.601998370076013 -3.601918880907665 -3.601862085491201 -3.601828001112907 -3.601816638450349 -3.601828001112907 -3.601862085491201 -3.601918880907665 -3.601998370076013 -3.602100529848639 -3.602225330498905 -3.6023727316532
