31 -0.0015 -0.0014 -0.0013 -0.0012 -0.0011 -0.001 -0.0009000000000000001 -0.0008 -0.0007 -0.0006000000000000001 -0.0005 -0.0004 -0.0003 -0.0002 -0.0001 0 0.0001 0.0002 0.0003 0.0004 0.0005 0.0006000000000000001 0.0007 0.0008 0.0009000000000000001 0.001 0.0011 0.0012 0.0013 0.0014 0.0015
31 -0.0015 -0.0014 -0.0013 -0.0012 -0.0011 -0.001 -0.0009000000000000001 -0.0008 -0.0007 -0.0006000000000000001 -0.0005 -0.0004 -0.0003 -0.0002 -0.0001 0 0.0001 0.0002 0.0003 0.0004 0.0005 0.0006000000000000001 0.0007 0.0008 0.0009000000000000001 0.001 0.0011 0.0012 0.0013 0.0014 0.0015
128 0.307 0.3081023622047244 0.3092047244094488 0.3103070866141732 0.3114094488188976 0.312511811023622 0.3136141732283464 0.3147165354330709 0.3158188976377952 0.3169212598425197 0.3180236220472441 0.3191259842519685 0.3202283464566929 0.3213307086614173 0.3224330708661417 0.3235354330708661 0.3246377952755906 0.3257401574803149 0.3268425196850394 0.3279448818897638 0.3290472440944882 0.3301496062992126 0.331251968503937 0.3323543307086614 0.3334566929133858 0.3345590551181102 0.3356614173228347 0.336763779527559 0.3378661417322835 0.3389685039370079 0.3400708661417323 0.3411732283464567 0.3422755905511811 0.3433779527559055 0.3444803149606299 0.3455826771653543 0.3466850393700787 0.3477874015748031 0.3488897637795276 0.3499921259842519 0.3510944881889764 0.3521968503937008 0.3532992125984252 0.3544015748031496 0.355503937007874 0.3566062992125984 0.3577086614173228 0.3588110236220473 0.3599133858267717 0.3610157480314961 0.3621181102362205 0.3632204724409449 0.3643228346456693 0.3654251968503937 0.3665275590551181 0.3676299212598425 0.3687322834645669 0.3698346456692914 0.3709370078740157 0.3720393700787402 0.3731417322834646 0.374244094488189 0.3753464566929134 0.3764488188976378 0.3775511811023622 0.3786535433070866 0.379755905511811 0.3808582677165354 0.3819606299212598 0.3830629921259843 0.3841653543307086 0.3852677165354331 0.3863700787401575 0.3874724409448819 0.3885748031496063 0.3896771653543307 0.3907795275590551 0.3918818897637795 0.392984251968504 0.3940866141732283 0.3951889763779527 0.3962913385826772 0.3973937007874015 0.398496062992126 0.3995984251968504 0.4007007874015748 0.4018031496062992 0.4029055118110236 0.404007874015748 0.4051102362204724 0.4062125984251969 0.4073149606299212 0.4084173228346457 0.4095196850393701 0.4106220472440945 0.4117244094488189 0.4128267716535433 0.4139291338582677 0.4150314960629921 0.4161338582677165 0.4172362204724409 0.4183385826771653 0.4194409448818898 0.4205433070866141 0.4216456692913386 0.422748031496063 0.4238503937007874 0.4249527559055118 0.4260551181102362 0.4271574803149606 0.428259842519685 0.4293622047244094 0.4304645669291339 0.4315669291338582 0.4326692913385827 0.433771653543307 0.4348740157480315 0.4359763779527559 0.4370787401574803 0.4381811023622048 0.4392834645669291 0.4403858267716536 0.441488188976378 0.4425905511811024 0.4436929133858268 0.4447952755905512 0.4458976377952756 0.447
-2.570167475890409 -2.572421159894816 -2.574502070166893 -2.576414090401219 -2.578160825907208 -2.579745499783909 -2.581170901261862 -2.582439554523349 -2.583553724563203 -2.584515405162895 -2.585326311422188 -2.58598787723748 -2.586501252373245 -2.586867318042282 -2.587086704795454 -2.587159791580316 -2.587086704795454 -2.586867318042282 -2.586501252373245 -2.58598787723748 -2.585326311422188 -2.584515405162895 -2.583553724563203 -2.582439554523349 -2.581170901261862 -2.579745499783909 -2.578160825907208 -2.576414090401219 -2.574502070166893 -2.572421159894816 -2.570167475890409
-2.572421159894816 -2.574655550971536 -2.576718712268336 -2.578614579284482 -2.580346634995187 -2.581917932929124 -2.583331280956062 -2.584589230392504 -2.585694058101664 -2.586647741775404 -2.587451927966267 -2.588108001351753 -2.588617099717942 -2.588980109145474 -2.589197662153405 -2.589270137751303 -2.589197662153405 -2.588980109145474 -2.588617099717942 -2.588108001351753 -2.587451927966267 -2.586647741775404 -2.585694058101664 -2.584589230392504 -2.583331280956062 -2.581917932929124 -2.580346634995187 -2.578614579284482 -2.576718712268336 -2.574655550971536 -2.572421159894816
-2.574502070166893 -2.576718712268336 -2.578765654526193 -2.580646675411502 -2.582365102599841 -2.583924031945097 -2.585326311422188 -2.586574507593386 -2.58767080889309 -2.588617099717942 -2.589415025884997 -2.59006598385651 -2.590571113684095 -2.590931296942956 -2.591147158667646 -2.591219071352917 -2.591147158667646 -2.590931296942956 -2.590571113684095 -2.59006598385651 -2.589415025884997 -2.588617099717942 -2.58767080889309 -2.586574507593386 -2.585326311422188 -2.583924031945097 -2.582365102599841 -2.580646675411502 -2.578765654526193 -2.576718712268336 -2.574502070166893
-2.576414090401219 -2.578614579284482 -2.580646675411502 -2.582513984655761 -2.584219890225479 -2.585767544348307 -2.587159791580332 -2.588399041205605 -2.589487438437659 -2.590426895059341 -2.591219071352917 -2.591865363734657 -2.592366899281505 -2.592724533902488 -2.592938871807489 -2.593010277206413 -2.592938871807489 -2.592724533902488 -2.592366899281505 -2.591865363734657 -2.591219071352917 -2.590426895059341 -2.589487438437659 -2.588399041205605 -2.587159791580332 -2.585767544348307 -2.584219890225479 -2.582513984655761 -2.580646675411502 -2.578614579284482 -2.576414090401219
-2.578160825907208 -2.580346634995187 -2.582365102599841 -2.584219890225479 -2.585914453921463 -2.587451927966267 -2.588834968563582 -2.59006598385651 -2.591147158667646 -2.592080428460488 -2.59286744611413 -2.593509545637714 -2.594007814931701 -2.594363108302606 -2.594576038772739 -2.594646974667381 -2.594576038772739 -2.594363108302606 -2.594007814931701 -2.593509545637714 -2.59286744611413 -2.592080428460488 -2.591147158667646 -2.59006598385651 -2.588834968563582 -2.587451927966267 -2.585914453921463 -2.584219890225479 -2.582365102599841 -2.580346634995187 -2.578160825907208
-2.579745499783909 -2.581917932929124 -2.583924031945097 -2.585767544348307 -2.587451927966267 -2.588980109145474 -2.590354754527111 -2.591578326880556 -2.592653047414291 -2.593580788216896 -2.594363108302627 -2.595001347316639 -2.595496611393875 -2.595849761370154 -2.596061408743831 -2.596131917625691 -2.596061408743831 -2.595849761370154 -2.595496611393875 -2.595001347316639 -2.594363108302627 -2.593580788216896 -2.592653047414291 -2.591578326880556 -2.590354754527111 -2.588980109145474 -2.587451927966267 -2.585767544348307 -2.583924031945097 -2.581917932929124 -2.579745499783909
-2.581170901261862 -2.583331280956062 -2.585326311422188 -2.587159791580332 -2.588834968563582 -2.590354754527111 -2.591721885989074 -2.592938871807489 -2.594007814931714 -2.594930513678523 -2.595708562175994 -2.596343324097045 -2.59683591124689 -2.597187172876899 -2.597397696711319 -2.597467832226972 -2.597397696711319 -2.597187172876899 -2.59683591124689 -2.596343324097045 -2.595708562175994 -2.594930513678523 -2.594007814931714 -2.592938871807489 -2.591721885989074 -2.590354754527111 -2.588834968563582 -2.587159791580332 -2.585326311422188 -2.583331280956062 -2.581170901261862
-2.582439554523349 -2.584589230392504 -2.586574507593386 -2.588399041205605 -2.59006598385651 -2.591578326880556 -2.592938871807489 -2.59414999365497 -2.595213725689374 -2.596131917625691 -2.596906202334841 -2.597537948125348 -2.598028206825724 -2.598377794933678 -2.598587307342626 -2.598657104603861 -2.598587307342626 -2.598377794933678 -2.598028206825724 -2.597537948125348 -2.596906202334841 -2.596131917625691 -2.595213725689374 -2.59414999365497 -2.592938871807489 -2.591578326880556 -2.59006598385651 -2.588399041205605 -2.586574507593386 -2.584589230392504 -2.582439554523349
-2.583553724563203 -2.585694058101664 -2.58767080889309 -2.589487438437659 -2.591147158667646 -2.592653047414291 -2.594007814931714 -2.595213725689374 -2.596272875258609 -2.597187172876914 -2.597958229336019 -2.598587307342626 -2.599075465156423 -2.599423545278279 -2.599632152975556 -2.599701649095658 -2.599632152975556 -2.599423545278279 -2.599075465156423 -2.598587307342626 -2.597958229336019 -2.597187172876914 -2.596272875258609 -2.595213725689374 -2.594007814931714 -2.592653047414291 -2.591147158667646 -2.589487438437659 -2.58767080889309 -2.585694058101664 -2.583553724563203
-2.584515405162895 -2.586647741775404 -2.588617099717942 -2.590426895059341 -2.592080428460488 -2.593580788216896 -2.594930513678523 -2.596131917625691 -2.597187172876914 -2.59809816440008 -2.598866375562201 -2.599493101126518 -2.599979436753411 -2.600326237476112 -2.600534094436801 -2.600603343236167 -2.600534094436801 -2.600326237476112 -2.599979436753411 -2.599493101126518 -2.598866375562201 -2.59809816440008 -2.597187172876914 -2.596131917625691 -2.594930513678523 -2.593580788216896 -2.592080428460488 -2.590426895059341 -2.588617099717942 -2.586647741775404 -2.584515405162895
-2.585326311422188 -2.587451927966267 -2.589415025884997 -2.591219071352917 -2.59286744611413 -2.594363108302627 -2.595708562175994 -2.596906202334841 -2.597958229336019 -2.598866375562201 -2.599632152975556 -2.600256915060518 -2.600741784711174 -2.60108755410686 -2.601294780607847 -2.601363816062967 -2.601294780607847 -2.60108755410686 -2.600741784711174 -2.600256915060518 -2.599632152975556 -2.598866375562201 -2.597958229336019 -2.596906202334841 -2.595708562175994 -2.594363108302627 -2.59286744611413 -2.591219071352917 -2.589415025884997 -2.587451927966267 -2.585326311422188
-2.58598787723748 -2.588108001351753 -2.59006598385651 -2.591865363734657 -2.593509545637714 -2.595001347316639 -2.596343324097045 -2.597537948125348 -2.598587307342626 -2.599493101126518 -2.600256915060518 -2.600880150371257 -2.601363816062967 -2.601708687573526 -2.601915363267077 -2.601984213997035 -2.601915363267077 -2.601708687573526 -2.601363816062967 -2.600880150371257 -2.600256915060518 -2.599493101126518 -2.598587307342626 -2.597537948125348 -2.596343324097045 -2.595001347316639 -2.593509545637714 -2.591865363734657 -2.59006598385651 -2.588108001351753 -2.58598787723748
-2.586501252373245 -2.588617099717942 -2.590571113684095 -2.592366899281505 -2.594007814931701 -2.595496611393875 -2.59683591124689 -2.598028206825724 -2.599075465156423 -2.599979436753411 -2.600741784711174 -2.601363816062967 -2.60184649200996 -2.602190645352729 -2.602396906833276 -2.60246562777954 -2.602396906833276 -2.602190645352729 -2.60184649200996 -2.601363816062967 -2.600741784711174 -2.599979436753411 -2.599075465156423 -2.598028206825724 -2.59683591124689 -2.595496611393875 -2.594007814931701 -2.592366899281505 -2.590571113684095 -2.588617099717942 -2.586501252373245
-2.586867318042282 -2.588980109145474 -2.590931296942956 -2.592724533902488 -2.594363108302606 -2.595849761370154 -2.597187172876899 -2.598377794933678 -2.599423545278279 -2.600326237476112 -2.60108755410686 -2.601708687573526 -2.602190645352729 -2.602534333304673 -2.60274034795396 -2.602808981329847 -2.60274034795396 -2.602534333304673 -2.602190645352729 -2.601708687573526 -2.60108755410686 -2.600326237476112 -2.599423545278279 -2.598377794933678 -2.597187172876899 -2.595849761370154 -2.594363108302606 -2.592724533902488 -2.590931296942956 -2.588980109145474 -2.586867318042282
-2.587086704795454 -2.589197662153405 -2.591147158667646 -2.592938871807489 -2.594576038772739 -2.596061408743831 -2.597397696711319 -2.598587307342626 -2.599632152975556 -2.600534094436801 -2.601294780607847 -2.601915363267077 -2.602396906833276 -2.60274034795396 -2.602946179315571 -2.603014737678324 -2.602946179315571 -2.60274034795396 -2.602396906833276 -2.601915363267077 -2.601294780607847 -2.600534094436801 -2.599632152975556 -2.598587307342626 -2.597397696711319 -2.596061408743831 -2.594576038772739 -2.592938871807489 -2.591147158667646 -2.589197662153405 -2.587086704795454
-2.587159791580316 -2.589270137751303 -2.591219071352917 -2.593010277206413 -2.594646974667381 -2.596131917625691 -2.597467832226972 -2.598657104603861 -2.599701649095658 -2.600603343236167 -2.601363816062967 -2.601984213997035 -2.60246562777954 -2.602808981329847 -2.603014737678324 -2.603083280931339 -2.603014737678324 -2.602808981329847 -2.60246562777954 -2.601984213997035 -2.601363816062967 -2.600603343236167 -2.599701649095658 -2.598657104603861 -2.597467832226972 -2.596131917625691 -2.594646974667381 -2.593010277206413 -2.591219071352917 -2.589270137751303 -2.587159791580316
-2.587086704795454 -2.589197662153405 -2.591147158667646 -2.592938871807489 -2.594576038772739 -2.596061408743831 -2.597397696711319 -2.598587307342626 -2.599632152975556 -2.600534094436801 -2.601294780607847 -2.601915363267077 -2.602396906833276 -2.60274034795396 -2.602946179315571 -2.603014737678324 -2.602946179315571 -2.60274034795396 -2.602396906833276 -2.601915363267077 -2.601294780607847 -2.600534094436801 -2.599632152975556 -2.598587307342626 -2.597397696711319 -2.596061408743831 -2.594576038772739 -2.592938871807489 -2.591147158667646 -2.589197662153405 -2.587086704795454
-2.586867318042282 -2.588980109145474 -2.590931296942956 -2.592724533902488 -2.594363108302606 -2.595849761370154 -2.597187172876899 -2.598377794933678 -2.599423545278279 -2.600326237476112 -2.60108755410686 -2.601708687573526 -2.602190645352729 -2.602534333304673 -2.60274034795396 -2.602808981329847 -2.60274034795396 -2.602534333304673 -2.602190645352729 -2.601708687573526 -2.60108755410686 -2.600326237476112 -2.599423545278279 -2.598377794933678 -2.597187172876899 -2.595849761370154 -2.594363108302606 -2.592724533902488 -2.590931296942956 -2.588980109145474 -2.586867318042282
-2.586501252373245 -2.588617099717942 -2.590571113684095 -2.592366899281505 -2.594007814931701 -2.595496611393875 -2.59683591124689 -2.598028206825724 -2.599075465156423 -2.599979436753411 -2.600741784711174 -2.601363816062967 -2.60184649200996 -2.602190645352729 -2.602396906833276 -2.60246562777954 -2.602396906833276 -2.602190645352729 -2.60184649200996 -2.601363816062967 -2.600741784711174 -2.599979436753411 -2.599075465156423 -2.598028206825724 -2.59683591124689 -2.595496611393875 -2.594007814931701 -2.592366899281505 -2.590571113684095 -2.588617099717942 -2.586501252373245
-2.58598787723748 -2.588108001351753 -2.59006598385651 -2.591865363734657 -2.593509545637714 -2.595001347316639 -2.596343324097045 -2.597537948125348 -2.598587307342626 -2.599493101126518 -2.600256915060518 -2.600880150371257 -2.601363816062967 -2.601708687573526 -2.601915363267077 -2.601984213997035 -2.601915363267077 -2.601708687573526 -2.601363816062967 -2.600880150371257 -2.600256915060518 -2.599493101126518 -2.598587307342626 -2.597537948125348 -2.596343324097045 -2.595001347316639 -2.593509545637714 -2.591865363734657 -2.59006598385651 -2.588108001351753 -2.58598787723748
-2.585326311422188 -2.587451927966267 -2.589415025884997 -2.591219071352917 -2.59286744611413 -2.594363108302627 -2.595708562175994 -2.596906202334841 -2.597958229336019 -2.598866375562201 -2.599632152975556 -2.600256915060518 -2.600741784711174 -2.60108755410686 -2.601294780607847 -2.601363816062967 -2.601294780607847 -2.60108755410686 -2.600741784711174 -2.600256915060518 -2.599632152975556 -2.598866375562201 -2.597958229336019 -2.596906202334841 -2.595708562175994 -2.594363108302627 -2.59286744611413 -2.591219071352917 -2.589415025884997 -2.587451927966267 -2.585326311422188
-2.584515405162895 -2.586647741775404 -2.588617099717942 -2.590426895059341 -2.592080428460488 -2.593580788216896 -2.594930513678523 -2.596131917625691 -2.597187172876914 -2.59809816440008 -2.598866375562201 -2.599493101126518 -2.599979436753411 -2.600326237476112 -2.600534094436801 -2.600603343236167 -2.600534094436801 -2.600326237476112 -2.599979436753411 -2.599493101126518 -2.598866375562201 -2.59809816440008 -2.597187172876914 -2.596131917625691 -2.594930513678523 -2.593580788216896 -2.592080428460488 -2.590426895059341 -2.588617099717942 -2.586647741775404 -2.584515405162895
-2.583553724563203 -2.585694058101664 -2.58767080889309 -2.589487438437659 -2.591147158667646 -2.592653047414291 -2.594007814931714 -2.595213725689374 -2.596272875258609 -2.597187172876914 -2.597958229336019 -2.598587307342626 -2.599075465156423 -2.599423545278279 -2.599632152975556 -2.599701649095658 -2.599632152975556 -2.599423545278279 -2.599075465156423 -2.598587307342626 -2.597958229336019 -2.597187172876914 -2.596272875258609 -2.595213725689374 -2.594007814931714 -2.592653047414291 -2.591147158667646 -2.589487438437659 -2.58767080889309 -2.585694058101664 -2.583553724563203
-2.582439554523349 -2.584589230392504 -2.586574507593386 -2.588399041205605 -2.59006598385651 -2.591578326880556 -2.592938871807489 -2.59414999365497 -2.595213725689374 -2.596131917625691 -2.596906202334841 -2.597537948125348 -2.598028206825724 -2.598377794933678 -2.598587307342626 -2.598657104603861 -2.598587307342626 -2.598377794933678 -2.598028206825724 -2.597537948125348 -2.596906202334841 -2.596131917625691 -2.595213725689374 -2.59414999365497 -2.592938871807489 -2.591578326880556 -2.59006598385651 -2.588399041205605 -2.586574507593386 -2.584589230392504 -2.582439554523349
-2.581170901261862 -2.583331280956062 -2.585326311422188 -2.587159791580332 -2.588834968563582 -2.590354754527111 -2.591721885989074 -2.592938871807489 -2.594007814931714 -2.594930513678523 -2.595708562175994 -2.596343324097045 -2.59683591124689 -2.597187172876899 -2.597397696711319 -2.597467832226972 -2.597397696711319 -2.597187172876899 -2.59683591124689 -2.596343324097045 -2.595708562175994 -2.594930513678523 -2.594007814931714 -2.592938871807489 -2.591721885989074 -2.590354754527111 -2.588834968563582 -2.587159791580332 -2.585326311422188 -2.583331280956062 -2.581170901261862
-2.579745499783909 -2.581917932929124 -2.583924031945097 -2.585767544348307 -2.587451927966267 -2.588980109145474 -2.590354754527111 -2.591578326880556 -2.592653047414291 -2.593580788216896 -2.594363108302627 -2.595001347316639 -2.595496611393875 -2.595849761370154 -2.596061408743831 -2.596131917625691 -2.596061408743831 -2.595849761370154 -2.595496611393875 -2.595001347316639 -2.594363108302627 -2.593580788216896 -2.592653047414291 -2.591578326880556 -2.590354754527111 -2.588980109145474 -2.587451927966267 -2.585767544348307 -2.583924031945097 -2.581917932929124 -2.579745499783909
-2.578160825907208 -2.580346634995187 -2.582365102599841 -2.584219890225479 -2.585914453921463 -2.587451927966267 -2.588834968563582 -2.59006598385651 -2.591147158667646 -2.592080428460488 -2.59286744611413 -2.593509545637714 -2.594007814931701 -2.594363108302606 -2.594576038772739 -2.594646974667381 -2.594576038772739 -2.594363108302606 -2.594007814931701 -2.593509545637714 -2.59286744611413 -2.592080428460488 -2.591147158667646 -2.59006598385651 -2.588834968563582 -2.587451927966267 -2.585914453921463 -2.584219890225479 -2.582365102599841 -2.580346634995187 -2.578160825907208
-2.576414090401219 -2.578614579284482 -2.580646675411502 -2.582513984655761 -2.584219890225479 -2.585767544348307 -2.587159791580332 -2.588399041205605 -2.589487438437659 -2.590426895059341 -2.591219071352917 -2.591865363734657 -2.592366899281505 -2.592724533902488 -2.592938871807489 -2.593010277206413 -2.592938871807489 -2.592724533902488 -2.592366899281505 -2.591865363734657 -2.591219071352917 -2.590426895059341 -2.589487438437659 -2.588399041205605 -2.587159791580332 -2.585767544348307 -2.584219890225479 -2.582513984655761 -2.580646675411502 -2.578614579284482 -2.576414090401219
-2.574502070166893 -2.576718712268336 -2.578765654526193 -2.580646675411502 -2.582365102599841 -2.583924031945097 -2.585326311422188 -2.586574507593386 -2.58767080889309 -2.588617099717942 -2.589415025884997 -2.59006598385651 -2.590571113684095 -2.590931296942956 -2.591147158667646 -2.591219071352917 -2.591147158667646 -2.590931296942956 -2.590571113684095 -2.59006598385651 -2.589415025884997 -2.588617099717942 -2.58767080889309 -2.586574507593386 -2.585326311422188 -2.583924031945097 -2.582365102599841 -2.580646675411502 -2.578765654526193 -2.576718712268336 -2.574502070166893
-2.572421159894816 -2.574655550971536 -2.576718712268336 -2.578614579284482 -2.580346634995187 -2.581917932929124 -2.583331280956062 -2.584589230392504 -2.585694058101664 -2.586647741775404 -2.587451927966267 -2.588108001351753 -2.588617099717942 -2.588980109145474 -2.589197662153405 -2.589270137751303 -2.589197662153405 -2.588980109145474 -2.588617099717942 -2.588108001351753 -2.587451927966267 -2.586647741775404 -2.585694058101664 -2.584589230392504 -2.583331280956062 -2.581917932929124 -2.580346634995187 -2.578614579284482 -2.576718712268336 -2.574655550971536 -2.572421159894816
-2.570167475890409 -2.572421159894816 -2.574502070166893 -2.576414090401219 -2.578160825907208 -2.579745499783909 -2.581170901261862 -2.582439554523349 -2.583553724563203 -2.584515405162895 -2.585326311422188 -2.58598787723748 -2.586501252373245 -2.586867318042282 -2.587086704795454 -2.587159791580316 -2.587086704795454 -2.586867318042282 -2.586501252373245 -2.58598787723748 -2.585326311422188 -2.584515405162895 -2.583553724563203 -2.582439554523349 -2.581170901261862 -2.579745499783909 -2.578160825907208 -2.576414090401219 -2.574502070166893 -2.572421159894816 -2.570167475890409
-2.590875612311524 -2.592556670206835 -2.594114714209101 -2.59555134303484 -2.596868012882215 -2.598065960994812 -2.599146343734655 -2.600110217095812 -2.600958526411025 -2.601692101610486 -2.602311654450008 -2.602817767705164 -2.603210913412155 -2.603491464692107 -2.603659688569874 -2.603715745377729 -2.603659688569874 -2.603491464692107 -2.603210913412155 -2.602817767705164 -2.602311654450008 -2.601692101610486 -2.600958526411025 -2.600110217095812 -2.599146343734655 -2.598065960994812 -2.596868012882215 -2.59555134303484 -2.594114714209101 -2.592556670206835 -2.590875612311524
-2.592556670206835 -2.594229855691253 -2.59578067484147 -2.59721069592614 -2.598521260651067 -2.599713645405809 -2.600789026095199 -2.601748468479803 -2.602592917326105 -2.603323160642471 -2.603939883516858 -2.604443673275892 -2.604835011458545 -2.605114272291407 -2.605281722430062 -2.605337521442926 -2.605281722430062 -2.605114272291407 -2.604835011458545 -2.604443673275892 -2.603939883516858 -2.603323160642471 -2.602592917326105 -2.601748468479803 -2.600789026095199 -2.599713645405809 -2.598521260651067 -2.59721069592614 -2.59578067484147 -2.594229855691253 -2.592556670206835
-2.594114714209101 -2.59578067484147 -2.597324850312732 -2.598748691258537 -2.600053591125724 -2.601240848385349 -2.60231165445002 -2.603267041479762 -2.604107893582029 -2.604835011458552 -2.605449092949494 -2.605950728373702 -2.606340398130494 -2.606618472543341 -2.60678521343962 -2.606840776526605 -2.60678521343962 -2.606618472543341 -2.606340398130494 -2.605950728373702 -2.605449092949494 -2.604835011458552 -2.604107893582029 -2.603267041479762 -2.60231165445002 -2.601240848385349 -2.600053591125724 -2.598748691258537 -2.597324850312732 -2.59578067484147 -2.594114714209101
-2.59555134303484 -2.59721069592614 -2.598748691258537 -2.600166834036617 -2.601466545852072 -2.602649143254207 -2.603715745377742 -2.604667348430823 -2.60550486545429 -2.606229107559899 -2.606840776526589 -2.607340460032905 -2.60772862316794 -2.608005622679427 -2.6081717181115 -2.608227065848234 -2.6081717181115 -2.608005622679427 -2.60772862316794 -2.607340460032905 -2.606840776526589 -2.606229107559899 -2.60550486545429 -2.604667348430823 -2.603715745377742 -2.602649143254207 -2.601466545852072 -2.600166834036617 -2.598748691258537 -2.59721069592614 -2.59555134303484
-2.596868012882215 -2.598521260651067 -2.600053591125724 -2.601466545852072 -2.602761568445749 -2.603939883516858 -2.605002594569112 -2.605950728373702 -2.60678521343962 -2.607506867529262 -2.608116361668246 -2.608614255911922 -2.609001018170102 -2.609277014805699 -2.609442508000252 -2.609497654950752 -2.609442508000252 -2.609277014805699 -2.609001018170102 -2.608614255911922 -2.608116361668246 -2.607506867529262 -2.60678521343962 -2.605950728373702 -2.605002594569112 -2.603939883516858 -2.602761568445749 -2.601466545852072 -2.600053591125724 -2.598521260651067 -2.596868012882215
-2.598065960994812 -2.599713645405809 -2.601240848385349 -2.602649143254207 -2.603939883516858 -2.605114272291407 -2.60617344920073 -2.607118463547951 -2.607950240143052 -2.608669533870994 -2.609277014805699 -2.609773259055109 -2.610158740281663 -2.610433825416222 -2.610598773944608 -2.610653739808879 -2.610598773944608 -2.610433825416222 -2.610158740281663 -2.609773259055109 -2.609277014805699 -2.608669533870994 -2.607950240143052 -2.607118463547951 -2.60617344920073 -2.605114272291407 -2.603939883516858 -2.602649143254207 -2.601240848385349 -2.599713645405809 -2.598065960994812
-2.599146343734655 -2.600789026095199 -2.60231165445002 -2.603715745377742 -2.605002594569112 -2.60617344920073 -2.607229478736353 -2.6081717181115 -2.609001018170108 -2.609718155634666 -2.610323817086708 -2.610818586782199 -2.611202937964323 -2.611477225052989 -2.611641695892235 -2.611696502506863 -2.611641695892235 -2.611477225052989 -2.611202937964323 -2.610818586782199 -2.610323817086708 -2.609718155634666 -2.609001018170108 -2.6081717181115 -2.607229478736353 -2.60617344920073 -2.605002594569112 -2.603715745377742 -2.60231165445002 -2.600789026095199 -2.599146343734655
-2.600110217095812 -2.601748468479803 -2.603267041479762 -2.604667348430823 -2.605950728373702 -2.607118463547951 -2.6081717181115 -2.609111443032879 -2.609938517230841 -2.610653739808879 -2.611257812206837 -2.611751300597032 -2.612134647385214 -2.612408208030719 -2.612572240514266 -2.612626900665393 -2.612572240514266 -2.612408208030719 -2.612134647385214 -2.611751300597032 -2.611257812206837 -2.610653739808879 -2.609938517230841 -2.609111443032879 -2.6081717181115 -2.607118463547951 -2.605950728373702 -2.604667348430823 -2.603267041479762 -2.601748468479803 -2.600110217095812
-2.600958526411025 -2.602592917326105 -2.604107893582029 -2.60550486545429 -2.60678521343962 -2.607950240143052 -2.609001018170108 -2.609938517230841 -2.610763646203138 -2.611477225052994 -2.612079909344499 -2.612572240514266 -2.612954679539992 -2.613227591157412 -2.613391235544418 -2.613445766763587 -2.613391235544418 -2.613227591157412 -2.612954679539992 -2.612572240514266 -2.612079909344499 -2.611477225052994 -2.610763646203138 -2.609938517230841 -2.609001018170108 -2.607950240143052 -2.60678521343962 -2.60550486545429 -2.604107893582029 -2.602592917326105 -2.600958526411025
-2.601692101610486 -2.603323160642471 -2.604835011458552 -2.606229107559899 -2.607506867529262 -2.608669533870994 -2.609718155634666 -2.610653739808879 -2.611477225052994 -2.612189376800535 -2.612790829085144 -2.613282147778793 -2.613663808330889 -2.613936177908644 -2.614099504504313 -2.614153930457334 -2.614099504504313 -2.613936177908644 -2.613663808330889 -2.613282147778793 -2.612790829085144 -2.612189376800535 -2.611477225052994 -2.610653739808879 -2.609718155634666 -2.608669533870994 -2.607506867529262 -2.606229107559899 -2.604835011458552 -2.603323160642471 -2.601692101610486
-2.602311654450008 -2.603939883516858 -2.605449092949494 -2.606840776526589 -2.608116361668246 -2.609277014805699 -2.610323817086708 -2.611257812206837 -2.612079909344499 -2.612790829085144 -2.613391235544418 -2.6138817197502 -2.614262757636506 -2.614534678543897 -2.614697727925207 -2.614752060200308 -2.614697727925207 -2.614534678543897 -2.614262757636506 -2.6138817197502 -2.613391235544418 -2.612790829085144 -2.612079909344499 -2.611257812206837 -2.610323817086708 -2.609277014805699 -2.608116361668246 -2.606840776526589 -2.605449092949494 -2.603939883516858 -2.602311654450008
-2.602817767705164 -2.604443673275892 -2.605950728373702 -2.607340460032905 -2.608614255911922 -2.609773259055109 -2.610818586782199 -2.611751300597032 -2.612572240514266 -2.613282147778793 -2.6138817197502 -2.614371551445279 -2.614752060200308 -2.615023588364402 -2.615186398204922 -2.61524065047648 -2.615186398204922 -2.615023588364402 -2.614752060200308 -2.614371551445279 -2.6138817197502 -2.613282147778793 -2.612572240514266 -2.611751300597032 -2.610818586782199 -2.609773259055109 -2.608614255911922 -2.607340460032905 -2.605950728373702 -2.604443673275892 -2.602817767705164
-2.603210913412155 -2.604835011458545 -2.606340398130494 -2.60772862316794 -2.609001018170102 -2.610158740281663 -2.611202937964323 -2.612134647385214 -2.612954679539992 -2.613663808330889 -2.614262757636506 -2.614752060200308 -2.615132137142111 -2.615403355996269 -2.615565990896161 -2.615620188965915 -2.615565990896161 -2.615403355996269 -2.615132137142111 -2.614752060200308 -2.614262757636506 -2.613663808330889 -2.612954679539992 -2.612134647385214 -2.611202937964323 -2.610158740281663 -2.609001018170102 -2.60772862316794 -2.606340398130494 -2.604835011458545 -2.603210913412155
-2.603491464692107 -2.605114272291407 -2.606618472543341 -2.608005622679427 -2.609277014805699 -2.610433825416222 -2.611477225052989 -2.612408208030719 -2.613227591157412 -2.613936177908644 -2.614534678543897 -2.615023588364402 -2.615403355996269 -2.615674380128191 -2.615836907977659 -2.615891066855946 -2.615836907977659 -2.615674380128191 -2.615403355996269 -2.615023588364402 -2.614534678543897 -2.613936177908644 -2.613227591157412 -2.612408208030719 -2.611477225052989 -2.610433825416222 -2.609277014805699 -2.608005622679427 -2.606618472543341 -2.605114272291407 -2.603491464692107
-2.603659688569874 -2.605281722430062 -2.60678521343962 -2.6081717181115 -2.609442508000252 -2.610598773944608 -2.611641695892235 -2.612572240514266 -2.613391235544418 -2.614099504504313 -2.614697727925207 -2.615186398204922 -2.615565990896161 -2.615836907977659 -2.615999353956092 -2.61605347951119 -2.615999353956092 -2.615836907977659 -2.615565990896161 -2.615186398204922 -2.614697727925207 -2.614099504504313 -2.613391235544418 -2.612572240514266 -2.611641695892235 -2.610598773944608 -2.609442508000252 -2.6081717181115 -2.60678521343962 -2.605281722430062 -2.603659688569874
-2.603715745377729 -2.605337521442926 -2.606840776526605 -2.608227065848234 -2.609497654950752 -2.610653739808879 -2.611696502506863 -2.612626900665393 -2.613445766763587 -2.614153930457334 -2.614752060200308 -2.61524065047648 -2.615620188965915 -2.615891066855946 -2.61605347951119 -2.616107599553647 -2.61605347951119 -2.615891066855946 -2.615620188965915 -2.61524065047648 -2.614752060200308 -2.614153930457334 -2.613445766763587 -2.612626900665393 -2.611696502506863 -2.610653739808879 -2.609497654950752 -2.608227065848234 -2.606840776526605 -2.605337521442926 -2.603715745377729
-2.603659688569874 -2.605281722430062 -2.60678521343962 -2.6081717181115 -2.609442508000252 -2.610598773944608 -2.611641695892235 -2.612572240514266 -2.613391235544418 -2.614099504504313 -2.614697727925207 -2.615186398204922 -2.615565990896161 -2.615836907977659 -2.615999353956092 -2.61605347951119 -2.615999353956092 -2.615836907977659 -2.615565990896161 -2.615186398204922 -2.614697727925207 -2.614099504504313 -2.613391235544418 -2.612572240514266 -2.611641695892235 -2.610598773944608 -2.609442508000252 -2.6081717181115 -2.60678521343962 -2.605281722430062 -2.603659688569874
-2.603491464692107 -2.605114272291407 -2.606618472543341 -2.608005622679427 -2.609277014805699 -2.610433825416222 -2.611477225052989 -2.612408208030719 -2.613227591157412 -2.613936177908644 -2.614534678543897 -2.615023588364402 -2.615403355996269 -2.615674380128191 -2.615836907977659 -2.615891066855946 -2.615836907977659 -2.615674380128191 -2.615403355996269 -2.615023588364402 -2.614534678543897 -2.613936177908644 -2.613227591157412 -2.612408208030719 -2.611477225052989 -2.610433825416222 -2.609277014805699 -2.608005622679427 -2.606618472543341 -2.605114272291407 -2.603491464692107
-2.603210913412155 -2.604835011458545 -2.606340398130494 -2.60772862316794 -2.609001018170102 -2.610158740281663 -2.611202937964323 -2.612134647385214 -2.612954679539992 -2.613663808330889 -2.614262757636506 -2.614752060200308 -2.615132137142111 -2.615403355996269 -2.615565990896161 -2.615620188965915 -2.615565990896161 -2.615403355996269 -2.615132137142111 -2.614752060200308 -2.614262757636506 -2.613663808330889 -2.612954679539992 -2.612134647385214 -2.611202937964323 -2.610158740281663 -2.609001018170102 -2.60772862316794 -2.606340398130494 -2.604835011458545 -2.603210913412155
-2.602817767705164 -2.604443673275892 -2.605950728373702 -2.607340460032905 -2.608614255911922 -2.609773259055109 -2.610818586782199 -2.611751300597032 -2.612572240514266 -2.613282147778793 -2.6138817197502 -2.614371551445279 -2.614752060200308 -2.615023588364402 -2.615186398204922 -2.61524065047648 -2.615186398204922 -2.615023588364402 -2.614752060200308 -2.614371551445279 -2.6138817197502 -2.613282147778793 -2.612572240514266 -2.611751300597032 -2.610818586782199 -2.609773259055109 -2.608614255911922 -2.607340460032905 -2.605950728373702 -2.604443673275892 -2.602817767705164
-2.602311654450008 -2.603939883516858 -2.605449092949494 -2.606840776526589 -2.608116361668246 -2.609277014805699 -2.610323817086708 -2.611257812206837 -2.612079909344499 -2.612790829085144 -2.613391235544418 -2.6138817197502 -2.614262757636506 -2.614534678543897 -2.614697727925207 -2.614752060200308 -2.614697727925207 -2.614534678543897 -2.614262757636506 -2.6138817197502 -2.613391235544418 -2.612790829085144 -2.612079909344499 -2.611257812206837 -2.610323817086708 -2.609277014805699 -2.608116361668246 -2.606840776526589 -2.605449092949494 -2.603939883516858 -2.602311654450008
-2.601692101610486 -2.603323160642471 -2.604835011458552 -2.606229107559899 -2.607506867529262 -2.608669533870994 -2.609718155634666 -2.610653739808879 -2.611477225052994 -2.612189376800535 -2.612790829085144 -2.613282147778793 -2.613663808330889 -2.613936177908644 -2.614099504504313 -2.614153930457334 -2.614099504504313 -2.613936177908644 -2.613663808330889 -2.613282147778793 -2.612790829085144 -2.612189376800535 -2.611477225052994 -2.610653739808879 -2.609718155634666 -2.608669533870994 -2.607506867529262 -2.606229107559899 -2.604835011458552 -2.603323160642471 -2.601692101610486
-2.600958526411025 -2.602592917326105 -2.604107893582029 -2.60550486545429 -2.60678521343962 -2.607950240143052 -2.609001018170108 -2.609938517230841 -2.610763646203138 -2.611477225052994 -2.612079909344499 -2.612572240514266 -2.612954679539992 -2.613227591157412 -2.613391235544418 -2.613445766763587 -2.613391235544418 -2.613227591157412 -2.612954679539992 -2.612572240514266 -2.612079909344499 -2.611477225052994 -2.610763646203138 -2.609938517230841 -2.609001018170108 -2.607950240143052 -2.60678521343962 -2.60550486545429 -2.604107893582029 -2.602592917326105 -2.600958526411025
-2.600110217095812 -2.601748468479803 -2.603267041479762 -2.604667348430823 -2.605950728373702 -2.607118463547951 -2.6081717181115 -2.609111443032879 -2.609938517230841 -2.610653739808879 -2.611257812206837 -2.611751300597032 -2.612134647385214 -2.612408208030719 -2.612572240514266 -2.612626900665393 -2.612572240514266 -2.612408208030719 -2.612134647385214 -2.611751300597032 -2.611257812206837 -2.610653739808879 -2.609938517230841 -2.609111443032879 -2.6081717181115 -2.607118463547951 -2.605950728373702 -2.604667348430823 -2.603267041479762 -2.601748468479803 -2.600110217095812
-2.599146343734655 -2.600789026095199 -2.60231165445002 -2.603715745377742 -2.605002594569112 -2.60617344920073 -2.607229478736353 -2.6081717181115 -2.609001018170108 -2.609718155634666 -2.610323817086708 -2.610818586782199 -2.611202937964323 -2.611477225052989 -2.611641695892235 -2.611696502506863 -2.611641695892235 -2.611477225052989 -2.611202937964323 -2.610818586782199 -2.610323817086708 -2.609718155634666 -2.609001018170108 -2.6081717181115 -2.607229478736353 -2.60617344920073 -2.605002594569112 -2.603715745377742 -2.60231165445002 -2.600789026095199 -2.599146343734655
-2.598065960994812 -2.599713645405809 -2.601240848385349 -2.602649143254207 -2.603939883516858 -2.605114272291407 -2.60617344920073 -2.607118463547951 -2.607950240143052 -2.608669533870994 -2.609277014805699 -2.609773259055109 -2.610158740281663 -2.610433825416222 -2.610598773944608 -2.610653739808879 -2.610598773944608 -2.610433825416222 -2.610158740281663 -2.609773259055109 -2.609277014805699 -2.608669533870994 -2.607950240143052 -2.607118463547951 -2.60617344920073 -2.605114272291407 -2.603939883516858 -2.602649143254207 -2.601240848385349 -2.599713645405809 -2.598065960994812
-2.596868012882215 -2.598521260651067 -2.600053591125724 -2.601466545852072 -2.602761568445749 -2.603939883516858 -2.605002594569112 -2.605950728373702 -2.60678521343962 -2.607506867529262 -2.608116361668246 -2.608614255911922 -2.609001018170102 -2.609277014805699 -2.609442508000252 -2.609497654950752 -2.609442508000252 -2.609277014805699 -2.609001018170102 -2.608614255911922 -2.608116361668246 -2.607506867529262 -2.60678521343962 -2.605950728373702 -2.605002594569112 -2.603939883516858 -2.602761568445749 -2.601466545852072 -2.600053591125724 -2.598521260651067 -2.596868012882215
-2.59555134303484 -2.59721069592614 -2.598748691258537 -2.600166834036617 -2.601466545852072 -2.602649143254207 -2.603715745377742 -2.604667348430823 -2.60550486545429 -2.606229107559899 -2.606840776526589 -2.607340460032905 -2.60772862316794 -2.608005622679427 -2.6081717181115 -2.608227065848234 -2.6081717181115 -2.608005622679427 -2.60772862316794 -2.607340460032905 -2.606840776526589 -2.606229107559899 -2.60550486545429 -2.604667348430823 -2.603715745377742 -2.602649143254207 -2.601466545852072 -2.600166834036617 -2.598748691258537 -2.59721069592614 -2.59555134303484
-2.594114714209101 -2.59578067484147 -2.597324850312732 -2.598748691258537 -2.600053591125724 -2.601240848385349 -2.60231165445002 -2.603267041479762 -2.604107893582029 -2.604835011458552 -2.605449092949494 -2.605950728373702 -2.606340398130494 -2.606618472543341 -2.60678521343962 -2.606840776526605 -2.60678521343962 -2.606618472543341 -2.606340398130494 -2.605950728373702 -2.605449092949494 -2.604835011458552 -2.604107893582029 -2.603267041479762 -2.60231165445002 -2.601240848385349 -2.600053591125724 -2.598748691258537 -2.597324850312732 -2.59578067484147 -2.594114714209101
-2.592556670206835 -2.594229855691253 -2.59578067484147 -2.59721069592614 -2.598521260651067 -2.599713645405809 -2.600789026095199 -2.601748468479803 -2.602592917326105 -2.603323160642471 -2.603939883516858 -2.604443673275892 -2.604835011458545 -2.605114272291407 -2.605281722430062 -2.605337521442926 -2.605281722430062 -2.605114272291407 -2.604835011458545 -2.604443673275892 -2.603939883516858 -2.603323160642471 -2.602592917326105 -2.601748468479803 -2.600789026095199 -2.599713645405809 -2.598521260651067 -2.59721069592614 -2.59578067484147 -2.594229855691253 -2.592556670206835
-2.590875612311524 -2.592556670206835 -2.594114714209101 -2.59555134303484 -2.596868012882215 -2.598065960994812 -2.599146343734655 -2.600110217095812 -2.600958526411025 -2.601692101610486 -2.602311654450008 -2.602817767705164 -2.603210913412155 -2.603491464692107 -2.603659688569874 -2.603715745377729 -2.603659688569874 -2.603491464692107 -2.603210913412155 -2.602817767705164 -2.602311654450008 -2.601692101610486 -2.600958526411025 -2.600110217095812 -2.599146343734655 -2.598065960994812 -2.596868012882215 -2.59555134303484 -2.594114714209101 -2.592556670206835 -2.590875612311524
-2.618409333913037 -2.619626213322322 -2.62075861704737 -2.621806668571564 -2.622770420048623 -2.623649949031441 -2.624445371963534 -2.625156794199899 -2.6257843094176 -2.626327999225708 -2.626787926479135 -2.62716413751388 -2.627456687808581 -2.627665621160909 -2.627790968745177 -2.627832749205648 -2.627790968745177 -2.627665621160909 -2.627456687808581 -2.62716413751388 -2.626787926479135 -2.626327999225708 -2.6257843094176 -2.625156794199899 -2.624445371963534 -2.623649949031441 -2.622770420048623 -2.621806668571564 -2.62075861704737 -2.619626213322322 -2.618409333913037
