15 -0.0015 -0.001285714285714286 -0.001071428571428571 -0.0008571428571428572 -0.0006428571428571429 -0.0004285714285714286 -0.0002142857142857143 0 0.0002142857142857143 0.0004285714285714286 0.0006428571428571429 0.0008571428571428572 0.001071428571428571 0.001285714285714286 0.0015
15 -0.0015 -0.001285714285714286 -0.001071428571428571 -0.0008571428571428572 -0.0006428571428571429 -0.0004285714285714286 -0.0002142857142857143 0 0.0002142857142857143 0.0004285714285714286 0.0006428571428571429 0.0008571428571428572 0.001071428571428571 0.001285714285714286 0.0015
64 0.307 0.3092222222222222 0.3114444444444444 0.3136666666666666 0.3158888888888889 0.3181111111111111 0.3203333333333333 0.3225555555555555 0.3247777777777778 0.327 0.3292222222222222 0.3314444444444444 0.3336666666666667 0.3358888888888889 0.3381111111111111 0.3403333333333333 0.3425555555555556 0.3447777777777778 0.347 0.3492222222222222 0.3514444444444444 0.3536666666666667 0.3558888888888889 0.3581111111111111 0.3603333333333333 0.3625555555555555 0.3647777777777778 0.367 0.3692222222222222 0.3714444444444445 0.3736666666666666 0.3758888888888889 0.3781111111111111 0.3803333333333333 0.3825555555555555 0.3847777777777778 0.387 0.3892222222222222 0.3914444444444444 0.3936666666666667 0.3958888888888889 0.3981111111111111 0.4003333333333333 0.4025555555555556 0.4047777777777778 0.407 0.4092222222222222 0.4114444444444444 0.4136666666666666 0.4158888888888889 0.4181111111111111 0.4203333333333333 0.4225555555555556 0.4247777777777778 0.427 0.4292222222222222 0.4314444444444444 0.4336666666666666 0.4358888888888889 0.4381111111111111 0.4403333333333334 0.4425555555555556 0.4447777777777778 0.447
-2.570167475890409 -2.574785468892947 -2.578629999154741 -2.581733665301343 -2.584121812068096 -2.585814024816025 -2.586824015277322 -2.587159791580316 -2.586824015277322 -2.585814024816025 -2.584121812068096 -2.581733665301343 -2.578629999154741 -2.574785468892947 -2.570167475890409
-2.574785468892947 -2.579322945478676 -2.583101066321899 -2.586151131366987 -2.588498451947518 -2.590161786654806 -2.591154497639789 -2.591484529941044 -2.591154497639789 -2.590161786654806 -2.588498451947518 -2.586151131366987 -2.583101066321899 -2.579322945478676 -2.574785468892947
-2.578629999154741 -2.583101066321899 -2.586824015277322 -2.589830004820421 -2.592143304228552 -2.593782773452582 -2.594761297616669 -2.59508660968994 -2.594761297616669 -2.593782773452582 -2.592143304228552 -2.589830004820421 -2.586824015277322 -2.583101066321899 -2.578629999154741
-2.581733665301343 -2.586151131366987 -2.589830004820421 -2.592800374966677 -2.59508660968994 -2.596706754339991 -2.597673831074415 -2.597995362726999 -2.597673831074415 -2.596706754339991 -2.59508660968994 -2.592800374966677 -2.589830004820421 -2.586151131366987 -2.581733665301343
-2.584121812068096 -2.588498451947518 -2.592143304228552 -2.59508660968994 -2.597351883356381 -2.59895743005988 -2.599915686636926 -2.600234275135405 -2.599915686636926 -2.59895743005988 -2.597351883356381 -2.59508660968994 -2.592143304228552 -2.588498451947518 -2.584121812068096
-2.585814024816025 -2.590161786654806 -2.593782773452582 -2.596706754339991 -2.59895743005988 -2.600552468377545 -2.60150464181458 -2.60182118718734 -2.60150464181458 -2.600552468377545 -2.59895743005988 -2.596706754339991 -2.593782773452582 -2.590161786654806 -2.585814024816025
-2.586824015277322 -2.591154497639789 -2.594761297616669 -2.597673831074415 -2.599915686636926 -2.60150464181458 -2.602453006698448 -2.602768364099938 -2.602453006698448 -2.60150464181458 -2.599915686636926 -2.597673831074415 -2.594761297616669 -2.591154497639789 -2.586824015277322
-2.587159791580316 -2.591484529941044 -2.59508660968994 -2.597995362726999 -2.600234275135405 -2.60182118718734 -2.602768364099938 -2.603083280931339 -2.602768364099938 -2.60182118718734 -2.600234275135405 -2.597995362726999 -2.59508660968994 -2.591484529941044 -2.587159791580316
-2.586824015277322 -2.591154497639789 -2.594761297616669 -2.597673831074415 -2.599915686636926 -2.60150464181458 -2.602453006698448 -2.602768364099938 -2.602453006698448 -2.60150464181458 -2.599915686636926 -2.597673831074415 -2.594761297616669 -2.591154497639789 -2.586824015277322
-2.585814024816025 -2.590161786654806 -2.593782773452582 -2.596706754339991 -2.59895743005988 -2.600552468377545 -2.60150464181458 -2.60182118718734 -2.60150464181458 -2.600552468377545 -2.59895743005988 -2.596706754339991 -2.593782773452582 -2.590161786654806 -2.585814024816025
-2.584121812068096 -2.588498451947518 -2.592143304228552 -2.59508660968994 -2.597351883356381 -2.59895743005988 -2.599915686636926 -2.600234275135405 -2.599915686636926 -2.59895743005988 -2.597351883356381 -2.59508660968994 -2.592143304228552 -2.588498451947518 -2.584121812068096
-2.581733665301343 -2.586151131366987 -2.589830004820421 -2.592800374966677 -2.59508660968994 -2.596706754339991 -2.597673831074415 -2.597995362726999 -2.597673831074415 -2.596706754339991 -2.59508660968994 -2.592800374966677 -2.589830004820421 -2.586151131366987 -2.581733665301343
-2.578629999154741 -2.583101066321899 -2.586824015277322 -2.589830004820421 -2.592143304228552 -2.593782773452582 -2.594761297616669 -2.59508660968994 -2.594761297616669 -2.593782773452582 -2.592143304228552 -2.589830004820421 -2.586824015277322 -2.583101066321899 -2.578629999154741
-2.574785468892947 -2.579322945478676 -2.583101066321899 -2.586151131366987 -2.588498451947518 -2.590161786654806 -2.591154497639789 -2.591484529941044 -2.591154497639789 -2.590161786654806 -2.588498451947518 -2.586151131366987 -2.583101066321899 -2.579322945478676 -2.574785468892947
-2.570167475890409 -2.574785468892947 -2.578629999154741 -2.581733665301343 -2.584121812068096 -2.585814024816025 -2.586824015277322 -2.587159791580316 -2.586824015277322 -2.585814024816025 -2.584121812068096 -2.581733665301343 -2.578629999154741 -2.574785468892947 -2.570167475890409
-2.618902245714045 -2.621392967783343 -2.623498672907416 -2.625220024276679 -2.626557924254132 -2.627513064677904 -2.628085913354647 -2.628276823166435 -2.628085913354647 -2.627513064677904 -2.626557924254132 -2.625220024276679 -2.623498672907416 -2.621392967783343 -2.618902245714045
-2.621392967783343 -2.623881313336348 -2.625984636235596 -2.627704034157173 -2.629040265369672 -2.629994132459067 -2.630566227837439 -2.630756890176472 -2.630566227837439 -2.629994132459067 -2.629040265369672 -2.627704034157173 -2.625984636235596 -2.623881313336348 -2.621392967783343
-2.623498672907416 -2.625984636235596 -2.628085913354647 -2.62980339703988 -2.631138152797643 -2.632090919141282 -2.632662314947321 -2.632852737270952 -2.632662314947321 -2.632090919141282 -2.631138152797643 -2.62980339703988 -2.628085913354647 -2.625984636235596 -2.623498672907416
-2.625220024276679 -2.627704034157173 -2.62980339703988 -2.63151932602282 -2.632852737270952 -2.633804542811483 -2.634375368482616 -2.634565595311283 -2.634375368482616 -2.633804542811483 -2.632852737270952 -2.63151932602282 -2.62980339703988 -2.627704034157173 -2.625220024276679
-2.626557924254132 -2.629040265369672 -2.631138152797643 -2.632852737270952 -2.634185117475274 -2.63513613247725 -2.635706464904476 -2.635896535124607 -2.635706464904476 -2.63513613247725 -2.634185117475274 -2.632852737270952 -2.631138152797643 -2.629040265369672 -2.626557924254132
-2.627513064677904 -2.629994132459067 -2.632090919141282 -2.633804542811483 -2.63513613247725 -2.636086583895043 -2.636656574669489 -2.636846519424294 -2.636656574669489 -2.636086583895043 -2.63513613247725 -2.633804542811483 -2.632090919141282 -2.629994132459067 -2.627513064677904
-2.628085913354647 -2.630566227837439 -2.632662314947321 -2.634375368482616 -2.635706464904476 -2.636656574669489 -2.637226342541584 -2.637416223602023 -2.637226342541584 -2.636656574669489 -2.635706464904476 -2.634375368482616 -2.632662314947321 -2.630566227837439 -2.628085913354647
-2.628276823166435 -2.630756890176472 -2.632852737270952 -2.634565595311283 -2.635896535124607 -2.636846519424294 -2.637416223602023 -2.63760607447798 -2.637416223602023 -2.636846519424294 -2.635896535124607 -2.634565595311283 -2.632852737270952 -2.630756890176472 -2.628276823166435
-2.628085913354647 -2.630566227837439 -2.632662314947321 -2.634375368482616 -2.635706464904476 -2.636656574669489 -2.637226342541584 -2.637416223602023 -2.637226342541584 -2.636656574669489 -2.635706464904476 -2.634375368482616 -2.632662314947321 -2.630566227837439 -2.628085913354647
-2.627513064677904 -2.629994132459067 -2.632090919141282 -2.633804542811483 -2.63513613247725 -2.636086583895043 -2.636656574669489 -2.636846519424294 -2.636656574669489 -2.636086583895043 -2.63513613247725 -2.633804542811483 -2.632090919141282 -2.629994132459067 -2.627513064677904
-2.626557924254132 -2.629040265369672 -2.631138152797643 -2.632852737270952 -2.634185117475274 -2.63513613247725 -2.635706464904476 -2.635896535124607 -2.635706464904476 -2.63513613247725 -2.634185117475274 -2.632852737270952 -2.631138152797643 -2.629040265369672 -2.626557924254132
-2.625220024276679 -2.627704034157173 -2.62980339703988 -2.63151932602282 -2.632852737270952 -2.633804542811483 -2.634375368482616 -2.634565595311283 -2.634375368482616 -2.633804542811483 -2.632852737270952 -2.63151932602282 -2.62980339703988 -2.627704034157173 -2.625220024276679
-2.623498672907416 -2.625984636235596 -2.628085913354647 -2.62980339703988 -2.631138152797643 -2.632090919141282 -2.632662314947321 -2.632852737270952 -2.632662314947321 -2.632090919141282 -2.631138152797643 -2.62980339703988 -2.628085913354647 -2.625984636235596 -2.623498672907416
-2.621392967783343 -2.623881313336348 -2.625984636235596 -2.627704034157173 -2.629040265369672 -2.629994132459067 -2.630566227837439 -2.630756890176472 -2.630566227837439 -2.629994132459067 -2.629040265369672 -2.627704034157173 -2.625984636235596 -2.623881313336348 -2.621392967783343
-2.618902245714045 -2.621392967783343 -2.623498672907416 -2.625220024276679 -2.626557924254132 -2.627513064677904 -2.628085913354647 -2.628276823166435 -2.628085913354647 -2.627513064677904 -2.626557924254132 -2.625220024276679 -2.623498672907416 -2.621392967783343 -2.618902245714045
-2.695972465841226 -2.69710619471369 -2.698079589689413 -2.698885412569392 -2.699517924553005 -2.699972704820441 -2.700246757966907 -2.700338306820215 -2.700246757966907 -2.699972704820441 -2.699517924553005 -2.698885412569392 -2.698079589689413 -2.69710619471369 -2.695972465841226
-2.69710619471369 -2.698257932714891 -2.699246240486274 -2.700063956981778 -2.700705490188692 -2.7011666794678 -2.701444553587728 -2.70153736576688 -2.701444553587728 -2.7011666794678 -2.700705490188692 -2.700063956981778 -2.699246240486274 -2.698257932714891 -2.69710619471369
-2.698079589689413 -2.699246240486274 -2.700246757966907 -2.701074246690272 -2.70172326973915 -2.702189674713377 -2.702470652536247 -2.702564500795825 -2.702470652536247 -2.702189674713377 -2.70172326973915 -2.701074246690272 -2.700246757966907 -2.699246240486274 -2.698079589689413
-2.698885412569392 -2.700063956981778 -2.701074246690272 -2.701909548710188 -2.702564500795825 -2.703035135905981 -2.703318595994097 -2.703413263609936 -2.703318595994097 -2.703035135905981 -2.702564500795825 -2.701909548710188 -2.701074246690272 -2.700063956981778 -2.698885412569392
-2.699517924553005 -2.700705490188692 -2.70172326973915 -2.702564500795825 -2.703224019359496 -2.703697817974972 -2.703983200018976 -2.704078505827215 -2.703983200018976 -2.703697817974972 -2.703224019359496 -2.702564500795825 -2.70172326973915 -2.700705490188692 -2.699517924553005
-2.699972704820441 -2.7011666794678 -2.702189674713377 -2.703035135905981 -2.703697817974972 -2.704173894756541 -2.704460584409998 -2.70455633113959 -2.704460584409998 -2.704173894756541 -2.703697817974972 -2.703035135905981 -2.702189674713377 -2.7011666794678 -2.699972704820441
-2.700246757966907 -2.701444553587728 -2.702470652536247 -2.703318595994097 -2.703983200018976 -2.704460584409998 -2.704748097955205 -2.704844098971019 -2.704748097955205 -2.704460584409998 -2.703983200018976 -2.703318595994097 -2.702470652536247 -2.701444553587728 -2.700246757966907
-2.700338306820215 -2.70153736576688 -2.702564500795825 -2.703413263609936 -2.704078505827215 -2.70455633113959 -2.704844098971019 -2.704940195458949 -2.704844098971019 -2.70455633113959 -2.704078505827215 -2.703413263609936 -2.702564500795825 -2.70153736576688 -2.700338306820215
-2.700246757966907 -2.701444553587728 -2.702470652536247 -2.703318595994097 -2.703983200018976 -2.704460584409998 -2.704748097955205 -2.704844098971019 -2.704748097955205 -2.704460584409998 -2.703983200018976 -2.703318595994097 -2.702470652536247 -2.701444553587728 -2.700246757966907
-2.699972704820441 -2.7011666794678 -2.702189674713377 -2.703035135905981 -2.703697817974972 -2.704173894756541 -2.704460584409998 -2.70455633113959 -2.704460584409998 -2.704173894756541 -2.703697817974972 -2.703035135905981 -2.702189674713377 -2.7011666794678 -2.699972704820441
-2.699517924553005 -2.700705490188692 -2.70172326973915 -2.702564500795825 -2.703224019359496 -2.703697817974972 -2.703983200018976 -2.704078505827215 -2.703983200018976 -2.703697817974972 -2.703224019359496 -2.702564500795825 -2.70172326973915 -2.700705490188692 -2.699517924553005
-2.698885412569392 -2.700063956981778 -2.701074246690272 -2.701909548710188 -2.702564500795825 -2.703035135905981 -2.703318595994097 -2.703413263609936 -2.703318595994097 -2.703035135905981 -2.702564500795825 -2.701909548710188 -2.701074246690272 -2.700063956981778 -2.698885412569392
-2.698079589689413 -2.699246240486274 -2.700246757966907 -2.701074246690272 -2.70172326973915 -2.702189674713377 -2.702470652536247 -2.702564500795825 -2.702470652536247 -2.702189674713377 -2.70172326973915 -2.701074246690272 -2.700246757966907 -2.699246240486274 -2.698079589689413
-2.69710619471369 -2.698257932714891 -2.699246240486274 -2.700063956981778 -2.700705490188692 -2.7011666794678 -2.701444553587728 -2.70153736576688 -2.701444553587728 -2.7011666794678 -2.700705490188692 -2.700063956981778 -2.699246240486274 -2.698257932714891 -2.69710619471369
-2.695972465841226 -2.69710619471369 -2.698079589689413 -2.698885412569392 -2.699517924553005 -2.699972704820441 -2.700246757966907 -2.700338306820215 -2.700246757966907 -2.699972704820441 -2.699517924553005 -2.698885412569392 -2.698079589689413 -2.69710619471369 -2.695972465841226
-2.79671315389959 -2.797040093519092 -2.797323076521635 -2.797558955411478 -2.797745107398191 -2.797879504649762 -2.797960720184087 -2.79798788857272 -2.797960720184087 -2.797879504649762 -2.797745107398191 -2.797558955411478 -2.797323076521635 -2.797040093519092 -2.79671315389959
-2.797040093519092 -2.797375155744627 -2.797665042590482 -2.797906528265482 -2.798097045384596 -2.798234576126439 -2.798317665129048 -2.798345455797716 -2.798317665129048 -2.798234576126439 -2.798097045384596 -2.797906528265482 -2.797665042590482 -2.797375155744627 -2.797040093519092
-2.797323076521635 -2.797665042590482 -2.797960720184087 -2.798206974003109 -2.798401179831223 -2.798541329829444 -2.798625999681533 -2.798654319614326 -2.798625999681533 -2.798541329829444 -2.798401179831223 -2.798206974003109 -2.797960720184087 -2.797665042590482 -2.797323076521635
-2.797558955411478 -2.797906528265482 -2.798206974003109 -2.798457095291417 -2.798654319614326 -2.798796632223519 -2.798882583578954 -2.798911329884936 -2.798882583578954 -2.798796632223519 -2.798654319614326 -2.798457095291417 -2.798206974003109 -2.797906528265482 -2.797558955411478
-2.797745107398191 -2.798097045384596 -2.798401179831223 -2.798654319614326 -2.798853885452818 -2.798997860382442 -2.799084826930053 -2.799113908849215 -2.799084826930053 -2.798997860382442 -2.798853885452818 -2.798654319614326 -2.798401179831223 -2.798097045384596 -2.797745107398191
-2.797879504649762 -2.798234576126439 -2.798541329829444 -2.798796632223519 -2.798997860382442 -2.799143035817388 -2.799230702176414 -2.799260023888101 -2.799230702176414 -2.799143035817388 -2.798997860382442 -2.798796632223519 -2.798541329829444 -2.798234576126439 -2.797879504649762
-2.797960720184087 -2.798317665129048 -2.798625999681533 -2.798882583578954 -2.799084826930053 -2.799230702176414 -2.79931881284148 -2.799348270814853 -2.79931881284148 -2.799230702176414 -2.799084826930053 -2.798882583578954 -2.798625999681533 -2.798317665129048 -2.797960720184087
-2.79798788857272 -2.798345455797716 -2.798654319614326 -2.798911329884936 -2.799113908849215 -2.799260023888101 -2.799348270814853 -2.79937778183763 -2.799348270814853 -2.799260023888101 -2.799113908849215 -2.798911329884936 -2.798654319614326 -2.798345455797716 -2.79798788857272
-2.797960720184087 -2.798317665129048 -2.798625999681533 -2.798882583578954 -2.799084826930053 -2.799230702176414 -2.79931881284148 -2.799348270814853 -2.79931881284148 -2.799230702176414 -2.799084826930053 -2.798882583578954 -2.798625999681533 -2.798317665129048 -2.797960720184087
-2.797879504649762 -2.798234576126439 -2.798541329829444 -2.798796632223519 -2.798997860382442 -2.799143035817388 -2.799230702176414 -2.799260023888101 -2.799230702176414 -2.799143035817388 -2.798997860382442 -2.798796632223519 -2.798541329829444 -2.798234576126439 -2.797879504649762
-2.797745107398191 -2.798097045384596 -2.798401179831223 -2.798654319614326 -2.798853885452818 -2.798997860382442 -2.799084826930053 -2.799113908849215 -2.799084826930053 -2.798997860382442 -2.798853885452818 -2.798654319614326 -2.798401179831223 -2.798097045384596 -2.797745107398191
-2.797558955411478 -2.797906528265482 -2.798206974003109 -2.798457095291417 -2.798654319614326 -2.798796632223519 -2.798882583578954 -2.798911329884936 -2.798882583578954 -2.798796632223519 -2.798654319614326 -2.798457095291417 -2.798206974003109 -2.797906528265482 -2.797558955411478
-2.797323076521635 -2.797665042590482 -2.797960720184087 -2.798206974003109 -2.798401179831223 -2.798541329829444 -2.798625999681533 -2.798654319614326 -2.798625999681533 -2.798541329829444 -2.798401179831223 -2.798206974003109 -2.797960720184087 -2.797665042590482 -2.797323076521635
-2.797040093519092 -2.797375155744627 -2.797665042590482 -2.797906528265482 -2.798097045384596 -2.798234576126439 -2.798317665129048 -2.798345455797716 -2.798317665129048 -2.798234576126439 -2.798097045384596 -2.797906528265482 -2.797665042590482 -2.797375155744627 -2.797040093519092
-2.79671315389959 -2.797040093519092 -2.797323076521635 -2.797558955411478 -2.797745107398191 -2.797879504649762 -2.797960720184087 -2.79798788857272 -2.797960720184087 -2.797879504649762 -2.797745107398191 -2.797558955411478 -2.797323076521635 -2.797040093519092 -2.79671315389959
-2.897502022679922 -2.897355833935213 -2.897234018853901 -2.897135710740844 -2.89706012670187 -2.897006620134052 -2.896974713845859 -2.896964111851223 -2.896974713845859 -2.897006620134052 -2.89706012670187 -2.897135710740844 -2.897234018853901 -2.897355833935213 -2.897502022679922
-2.897355833935213 -2.897212064389692 -2.897092424723628 -2.89699596806964 -2.89692187323684 -2.896869460939626 -2.896838219251578 -2.896827840047828 -2.896838219251578 -2.896869460939626 -2.89692187323684 -2.89699596806964 -2.897092424723628 -2.897212064389692 -2.897355833935213
-2.897234018853901 -2.897092424723628 -2.896974713845859 -2.896879909164152 -2.896807134327712 -2.896755682200097 -2.896725028702216 -2.89671484761232 -2.896725028702216 -2.896755682200097 -2.896807134327712 -2.896879909164152 -2.896974713845859 -2.897092424723628 -2.897234018853901
-2.897135710740844 -2.89699596806964 -2.896879909164152 -2.896786499560847 -2.89671484761232 -2.896664215407672 -2.896634055883091 -2.896624040409328 -2.896634055883091 -2.896664215407672 -2.89671484761232 -2.896786499560847 -2.896879909164152 -2.89699596806964 -2.897135710740844
-2.89706012670187 -2.89692187323684 -2.896807134327712 -2.89671484761232 -2.896644090324688 -2.89659410914626 -2.896564351115953 -2.896554468799182 -2.896564351115953 -2.89659410914626 -2.896644090324688 -2.89671484761232 -2.896807134327712 -2.89692187323684 -2.89706012670187
-2.897006620134052 -2.896869460939626 -2.896755682200097 -2.896664215407672 -2.89659410914626 -2.896544604931585 -2.896515130163508 -2.896505345960699 -2.896515130163508 -2.896544604931585 -2.89659410914626 -2.896664215407672 -2.896755682200097 -2.896869460939626 -2.897006620134052
-2.896974713845859 -2.896838219251578 -2.896725028702216 -2.896634055883091 -2.896564351115953 -2.896515130163508 -2.896485836784584 -2.896476108403625 -2.896485836784584 -2.896515130163508 -2.896564351115953 -2.896634055883091 -2.896725028702216 -2.896838219251578 -2.896974713845859
-2.896964111851223 -2.896827840047828 -2.89671484761232 -2.896624040409328 -2.896554468799182 -2.896505345960699 -2.896476108403625 -2.896466402234133 -2.896476108403625 -2.896505345960699 -2.896554468799182 -2.896624040409328 -2.89671484761232 -2.896827840047828 -2.896964111851223
-2.896974713845859 -2.896838219251578 -2.896725028702216 -2.896634055883091 -2.896564351115953 -2.896515130163508 -2.896485836784584 -2.896476108403625 -2.896485836784584 -2.896515130163508 -2.896564351115953 -2.896634055883091 -2.896725028702216 -2.896838219251578 -2.896974713845859
-2.897006620134052 -2.896869460939626 -2.896755682200097 -2.896664215407672 -2.89659410914626 -2.896544604931585 -2.896515130163508 -2.896505345960699 -2.896515130163508 -2.896544604931585 -2.89659410914626 -2.896664215407672 -2.896755682200097 -2.896869460939626 -2.897006620134052
-2.89706012670187 -2.89692187323684 -2.896807134327712 -2.89671484761232 -2.896644090324688 -2.89659410914626 -2.896564351115953 -2.896554468799182 -2.896564351115953 -2.89659410914626 -2.896644090324688 -2.89671484761232 -2.896807134327712 -2.89692187323684 -2.89706012670187
-2.897135710740844 -2.89699596806964 -2.896879909164152 -2.896786499560847 -2.89671484761232 -2.896664215407672 -2.896634055883091 -2.896624040409328 -2.896634055883091 -2.896664215407672 -2.89671484761232 -2.896786499560847 -2.896879909164152 -2.89699596806964 -2.897135710740844
-2.897234018853901 -2.897092424723628 -2.896974713845859 -2.896879909164152 -2.896807134327712 -2.896755682200097 -2.896725028702216 -2.89671484761232 -2.896725028702216 -2.896755682200097 -2.896807134327712 -2.896879909164152 -2.896974713845859 -2.897092424723628 -2.897234018853901
-2.897355833935213 -2.897212064389692 -2.897092424723628 -2.89699596806964 -2.89692187323684 -2.896869460939626 -2.896838219251578 -2.896827840047828 -2.896838219251578 -2.896869460939626 -2.89692187323684 -2.89699596806964 -2.897092424723628 -2.897212064389692 -2.897355833935213
-2.897502022679922 -2.897355833935213 -2.897234018853901 -2.897135710740844 -2.89706012670187 -2.897006620134052 -2.896974713845859 -2.896964111851223 -2.896974713845859 -2.897006620134052 -2.89706012670187 -2.897135710740844 -2.897234018853901 -2.897355833935213 -2.897502022679922
-2.995906125578236 -2.995554516828332 -2.995258316888092 -2.995016895179892 -2.994829697879384 -2.994696299439494 -2.994616388050125 -2.994589772391378 -2.994616388050125 -2.994696299439494 -2.994829697879384 -2.995016895179892 -2.995258316888092 -2.995554516828332 -2.995906125578236
-2.995554516828332 -2.99520459532966 -2.994909863095998 -2.994669651604529 -2.994483417848993 -2.994350715970166 -2.994271222665373 -2.994244746522932 -2.994271222665373 -2.994350715970166 -2.994483417848993 -2.994669651604529 -2.994909863095998 -2.99520459532966 -2.995554516828332
-2.995258316888092 -2.994909863095998 -2.994616388050125 -2.994377235180523 -2.994191826992227 -2.994059721365545 -2.993980591818855 -2.993954237697822 -2.993980591818855 -2.994059721365545 -2.994191826992227 -2.994377235180523 -2.994616388050125 -2.994909863095998 -2.995258316888092
-2.995016895179892 -2.994669651604529 -2.994377235180523 -2.994138951455518 -2.993954237697822 -2.99382263022716 -2.993743798639531 -2.993717544175083 -2.993743798639531 -2.99382263022716 -2.993954237697822 -2.994138951455518 -2.994377235180523 -2.994669651604529 -2.995016895179892
-2.994829697879384 -2.994483417848993 -2.994191826992227 -2.993954237697822 -2.993770064524842 -2.993638849801165 -2.99356025799079 -2.993534082412542 -2.99356025799079 -2.993638849801165 -2.993770064524842 -2.993954237697822 -2.994191826992227 -2.994483417848993 -2.994829697879384
-2.994696299439494 -2.994350715970166 -2.994059721365545 -2.99382263022716 -2.993638849801165 -2.99350791786321 -2.993429493794953 -2.993403376526778 -2.993429493794953 -2.99350791786321 -2.993638849801165 -2.99382263022716 -2.994059721365545 -2.994350715970166 -2.994696299439494
-2.994616388050125 -2.994271222665373 -2.993980591818855 -2.993743798639531 -2.99356025799079 -2.993429493794953 -2.993351176269902 -2.993325091439607 -2.993351176269902 -2.993429493794953 -2.99356025799079 -2.993743798639531 -2.993980591818855 -2.994271222665373 -2.994616388050125
-2.994589772391378 -2.994244746522932 -2.993954237697822 -2.993717544175083 -2.993534082412542 -2.993403376526778 -2.993325091439607 -2.993299019764665 -2.993325091439607 -2.993403376526778 -2.993534082412542 -2.993717544175083 -2.993954237697822 -2.994244746522932 -2.994589772391378
-2.994616388050125 -2.994271222665373 -2.993980591818855 -2.993743798639531 -2.99356025799079 -2.993429493794953 -2.993351176269902 -2.993325091439607 -2.993351176269902 -2.993429493794953 -2.99356025799079 -2.993743798639531 -2.993980591818855 -2.994271222665373 -2.994616388050125
-2.994696299439494 -2.994350715970166 -2.994059721365545 -2.99382263022716 -2.993638849801165 -2.99350791786321 -2.993429493794953 -2.993403376526778 -2.993429493794953 -2.99350791786321 -2.993638849801165 -2.99382263022716 -2.994059721365545 -2.994350715970166 -2.994696299439494
-2.994829697879384 -2.994483417848993 -2.994191826992227 -2.993954237697822 -2.993770064524842 -2.993638849801165 -2.99356025799079 -2.993534082412542 -2.99356025799079 -2.993638849801165 -2.993770064524842 -2.993954237697822 -2.994191826992227 -2.994483417848993 -2.994829697879384
-2.995016895179892 -2.994669651604529 -2.994377235180523 -2.994138951455518 -2.993954237697822 -2.99382263022716 -2.993743798639531 -2.993717544175083 -2.993743798639531 -2.99382263022716 -2.993954237697822 -2.994138951455518 -2.994377235180523 -2.994669651604529 -2.995016895179892
-2.995258316888092 -2.994909863095998 -2.994616388050125 -2.994377235180523 -2.994191826992227 -2.994059721365545 -2.993980591818855 -2.993954237697822 -2.993980591818855 -2.994059721365545 -2.994191826992227 -2.994377235180523 -2.994616388050125 -2.994909863095998 -2.995258316888092
-2.995554516828332 -2.99520459532966 -2.994909863095998 -2.994669651604529 -2.994483417848993 -2.994350715970166 -2.994271222665373 -2.994244746522932 -2.994271222665373 -2.994350715970166 -2.994483417848993 -2.994669651604529 -2.994909863095998 -2.99520459532966 -2.995554516828332
-2.995906125578236 -2.995554516828332 -2.995258316888092 -2.995016895179892 -2.994829697879384 -2.994696299439494 -2.994616388050125 -2.994589772391378 -2.994616388050125 -2.994696299439494 -2.994829697879384 -2.995016895179892 -2.995258316888092 -2.995554516828332 -2.995906125578236
-3.08830651892096 -3.087859918413598 -3.087483356734866 -3.087176142767105 -3.086937736835909 -3.086767735359957 -3.086665849120349 -3.08663190599372 -3.086665849120349 -3.086767735359957 -3.086937736835909 -3.087176142767105 -3.087483356734866 -3.087859918413598 -3.08830651892096
-3.087859918413598 -3.087415019781921 -3.087039853032511 -3.086733763771556 -3.086496226954884 -3.086326834095454 -3.086225308757794 -3.086191485484416 -3.086225308757794 -3.086326834095454 -3.086496226954884 -3.086733763771556 -3.087039853032511 -3.087415019781921 -3.087859918413598
-3.087483356734866 -3.087039853032511 -3.086665849120349 -3.086360694329436 -3.086123866746481 -3.085954981782154 -3.085853760570886 -3.085820037931074 -3.085853760570886 -3.085954981782154 -3.086123866746481 -3.086360694329436 -3.086665849120349 -3.087039853032511 -3.087483356734866
-3.087176142767105 -3.086733763771556 -3.086360694329436 -3.086056285074102 -3.085820037931074 -3.085651556411845 -3.085550575022614 -3.085516932716255 -3.085550575022614 -3.085651556411845 -3.085820037931074 -3.086056285074102 -3.086360694329436 -3.086733763771556 -3.087176142767105
-3.086937736835909 -3.086496226954884 -3.086123866746481 -3.085820037931074 -3.085584226418434 -3.085416060050879 -3.085315265972062 -3.08528168465999 -3.085315265972062 -3.085416060050879 -3.085584226418434 -3.085820037931074 -3.086123866746481 -3.086496226954884 -3.086937736835909
-3.086767735359957 -3.086326834095454 -3.085954981782154 -3.085651556411845 -3.085416060050879 -3.085248111988967 -3.085147448059646 -3.085113911873318 -3.085147448059646 -3.085248111988967 -3.085416060050879 -3.085651556411845 -3.085954981782154 -3.086326834095454 -3.086767735359957
-3.086665849120349 -3.086225308757794 -3.085853760570886 -3.085550575022614 -3.085315265972062 -3.085147448059646 -3.085046864722326 -3.085013352682318 -3.085046864722326 -3.085147448059646 -3.085315265972062 -3.085550575022614 -3.085853760570886 -3.086225308757794 -3.086665849120349
-3.08663190599372 -3.086191485484416 -3.085820037931074 -3.085516932716255 -3.08528168465999 -3.085113911873318 -3.085013352682318 -3.084979850712846 -3.085013352682318 -3.085113911873318 -3.08528168465999 -3.085516932716255 -3.085820037931074 -3.086191485484416 -3.08663190599372
-3.086665849120349 -3.086225308757794 -3.085853760570886 -3.085550575022614 -3.085315265972062 -3.085147448059646 -3.085046864722326 -3.085013352682318 -3.085046864722326 -3.085147448059646 -3.085315265972062 -3.085550575022614 -3.085853760570886 -3.086225308757794 -3.086665849120349
-3.086767735359957 -3.086326834095454 -3.085954981782154 -3.085651556411845 -3.085416060050879 -3.085248111988967 -3.085147448059646 -3.085113911873318 -3.085147448059646 -3.085248111988967 -3.085416060050879 -3.085651556411845 -3.085954981782154 -3.086326834095454 -3.086767735359957
-3.086937736835909 -3.086496226954884 -3.086123866746481 -3.085820037931074 -3.085584226418434 -3.085416060050879 -3.085315265972062 -3.08528168465999 -3.085315265972062 -3.085416060050879 -3.085584226418434 -3.085820037931074 -3.086123866746481 -3.086496226954884 -3.086937736835909
-3.087176142767105 -3.086733763771556 -3.086360694329436 -3.086056285074102 -3.085820037931074 -3.085651556411845 -3.085550575022614 -3.085516932716255 -3.085550575022614 -3.085651556411845 -3.085820037931074 -3.086056285074102 -3.086360694329436 -3.086733763771556 -3.087176142767105
-3.087483356734866 -3.087039853032511 -3.086665849120349 -3.086360694329436 -3.086123866746481 -3.085954981782154 -3.085853760570886 -3.085820037931074 -3.085853760570886 -3.085954981782154 -3.086123866746481 -3.086360694329436 -3.086665849120349 -3.087039853032511 -3.087483356734866
-3.087859918413598 -3.087415019781921 -3.087039853032511 -3.086733763771556 -3.086496226954884 -3.086326834095454 -3.086225308757794 -3.086191485484416 -3.086225308757794 -3.086326834095454 -3.086496226954884 -3.086733763771556 -3.087039853032511 -3.087415019781921 -3.087859918413598
-3.08830651892096 -3.087859918413598 -3.087483356734866 -3.087176142767105 -3.086937736835909 -3.086767735359957 -3.086665849120349 -3.08663190599372 -3.086665849120349 -3.086767735359957 -3.086937736835909 -3.087176142767105 -3.087483356734866 -3.087859918413598 -3.08830651892096
-3.172734895765585 -3.17222838846739 -3.171800685920203 -3.171451329686804 -3.17117996856692 -3.170986330584478 -3.170870223153435 -3.170831533046871 -3.170870223153435 -3.170986330584478 -3.17117996856692 -3.171451329686804 -3.171800685920203 -3.17222838846739 -3.172734895765585
-3.17222838846739 -3.171723006110912 -3.171296227697602 -3.170947621885388 -3.170676833547803 -3.170483596822727 -3.170367728658031 -3.170329118262145 -3.170367728658031 -3.170483596822727 -3.170676833547803 -3.170947621885388 -3.171296227697602 -3.171723006110912 -3.17222838846739
-3.171800685920203 -3.171296227697602 -3.170870223153435 -3.170522231871172 -3.170251915919351 -3.170059016738794 -3.169943348748256 -3.169904804365486 -3.169943348748256 -3.170059016738794 -3.170251915919351 -3.170522231871172 -3.170870223153435 -3.171296227697602 -3.171800685920203
-3.171451329686804 -3.170947621885388 -3.170522231871172 -3.170174738071019 -3.169904804365486 -3.169712170882427 -3.169596662553503 -3.169558171790109 -3.169596662553503 -3.169712170882427 -3.169904804365486 -3.170174738071019 -3.170522231871172 -3.170947621885388 -3.171451329686804
-3.17117996856692 -3.170676833547803 -3.170251915919351 -3.169904804365486 -3.169635159315801 -3.169442734999429 -3.169327349136463 -3.169288898350171 -3.169327349136463 -3.169442734999429 -3.169635159315801 -3.169904804365486 -3.170251915919351 -3.170676833547803 -3.17117996856692
-3.170986330584478 -3.170483596822727 -3.170059016738794 -3.169712170882427 -3.169442734999429 -3.169250453375676 -3.16913515456379 -3.169096733785701 -3.16913515456379 -3.169250453375676 -3.169442734999429 -3.169712170882427 -3.170059016738794 -3.170483596822727 -3.170986330584478
-3.170870223153435 -3.170367728658031 -3.169943348748256 -3.169596662553503 -3.169327349136463 -3.16913515456379 -3.169019908327295 -3.168981503296438 -3.169019908327295 -3.16913515456379 -3.169327349136463 -3.169596662553503 -3.169943348748256 -3.170367728658031 -3.170870223153435
-3.170831533046871 -3.170329118262145 -3.169904804365486 -3.169558171790109 -3.169288898350171 -3.169096733785701 -3.168981503296438 -3.168943105026141 -3.168981503296438 -3.169096733785701 -3.169288898350171 -3.169558171790109 -3.169904804365486 -3.170329118262145 -3.170831533046871
-3.170870223153435 -3.170367728658031 -3.169943348748256 -3.169596662553503 -3.169327349136463 -3.16913515456379 -3.169019908327295 -3.168981503296438 -3.169019908327295 -3.16913515456379 -3.169327349136463 -3.169596662553503 -3.169943348748256 -3.170367728658031 -3.170870223153435
-3.170986330584478 -3.170483596822727 -3.170059016738794 -3.169712170882427 -3.169442734999429 -3.169250453375676 -3.16913515456379 -3.169096733785701 -3.16913515456379 -3.169250453375676 -3.169442734999429 -3.169712170882427 -3.170059016738794 -3.170483596822727 -3.170986330584478
-3.17117996856692 -3.170676833547803 -3.170251915919351 -3.169904804365486 -3.169635159315801 -3.169442734999429 -3.169327349136463 -3.169288898350171 -3.169327349136463 -3.169442734999429 -3.169635159315801 -3.169904804365486 -3.170251915919351 -3.170676833547803 -3.17117996856692
-3.171451329686804 -3.170947621885388 -3.170522231871172 -3.170174738071019 -3.169904804365486 -3.169712170882427 -3.169596662553503 -3.169558171790109 -3.169596662553503 -3.169712170882427 -3.169904804365486 -3.170174738071019 -3.170522231871172 -3.170947621885388 -3.171451329686804
-3.171800685920203 -3.171296227697602 -3.170870223153435 -3.170522231871172 -3.170251915919351 -3.170059016738794 -3.169943348748256 -3.169904804365486 -3.169943348748256 -3.170059016738794 -3.170251915919351 -3.170522231871172 -3.170870223153435 -3.171296227697602 -3.171800685920203
-3.17222838846739 -3.171723006110912 -3.171296227697602 -3.170947621885388 -3.170676833547803 -3.170483596822727 -3.170367728658031 -3.170329118262145 -3.170367728658031 -3.170483596822727 -3.170676833547803 -3.170947621885388 -3.171296227697602 -3.171723006110912 -3.17222838846739
-3.172734895765585 -3.17222838846739 -3.171800685920203 -3.171451329686804 -3.17117996856692 -3.170986330584478 -3.170870223153435 -3.170831533046871 -3.170870223153435 -3.170986330584478 -3.17117996856692 -3.171451329686804 -3.171800685920203 -3.17222838846739 -3.172734895765585
-3.248888668172962 -3.248354165172495 -3.247902247978811 -3.247532747044522 -3.247245515649079 -3.247040435758008 -3.24691742199878 -3.246876423156495 -3.24691742199878 -3.247040435758008 -3.247245515649079 -3.247532747044522 -3.247902247978811 -3.248354165172495 -3.248888668172962
-3.248354165172495 -3.247820117034063 -3.247368597766813 -3.246999428322934 -3.246712456887255 -3.246507565221854 -3.246384665869751 -3.246343705388163 -3.246384665869751 -3.246507565221854 -3.246712456887255 -3.246999428322934 -3.247368597766813 -3.247820117034063 -3.248354165172495
-3.247902247978811 -3.247368597766813 -3.24691742199878 -3.246548537629604 -3.246261793385657 -3.246057065450968 -3.245934264159789 -3.245893336384296 -3.245934264159789 -3.246057065450968 -3.246261793385657 -3.246548537629604 -3.24691742199878 -3.247368597766813 -3.247902247978811
-3.247532747044522 -3.246999428322934 -3.246548537629604 -3.246179893314549 -3.245893336384296 -3.245688743314302 -3.245566024602503 -3.24552512457092 -3.245566024602503 -3.245688743314302 -3.245893336384296 -3.246179893314549 -3.246548537629604 -3.246999428322934 -3.247532747044522
-3.247245515649079 -3.246712456887255 -3.246261793385657 -3.245893336384296 -3.245606927731599 -3.245402442776748 -3.245279787721372 -3.24523890881338 -3.245279787721372 -3.245402442776748 -3.245606927731599 -3.245893336384296 -3.246261793385657 -3.246712456887255 -3.247245515649079
-3.247040435758008 -3.246507565221854 -3.246057065450968 -3.245688743314302 -3.245402442776748 -3.245198033081672 -3.245075425491731 -3.245034562814417 -3.245075425491731 -3.245198033081672 -3.245402442776748 -3.245688743314302 -3.246057065450968 -3.246507565221854 -3.247040435758008
-3.24691742199878 -3.246384665869751 -3.245934264159789 -3.245566024602503 -3.245279787721372 -3.245075425491731 -3.244952845946553 -3.244911991853238 -3.244952845946553 -3.245075425491731 -3.245279787721372 -3.245566024602503 -3.245934264159789 -3.246384665869751 -3.24691742199878
-3.246876423156495 -3.246343705388163 -3.245893336384296 -3.24552512457092 -3.24523890881338 -3.245034562814417 -3.244911991853238 -3.244871141543237 -3.244911991853238 -3.245034562814417 -3.24523890881338 -3.24552512457092 -3.245893336384296 -3.246343705388163 -3.246876423156495
-3.24691742199878 -3.246384665869751 -3.245934264159789 -3.245566024602503 -3.245279787721372 -3.245075425491731 -3.244952845946553 -3.244911991853238 -3.244952845946553 -3.245075425491731 -3.245279787721372 -3.245566024602503 -3.245934264159789 -3.246384665869751 -3.24691742199878
-3.247040435758008 -3.246507565221854 -3.246057065450968 -3.245688743314302 -3.245402442776748 -3.245198033081672 -3.245075425491731 -3.245034562814417 -3.245075425491731 -3.245198033081672 -3.245402442776748 -3.245688743314302 -3.246057065450968 -3.246507565221854 -3.247040435758008
-3.247245515649079 -3.246712456887255 -3.246261793385657 -3.245893336384296 -3.245606927731599 -3.245402442776748 -3.245279787721372 -3.24523890881338 -3.245279787721372 -3.245402442776748 -3.245606927731599 -3.245893336384296 -3.246261793385657 -3.246712456887255 -3.247245515649079
-3.247532747044522 -3.246999428322934 -3.246548537629604 -3.246179893314549 -3.245893336384296 -3.245688743314302 -3.245566024602503 -3.24552512457092 -3.245566024602503 -3.245688743314302 -3.245893336384296 -3.246179893314549 -3.246548537629604 -3.246999428322934 -3.247532747044522
-3.247902247978811 -3.247368597766813 -3.24691742199878 -3.246548537629604 -3.246261793385657 -3.246057065450968 -3.245934264159789 -3.245893336384296 -3.245934264159789 -3.246057065450968 -3.246261793385657 -3.246548537629604 -3.24691742199878 -3.247368597766813 -3.247902247978811
-3.248354165172495 -3.247820117034063 -3.247368597766813 -3.246999428322934 -3.246712456887255 -3.246507565221854 -3.246384665869751 -3.246343705388163 -3.246384665869751 -3.246507565221854 -3.246712456887255 -3.246999428322934 -3.247368597766813 -3.247820117034063 -3.248354165172495
-3.248888668172962 -3.248354165172495 -3.247902247978811 -3.247532747044522 -3.247245515649079 -3.247040435758008 -3.24691742199878 -3.246876423156495 -3.24691742199878 -3.247040435758008 -3.247245515649079 -3.247532747044522 -3.247902247978811 -3.248354165172495 -3.248888668172962
