15 -0.0015 -0.001285714285714286 -0.001071428571428571 -0.0008571428571428572 -0.0006428571428571429 -0.0004285714285714286 -0.0002142857142857143 0 0.0002142857142857143 0.0004285714285714286 0.0006428571428571429 0.0008571428571428572 0.001071428571428571 0.001285714285714286 0.0015
15 -0.0015 -0.001285714285714286 -0.001071428571428571 -0.0008571428571428572 -0.0006428571428571429 -0.0004285714285714286 -0.0002142857142857143 0 0.0002142857142857143 0.0004285714285714286 0.0006428571428571429 0.0008571428571428572 0.001071428571428571 0.001285714285714286 0.0015
8 0.307 0.327 0.347 0.367 0.387 0.407 0.427 0.447
-2.570167475890409 -2.574785468892947 -2.578629999154741 -2.581733665301343 -2.584121812068096 -2.585814024816025 -2.586824015277322 -2.587159791580316 -2.586824015277322 -2.585814024816025 -2.584121812068096 -2.581733665301343 -2.578629999154741 -2.574785468892947 -2.570167475890409
-2.574785468892947 -2.579322945478676 -2.583101066321899 -2.586151131366987 -2.588498451947518 -2.590161786654806 -2.591154497639789 -2.591484529941044 -2.591154497639789 -2.590161786654806 -2.588498451947518 -2.586151131366987 -2.583101066321899 -2.579322945478676 -2.574785468892947
-2.578629999154741 -2.583101066321899 -2.586824015277322 -2.589830004820421 -2.592143304228552 -2.593782773452582 -2.594761297616669 -2.59508660968994 -2.594761297616669 -2.593782773452582 -2.592143304228552 -2.589830004820421 -2.586824015277322 -2.583101066321899 -2.578629999154741
-2.581733665301343 -2.586151131366987 -2.589830004820421 -2.592800374966677 -2.59508660968994 -2.596706754339991 -2.597673831074415 -2.597995362726999 -2.597673831074415 -2.596706754339991 -2.59508660968994 -2.592800374966677 -2.589830004820421 -2.586151131366987 -2.581733665301343
-2.584121812068096 -2.588498451947518 -2.592143304228552 -2.59508660968994 -2.597351883356381 -2.59895743005988 -2.599915686636926 -2.600234275135405 -2.599915686636926 -2.59895743005988 -2.597351883356381 -2.59508660968994 -2.592143304228552 -2.588498451947518 -2.584121812068096
-2.585814024816025 -2.590161786654806 -2.593782773452582 -2.596706754339991 -2.59895743005988 -2.600552468377545 -2.60150464181458 -2.60182118718734 -2.60150464181458 -2.600552468377545 -2.59895743005988 -2.596706754339991 -2.593782773452582 -2.590161786654806 -2.585814024816025
-2.586824015277322 -2.591154497639789 -2.594761297616669 -2.597673831074415 -2.599915686636926 -2.60150464181458 -2.602453006698448 -2.602768364099938 -2.602453006698448 -2.60150464181458 -2.599915686636926 -2.597673831074415 -2.594761297616669 -2.591154497639789 -2.586824015277322
-2.587159791580316 -2.591484529941044 -2.59508660968994 -2.597995362726999 -2.600234275135405 -2.60182118718734 -2.602768364099938 -2.603083280931339 -2.602768364099938 -2.60182118718734 -2.600234275135405 -2.597995362726999 -2.59508660968994 -2.591484529941044 -2.587159791580316
-2.586824015277322 -2.591154497639789 -2.594761297616669 -2.597673831074415 -2.599915686636926 -2.60150464181458 -2.602453006698448 -2.602768364099938 -2.602453006698448 -2.60150464181458 -2.599915686636926 -2.597673831074415 -2.594761297616669 -2.591154497639789 -2.586824015277322
-2.585814024816025 -2.590161786654806 -2.593782773452582 -2.596706754339991 -2.59895743005988 -2.600552468377545 -2.60150464181458 -2.60182118718734 -2.60150464181458 -2.600552468377545 -2.59895743005988 -2.596706754339991 -2.593782773452582 -2.590161786654806 -2.585814024816025
-2.584121812068096 -2.588498451947518 -2.592143304228552 -2.59508660968994 -2.597351883356381 -2.59895743005988 -2.599915686636926 -2.600234275135405 -2.599915686636926 -2.59895743005988 -2.597351883356381 -2.59508660968994 -2.592143304228552 -2.588498451947518 -2.584121812068096
-2.581733665301343 -2.586151131366987 -2.589830004820421 -2.592800374966677 -2.59508660968994 -2.596706754339991 -2.597673831074415 -2.597995362726999 -2.597673831074415 -2.596706754339991 -2.59508660968994 -2.592800374966677 -2.589830004820421 -2.586151131366987 -2.581733665301343
-2.578629999154741 -2.583101066321899 -2.586824015277322 -2.589830004820421 -2.592143304228552 -2.593782773452582 -2.594761297616669 -2.59508660968994 -2.594761297616669 -2.593782773452582 -2.592143304228552 -2.589830004820421 -2.586824015277322 -2.583101066321899 -2.578629999154741
-2.574785468892947 -2.579322945478676 -2.583101066321899 -2.586151131366987 -2.588498451947518 -2.590161786654806 -2.591154497639789 -2.591484529941044 -2.591154497639789 -2.590161786654806 -2.588498451947518 -2.586151131366987 -2.583101066321899 -2.579322945478676 -2.574785468892947
-2.570167475890409 -2.574785468892947 -2.578629999154741 -2.581733665301343 -2.584121812068096 -2.585814024816025 -2.586824015277322 -2.587159791580316 -2.586824015277322 -2.585814024816025 -2.584121812068096 -2.581733665301343 -2.578629999154741 -2.574785468892947 -2.570167475890409
-3.316010088103105 -3.31548121283438 -3.315033837671953 -3.314667903834343 -3.314383353885668 -3.314180140139592 -3.314058227010067 -3.314017591906468 -3.314058227010067 -3.314180140139592 -3.314383353885668 -3.314667903834343 -3.315033837671953 -3.31548121283438 -3.316010088103105
-3.31548121283438 -3.314952511069881 -3.31450529671942 -3.314139501132507 -3.313855064677969 -3.31365193572496 -3.313530074637268 -3.31348945701371 -3.313530074637268 -3.31365193572496 -3.313855064677969 -3.314139501132507 -3.31450529671942 -3.314952511069881 -3.31548121283438
-3.315033837671953 -3.31450529671942 -3.314058227010067 -3.313692558813713 -3.313408225893395 -3.313205172254403 -3.313083357129333 -3.313042755025395 -3.313083357129333 -3.313205172254403 -3.313408225893395 -3.313692558813713 -3.314058227010067 -3.31450529671942 -3.315033837671953
-3.314667903834343 -3.314139501132507 -3.313692558813713 -3.313327000287769 -3.313042755025395 -3.312839766926599 -3.312717992182456 -3.312677403614854 -3.312717992182456 -3.312839766926599 -3.313042755025395 -3.313327000287769 -3.313692558813713 -3.314139501132507 -3.314667903834343
-3.314383353885668 -3.313855064677969 -3.313408225893395 -3.313042755025395 -3.312758582252365 -3.312555646752176 -3.31243390334926 -3.312393325379208 -3.31243390334926 -3.312555646752176 -3.312758582252365 -3.313042755025395 -3.313408225893395 -3.313855064677969 -3.314383353885668
-3.314180140139592 -3.31365193572496 -3.313205172254403 -3.312839766926599 -3.312555646752176 -3.312352749044752 -3.312231030030251 -3.312190460279667 -3.312231030030251 -3.312352749044752 -3.312555646752176 -3.312839766926599 -3.313205172254403 -3.31365193572496 -3.314180140139592
-3.314058227010067 -3.313530074637268 -3.313083357129333 -3.312717992182456 -3.31243390334926 -3.312231030030251 -3.31210932494791 -3.312068759609732 -3.31210932494791 -3.312231030030251 -3.31243390334926 -3.312717992182456 -3.313083357129333 -3.313530074637268 -3.314058227010067
-3.314017591906468 -3.31348945701371 -3.313042755025395 -3.312677403614854 -3.312393325379208 -3.312190460279667 -3.312068759609732 -3.312028196257427 -3.312068759609732 -3.312190460279667 -3.312393325379208 -3.312677403614854 -3.313042755025395 -3.31348945701371 -3.314017591906468
-3.314058227010067 -3.313530074637268 -3.313083357129333 -3.312717992182456 -3.31243390334926 -3.312231030030251 -3.31210932494791 -3.312068759609732 -3.31210932494791 -3.312231030030251 -3.31243390334926 -3.312717992182456 -3.313083357129333 -3.313530074637268 -3.314058227010067
-3.314180140139592 -3.31365193572496 -3.313205172254403 -3.312839766926599 -3.312555646752176 -3.312352749044752 -3.312231030030251 -3.312190460279667 -3.312231030030251 -3.312352749044752 -3.312555646752176 -3.312839766926599 -3.313205172254403 -3.31365193572496 -3.314180140139592
-3.314383353885668 -3.313855064677969 -3.313408225893395 -3.313042755025395 -3.312758582252365 -3.312555646752176 -3.31243390334926 -3.312393325379208 -3.31243390334926 -3.312555646752176 -3.312758582252365 -3.313042755025395 -3.313408225893395 -3.313855064677969 -3.314383353885668
-3.314667903834343 -3.314139501132507 -3.313692558813713 -3.313327000287769 -3.313042755025395 -3.312839766926599 -3.312717992182456 -3.312677403614854 -3.312717992182456 -3.312839766926599 -3.313042755025395 -3.313327000287769 -3.313692558813713 -3.314139501132507 -3.314667903834343
-3.315033837671953 -3.31450529671942 -3.314058227010067 -3.313692558813713 -3.313408225893395 -3.313205172254403 -3.313083357129333 -3.313042755025395 -3.313083357129333 -3.313205172254403 -3.313408225893395 -3.313692558813713 -3.314058227010067 -3.31450529671942 -3.315033837671953
-3.31548121283438 -3.314952511069881 -3.31450529671942 -3.314139501132507 -3.313855064677969 -3.31365193572496 -3.313530074637268 -3.31348945701371 -3.313530074637268 -3.31365193572496 -3.313855064677969 -3.314139501132507 -3.31450529671942 -3.314952511069881 -3.31548121283438
-3.316010088103105 -3.31548121283438 -3.315033837671953 -3.314667903834343 -3.314383353885668 -3.314180140139592 -3.314058227010067 -3.314017591906468 -3.314058227010067 -3.314180140139592 -3.314383353885668 -3.314667903834343 -3.315033837671953 -3.31548121283438 -3.316010088103105
-3.599540485528397 -3.599382455325739 -3.599248654895457 -3.599139127196977 -3.599053904743748 -3.598993012629547 -3.598956469615894 -3.598944287303384 -3.598956469615894 -3.598993012629547 -3.599053904743748 -3.599139127196977 -3.599248654895457 -3.599382455325739 -3.599540485528397
-3.599382455325739 -3.59922431959845 -3.599090432393329 -3.598980832276148 -3.598895551439647 -3.598834616988028 -3.598798049035257 -3.598785858487886 -3.598798049035257 -3.598834616988028 -3.598895551439647 -3.598980832276148 -3.599090432393329 -3.59922431959845 -3.599382455325739
-3.599248654895457 -3.599090432393329 -3.598956469615894 -3.5988468050918 -3.598761475519138 -3.598700506931954 -3.598663917922807 -3.598651720247726 -3.598663917922807 -3.598700506931954 -3.598761475519138 -3.5988468050918 -3.598956469615894 -3.599090432393329 -3.599248654895457
-3.599139127196977 -3.598980832276148 -3.5988468050918 -3.598737090018457 -3.598651720247726 -3.598590721643665 -3.598554114503083 -3.598541910943396 -3.598554114503083 -3.598590721643665 -3.598651720247726 -3.598737090018457 -3.5988468050918 -3.598980832276148 -3.599139127196977
-3.599053904743748 -3.598895551439647 -3.598761475519138 -3.598651720247726 -3.598566317471214 -3.598505296586774 -3.59846867641887 -3.598456468335289 -3.59846867641887 -3.598505296586774 -3.598566317471214 -3.598651720247726 -3.598761475519138 -3.598895551439647 -3.599053904743748
-3.598993012629547 -3.598834616988028 -3.598700506931954 -3.598590721643665 -3.598505296586774 -3.598444259546796 -3.598407628859788 -3.598395417281429 -3.598407628859788 -3.598444259546796 -3.598505296586774 -3.598590721643665 -3.598700506931954 -3.598834616988028 -3.598993012629547
-3.598956469615894 -3.598798049035257 -3.598663917922807 -3.598554114503083 -3.59846867641887 -3.598407628859788 -3.598370992557836 -3.598358779228042 -3.598370992557836 -3.598407628859788 -3.59846867641887 -3.598554114503083 -3.598663917922807 -3.598798049035257 -3.598956469615894
-3.598944287303384 -3.598785858487886 -3.598651720247726 -3.598541910943396 -3.598456468335289 -3.598395417281429 -3.598358779228042 -3.598346565066536 -3.598358779228042 -3.598395417281429 -3.598456468335289 -3.598541910943396 -3.598651720247726 -3.598785858487886 -3.598944287303384
-3.598956469615894 -3.598798049035257 -3.598663917922807 -3.598554114503083 -3.59846867641887 -3.598407628859788 -3.598370992557836 -3.598358779228042 -3.598370992557836 -3.598407628859788 -3.59846867641887 -3.598554114503083 -3.598663917922807 -3.598798049035257 -3.598956469615894
-3.598993012629547 -3.598834616988028 -3.598700506931954 -3.598590721643665 -3.598505296586774 -3.598444259546796 -3.598407628859788 -3.598395417281429 -3.598407628859788 -3.598444259546796 -3.598505296586774 -3.598590721643665 -3.598700506931954 -3.598834616988028 -3.598993012629547
-3.599053904743748 -3.598895551439647 -3.598761475519138 -3.598651720247726 -3.598566317471214 -3.598505296586774 -3.59846867641887 -3.598456468335289 -3.59846867641887 -3.598505296586774 -3.598566317471214 -3.598651720247726 -3.598761475519138 -3.598895551439647 -3.599053904743748
-3.599139127196977 -3.598980832276148 -3.5988468050918 -3.598737090018457 -3.598651720247726 -3.598590721643665 -3.598554114503083 -3.598541910943396 -3.598554114503083 -3.598590721643665 -3.598651720247726 -3.598737090018457 -3.5988468050918 -3.598980832276148 -3.599139127196977
-3.599248654895457 -3.599090432393329 -3.598956469615894 -3.5988468050918 -3.598761475519138 -3.598700506931954 -3.598663917922807 -3.598651720247726 -3.598663917922807 -3.598700506931954 -3.598761475519138 -3.5988468050918 -3.598956469615894 -3.599090432393329 -3.599248654895457
-3.599382455325739 -3.59922431959845 -3.599090432393329 -3.598980832276148 -3.598895551439647 -3.598834616988028 -3.598798049035257 -3.598785858487886 -3.598798049035257 -3.598834616988028 -3.598895551439647 -3.598980832276148 -3.599090432393329 -3.59922431959845 -3.599382455325739
-3.599540485528397 -3.599382455325739 -3.599248654895457 -3.599139127196977 -3.599053904743748 -3.598993012629547 -3.598956469615894 -3.598944287303384 -3.598956469615894 -3.598993012629547 -3.599053904743748 -3.599139127196977 -3.599248654895457 -3.599382455325739 -3.599540485528397
-3.638549911422353 -3.63843704066878 -3.638340775784541 -3.638261491546804 -3.638199502268058 -3.63815504946233 -3.638128306317766 -3.638119379912482 -3.638128306317766 -3.63815504946233 -3.638199502268058 -3.638261491546804 -3.638340775784541 -3.63843704066878 -3.638549911422353
-3.63843704066878 -3.638323197701546 -3.638226103594802 -3.638146141074597 -3.638083613726777 -3.638038768739412 -3.63801178817374 -3.638002782389475 -3.63801178817374 -3.638038768739412 -3.638083613726777 -3.638146141074597 -3.638226103594802 -3.638323197701546 -3.63843704066878
-3.638340775784541 -3.638226103594802 -3.638128306317766 -3.638047749989541 -3.637984752483714 -3.637939571856907 -3.637912392672867 -3.637903321371668 -3.637912392672867 -3.637939571856907 -3.637984752483714 -3.638047749989541 -3.638128306317766 -3.638226103594802 -3.638340775784541
-3.638261491546804 -3.638146141074597 -3.638047749989541 -3.637966698254194 -3.637903321371668 -3.637857874356648 -3.637830531289302 -3.637821404068435 -3.637830531289302 -3.637857874356648 -3.637903321371668 -3.637966698254194 -3.638047749989541 -3.638146141074597 -3.638261491546804
-3.638199502268058 -3.638083613726777 -3.637984752483714 -3.637903321371668 -3.637839652037949 -3.637793983118413 -3.637766503038006 -3.637757330162595 -3.637766503038006 -3.637793983118413 -3.637839652037949 -3.637903321371668 -3.637984752483714 -3.638083613726777 -3.638199502268058
-3.63815504946233 -3.638038768739412 -3.637939571856907 -3.637857874356648 -3.637793983118413 -3.637748151207081 -3.637720582105957 -3.637711381635429 -3.637720582105957 -3.637748151207081 -3.637793983118413 -3.637857874356648 -3.637939571856907 -3.638038768739412 -3.63815504946233
-3.638128306317766 -3.63801178817374 -3.637912392672867 -3.637830531289302 -3.637766503038006 -3.637720582105957 -3.637692961183323 -3.637683739160561 -3.637692961183323 -3.637720582105957 -3.637766503038006 -3.637830531289302 -3.637912392672867 -3.63801178817374 -3.638128306317766
-3.638119379912482 -3.638002782389475 -3.637903321371668 -3.637821404068435 -3.637757330162595 -3.637711381635429 -3.637683739160561 -3.63767451006882 -3.637683739160561 -3.637711381635429 -3.637757330162595 -3.637821404068435 -3.637903321371668 -3.638002782389475 -3.638119379912482
-3.638128306317766 -3.63801178817374 -3.637912392672867 -3.637830531289302 -3.637766503038006 -3.637720582105957 -3.637692961183323 -3.637683739160561 -3.637692961183323 -3.637720582105957 -3.637766503038006 -3.637830531289302 -3.637912392672867 -3.63801178817374 -3.638128306317766
-3.63815504946233 -3.638038768739412 -3.637939571856907 -3.637857874356648 -3.637793983118413 -3.637748151207081 -3.637720582105957 -3.637711381635429 -3.637720582105957 -3.637748151207081 -3.637793983118413 -3.637857874356648 -3.637939571856907 -3.638038768739412 -3.63815504946233
-3.638199502268058 -3.638083613726777 -3.637984752483714 -3.637903321371668 -3.637839652037949 -3.637793983118413 -3.637766503038006 -3.637757330162595 -3.637766503038006 -3.637793983118413 -3.637839652037949 -3.637903321371668 -3.637984752483714 -3.638083613726777 -3.638199502268058
-3.638261491546804 -3.638146141074597 -3.638047749989541 -3.637966698254194 -3.637903321371668 -3.637857874356648 -3.637830531289302 -3.637821404068435 -3.637830531289302 -3.637857874356648 -3.637903321371668 -3.637966698254194 -3.638047749989541 -3.638146141074597 -3.638261491546804
-3.638340775784541 -3.638226103594802 -3.638128306317766 -3.638047749989541 -3.637984752483714 -3.637939571856907 -3.637912392672867 -3.637903321371668 -3.637912392672867 -3.637939571856907 -3.637984752483714 -3.638047749989541 -3.638128306317766 -3.638226103594802 -3.638340775784541
-3.63843704066878 -3.638323197701546 -3.638226103594802 -3.638146141074597 -3.638083613726777 -3.638038768739412 -3.63801178817374 -3.638002782389475 -3.63801178817374 -3.638038768739412 -3.638083613726777 -3.638146141074597 -3.638226103594802 -3.638323197701546 -3.63843704066878
-3.638549911422353 -3.63843704066878 -3.638340775784541 -3.638261491546804 -3.638199502268058 -3.63815504946233 -3.638128306317766 -3.638119379912482 -3.638128306317766 -3.63815504946233 -3.638199502268058 -3.638261491546804 -3.638340775784541 -3.63843704066878 -3.638549911422353
-2.982713821481669 -2.977358476726145 -2.972848139183083 -2.969171993521927 -2.966321696533695 -2.964290612461882 -2.963073908005093 -2.962668664249422 -2.963073908005093 -2.964290612461882 -2.966321696533695 -2.969171993521927 -2.972848139183083 -2.977358476726145 -2.982713821481669
-2.977358476726145 -2.972030113550821 -2.967542287548787 -2.963884882056251 -2.961049307105247 -2.959028721722646 -2.957818262023611 -2.957415083789399 -2.957818262023611 -2.959028721722646 -2.961049307105247 -2.963884882056251 -2.967542287548787 -2.972030113550821 -2.977358476726145
-2.972848139183083 -2.967542287548787 -2.963073908005093 -2.959432520993483 -2.956609179807733 -2.95459703571998 -2.953391590242548 -2.95299009017505 -2.953391590242548 -2.95459703571998 -2.956609179807733 -2.959432520993483 -2.963073908005093 -2.967542287548787 -2.972848139183083
-2.969171993521927 -2.963884882056251 -2.959432520993483 -2.955803870137474 -2.95299009017505 -2.950985012757541 -2.949783945118984 -2.949383923483432 -2.949783945118984 -2.950985012757541 -2.95299009017505 -2.955803870137474 -2.959432520993483 -2.963884882056251 -2.969171993521927
-2.966321696533695 -2.961049307105247 -2.956609179807733 -2.95299009017505 -2.950184134094032 -2.94818485767177 -2.946987242505249 -2.946588333799665 -2.946987242505249 -2.94818485767177 -2.950184134094032 -2.95299009017505 -2.956609179807733 -2.961049307105247 -2.966321696533695
-2.964290612461882 -2.959028721722646 -2.95459703571998 -2.950985012757541 -2.94818485767177 -2.946189554324219 -2.944993996172546 -2.944595769129983 -2.944993996172546 -2.946189554324219 -2.94818485767177 -2.950985012757541 -2.95459703571998 -2.959028721722646 -2.964290612461882
-2.963073908005093 -2.957818262023611 -2.953391590242548 -2.949783945118984 -2.946987242505249 -2.944993996172546 -2.943799844363216 -2.943402198038058 -2.943799844363216 -2.944993996172546 -2.946987242505249 -2.949783945118984 -2.953391590242548 -2.957818262023611 -2.963073908005093
-2.962668664249422 -2.957415083789399 -2.95299009017505 -2.949383923483432 -2.946588333799665 -2.944595769129983 -2.943402198038058 -2.943004702322832 -2.943402198038058 -2.944595769129983 -2.946588333799665 -2.949383923483432 -2.95299009017505 -2.957415083789399 -2.962668664249422
-2.963073908005093 -2.957818262023611 -2.953391590242548 -2.949783945118984 -2.946987242505249 -2.944993996172546 -2.943799844363216 -2.943402198038058 -2.943799844363216 -2.944993996172546 -2.946987242505249 -2.949783945118984 -2.953391590242548 -2.957818262023611 -2.963073908005093
-2.964290612461882 -2.959028721722646 -2.95459703571998 -2.950985012757541 -2.94818485767177 -2.946189554324219 -2.944993996172546 -2.944595769129983 -2.944993996172546 -2.946189554324219 -2.94818485767177 -2.950985012757541 -2.95459703571998 -2.959028721722646 -2.964290612461882
-2.966321696533695 -2.961049307105247 -2.956609179807733 -2.95299009017505 -2.950184134094032 -2.94818485767177 -2.946987242505249 -2.946588333799665 -2.946987242505249 -2.94818485767177 -2.950184134094032 -2.95299009017505 -2.956609179807733 -2.961049307105247 -2.966321696533695
-2.969171993521927 -2.963884882056251 -2.959432520993483 -2.955803870137474 -2.95299009017505 -2.950985012757541 -2.949783945118984 -2.949383923483432 -2.949783945118984 -2.950985012757541 -2.95299009017505 -2.955803870137474 -2.959432520993483 -2.963884882056251 -2.969171993521927
-2.972848139183083 -2.967542287548787 -2.963073908005093 -2.959432520993483 -2.956609179807733 -2.95459703571998 -2.953391590242548 -2.95299009017505 -2.953391590242548 -2.95459703571998 -2.956609179807733 -2.959432520993483 -2.963073908005093 -2.967542287548787 -2.972848139183083
-2.977358476726145 -2.972030113550821 -2.967542287548787 -2.963884882056251 -2.961049307105247 -2.959028721722646 -2.957818262023611 -2.957415083789399 -2.957818262023611 -2.959028721722646 -2.961049307105247 -2.963884882056251 -2.967542287548787 -2.972030113550821 -2.977358476726145
-2.982713821481669 -2.977358476726145 -2.972848139183083 -2.969171993521927 -2.966321696533695 -2.964290612461882 -2.963073908005093 -2.962668664249422 -2.963073908005093 -2.964290612461882 -2.966321696533695 -2.969171993521927 -2.972848139183083 -2.977358476726145 -2.982713821481669
-0.2500815508939063 -0.2517861222216262 -0.2532326395687496 -0.254419051118099 -0.2553436242726742 -0.2560049951608389 -0.2564021966721687 -0.2565346594370172 -0.2564021966721687 -0.2560049951608389 -0.2553436242726742 -0.254419051118099 -0.2532326395687496 -0.2517861222216262 -0.2500815508939063
-0.2517861222216262 -0.2534960604216135 -0.254947185350958 -0.2561373643577948 -0.2570648160949253 -0.2577281769097432 -0.2581265279384697 -0.2582593639299767 -0.2581265279384697 -0.2577281769097432 -0.2570648160949253 -0.2561373643577948 -0.254947185350958 -0.2534960604216135 -0.2517861222216262
-0.2532326395687496 -0.254947185350958 -0.2564021966721687 -0.2575954476441148 -0.2585251098896508 -0.2591898906851092 -0.2595890558939872 -0.2597221628453028 -0.2595890558939872 -0.2591898906851092 -0.2585251098896508 -0.2575954476441148 -0.2564021966721687 -0.254947185350958 -0.2532326395687496
-0.254419051118099 -0.2561373643577948 -0.2575954476441148 -0.2587909502594203 -0.2597221628453028 -0.2603881084283879 -0.2607880250582493 -0.2609213928309542 -0.2607880250582493 -0.2603881084283879 -0.2597221628453028 -0.2587909502594203 -0.2575954476441148 -0.2561373643577948 -0.254419051118099
-0.2553436242726742 -0.2570648160949253 -0.2585251098896508 -0.2597221628453028 -0.2606546888993441 -0.2613216943487766 -0.2617223142082936 -0.2618559304581722 -0.2617223142082936 -0.2613216943487766 -0.2606546888993441 -0.2597221628453028 -0.2585251098896508 -0.2570648160949253 -0.2553436242726742
-0.2560049951608389 -0.2577281769097432 -0.2591898906851092 -0.2603881084283879 -0.2613216943487766 -0.2619895872285488 -0.2623908176309634 -0.2625246538908921 -0.2623908176309634 -0.2619895872285488 -0.2613216943487766 -0.2603881084283879 -0.2591898906851092 -0.2577281769097432 -0.2560049951608389
-0.2564021966721687 -0.2581265279384697 -0.2595890558939872 -0.2607880250582493 -0.2617223142082936 -0.2623908176309634 -0.262792472215479 -0.2629264412930506 -0.262792472215479 -0.2623908176309634 -0.2617223142082936 -0.2607880250582493 -0.2595890558939872 -0.2581265279384697 -0.2564021966721687
-0.2565346594370172 -0.2582593639299767 -0.2597221628453028 -0.2609213928309542 -0.2618559304581722 -0.2625246538908921 -0.2629264412930506 -0.2630601708285813 -0.2629264412930506 -0.2625246538908921 -0.2618559304581722 -0.2609213928309542 -0.2597221628453028 -0.2582593639299767 -0.2565346594370172
-0.2564021966721687 -0.2581265279384697 -0.2595890558939872 -0.2607880250582493 -0.2617223142082936 -0.2623908176309634 -0.262792472215479 -0.2629264412930506 -0.262792472215479 -0.2623908176309634 -0.2617223142082936 -0.2607880250582493 -0.2595890558939872 -0.2581265279384697 -0.2564021966721687
-0.2560049951608389 -0.2577281769097432 -0.2591898906851092 -0.2603881084283879 -0.2613216943487766 -0.2619895872285488 -0.2623908176309634 -0.2625246538908921 -0.2623908176309634 -0.2619895872285488 -0.2613216943487766 -0.2603881084283879 -0.2591898906851092 -0.2577281769097432 -0.2560049951608389
-0.2553436242726742 -0.2570648160949253 -0.2585251098896508 -0.2597221628453028 -0.2606546888993441 -0.2613216943487766 -0.2617223142082936 -0.2618559304581722 -0.2617223142082936 -0.2613216943487766 -0.2606546888993441 -0.2597221628453028 -0.2585251098896508 -0.2570648160949253 -0.2553436242726742
-0.254419051118099 -0.2561373643577948 -0.2575954476441148 -0.2587909502594203 -0.2597221628453028 -0.2603881084283879 -0.2607880250582493 -0.2609213928309542 -0.2607880250582493 -0.2603881084283879 -0.2597221628453028 -0.2587909502594203 -0.2575954476441148 -0.2561373643577948 -0.254419051118099
-0.2532326395687496 -0.254947185350958 -0.2564021966721687 -0.2575954476441148 -0.2585251098896508 -0.2591898906851092 -0.2595890558939872 -0.2597221628453028 -0.2595890558939872 -0.2591898906851092 -0.2585251098896508 -0.2575954476441148 -0.2564021966721687 -0.254947185350958 -0.2532326395687496
-0.2517861222216262 -0.2534960604216135 -0.254947185350958 -0.2561373643577948 -0.2570648160949253 -0.2577281769097432 -0.2581265279384697 -0.2582593639299767 -0.2581265279384697 -0.2577281769097432 -0.2570648160949253 -0.2561373643577948 -0.254947185350958 -0.2534960604216135 -0.2517861222216262
-0.2500815508939063 -0.2517861222216262 -0.2532326395687496 -0.254419051118099 -0.2553436242726742 -0.2560049951608389 -0.2564021966721687 -0.2565346594370172 -0.2564021966721687 -0.2560049951608389 -0.2553436242726742 -0.254419051118099 -0.2532326395687496 -0.2517861222216262 -0.2500815508939063
-0.02870529837804825 -0.02878553698409884 -0.02885356373608959 -0.02890931377426173 -0.02895273227225543 -0.0289837760135628 -0.02900241430542982 -0.0290086290503319 -0.02900241430542982 -0.0289837760135628 -0.02895273227225543 -0.02890931377426173 -0.02885356373608959 -0.02878553698409884 -0.02870529837804825
-0.02878553698409884 -0.02886594546575093 -0.02893411821080162 -0.02898998778176235 -0.02903349776277 -0.02906460486642047 -0.02908327982861903 -0.02908950649401327 -0.02908327982861903 -0.02906460486642047 -0.02903349776277 -0.02898998778176235 -0.02893411821080162 -0.02886594546575093 -0.02878553698409884
-0.02885356373608959 -0.02893411821080162 -0.02900241430542982 -0.02905838162121328 -0.02910196220381182 -0.02913311488686022 -0.02915181606813778 -0.02915805146904524 -0.02915181606813778 -0.02913311488686022 -0.02910196220381182 -0.02905838162121328 -0.02900241430542982 -0.02893411821080162 -0.02885356373608959
-0.02890931377426173 -0.02898998778176235 -0.02905838162121328 -0.02911442095650027 -0.02915805146904524 -0.02918924173098616 -0.0292079671631042 -0.02921421098343654 -0.0292079671631042 -0.02918924173098616 -0.02915805146904524 -0.02911442095650027 -0.02905838162121328 -0.02898998778176235 -0.02890931377426173
-0.02895273227225543 -0.02903349776277 -0.02910196220381182 -0.02915805146904524 -0.02920172436381386 -0.0292329488480155 -0.0292516970047632 -0.02925794885937748 -0.0292516970047632 -0.0292329488480155 -0.02920172436381386 -0.02915805146904524 -0.02910196220381182 -0.02903349776277 -0.02895273227225543
-0.0289837760135628 -0.02906460486642047 -0.02913311488686022 -0.02918924173098616 -0.0292329488480155 -0.02926420202657392 -0.02928296996808438 -0.02928922896865789 -0.02928296996808438 -0.02926420202657392 -0.0292329488480155 -0.02918924173098616 -0.02913311488686022 -0.02906460486642047 -0.0289837760135628
-0.02900241430542982 -0.02908327982861903 -0.02915181606813778 -0.0292079671631042 -0.0292516970047632 -0.02928296996808438 -0.02930175175877141 -0.02930801518306747 -0.02930175175877141 -0.02928296996808438 -0.0292516970047632 -0.0292079671631042 -0.02915181606813778 -0.02908327982861903 -0.02900241430542982
-0.0290086290503319 -0.02908950649401327 -0.02915805146904524 -0.02921421098343654 -0.02925794885937748 -0.02928922896865789 -0.02930801518306747 -0.02931427137439594 -0.02930801518306747 -0.02928922896865789 -0.02925794885937748 -0.02921421098343654 -0.02915805146904524 -0.02908950649401327 -0.0290086290503319
-0.02900241430542982 -0.02908327982861903 -0.02915181606813778 -0.0292079671631042 -0.0292516970047632 -0.02928296996808438 -0.02930175175877141 -0.02930801518306747 -0.02930175175877141 -0.02928296996808438 -0.0292516970047632 -0.0292079671631042 -0.02915181606813778 -0.02908327982861903 -0.02900241430542982
-0.0289837760135628 -0.02906460486642047 -0.02913311488686022 -0.02918924173098616 -0.0292329488480155 -0.02926420202657392 -0.02928296996808438 -0.02928922896865789 -0.02928296996808438 -0.02926420202657392 -0.0292329488480155 -0.02918924173098616 -0.02913311488686022 -0.02906460486642047 -0.0289837760135628
-0.02895273227225543 -0.02903349776277 -0.02910196220381182 -0.02915805146904524 -0.02920172436381386 -0.0292329488480155 -0.0292516970047632 -0.02925794885937748 -0.0292516970047632 -0.0292329488480155 -0.02920172436381386 -0.02915805146904524 -0.02910196220381182 -0.02903349776277 -0.02895273227225543
-0.02890931377426173 -0.02898998778176235 -0.02905838162121328 -0.02911442095650027 -0.02915805146904524 -0.02918924173098616 -0.0292079671631042 -0.02921421098343654 -0.0292079671631042 -0.02918924173098616 -0.02915805146904524 -0.02911442095650027 -0.02905838162121328 -0.02898998778176235 -0.02890931377426173
-0.02885356373608959 -0.02893411821080162 -0.02900241430542982 -0.02905838162121328 -0.02910196220381182 -0.02913311488686022 -0.02915181606813778 -0.02915805146904524 -0.02915181606813778 -0.02913311488686022 -0.02910196220381182 -0.02905838162121328 -0.02900241430542982 -0.02893411821080162 -0.02885356373608959
-0.02878553698409884 -0.02886594546575093 -0.02893411821080162 -0.02898998778176235 -0.02903349776277 -0.02906460486642047 -0.02908327982861903 -0.02908950649401327 -0.02908327982861903 -0.02906460486642047 -0.02903349776277 -0.02898998778176235 -0.02893411821080162 -0.02886594546575093 -0.02878553698409884
-0.02870529837804825 -0.02878553698409884 -0.02885356373608959 -0.02890931377426173 -0.02895273227225543 -0.0289837760135628 -0.02900241430542982 -0.0290086290503319 -0.02900241430542982 -0.0289837760135628 -0.02895273227225543 -0.02890931377426173 -0.02885356373608959 -0.02878553698409884 -0.02870529837804825
-0.0107360878772035 -0.01075661029751383 -0.01077398822456223 -0.01078821539408813 -0.01079928651067497 -0.01080719740004643 -0.01081194509742775 -0.01081352785458871 -0.01081194509742775 -0.01080719740004643 -0.01079928651067497 -0.01078821539408813 -0.01077398822456223 -0.01075661029751383 -0.0107360878772035
-0.01075661029751383 -0.01077714912545687 -0.01079454115393449 -0.01080877986964736 -0.01081985982349515 -0.01082777683408602 -0.01083252807429511 -0.01083411198317853 -0.01083252807429511 -0.01082777683408602 -0.01081985982349515 -0.01080877986964736 -0.01079454115393449 -0.01077714912545687 -0.01075661029751383
-0.01077398822456223 -0.01079454115393449 -0.01081194509742775 -0.01082619325569002 -0.01083728003085371 -0.01084520144589959 -0.01084995521983495 -0.01085153997286586 -0.01084995521983495 -0.01084520144589959 -0.01083728003085371 -0.01082619325569002 -0.01081194509742775 -0.01079454115393449 -0.01077398822456223
-0.01078821539408813 -0.01080877986964736 -0.01082619325569002 -0.01084044837261387 -0.01085153997286586 -0.01085946501864737 -0.01086422113494681 -0.0108658067010506 -0.01086422113494681 -0.01085946501864737 -0.01085153997286586 -0.01084044837261387 -0.01082619325569002 -0.01080877986964736 -0.01078821539408813
-0.01079928651067497 -0.01081985982349515 -0.01083728003085371 -0.01085153997286586 -0.01086263566740266 -0.01087056401730685 -0.01087532232619186 -0.01087690866709159 -0.01087532232619186 -0.01087056401730685 -0.01086263566740266 -0.01085153997286586 -0.01083728003085371 -0.01081985982349515 -0.01079928651067497
-0.01080719740004643 -0.01082777683408602 -0.01084520144589959 -0.01085946501864737 -0.01087056401730685 -0.01087849513437803 -0.01088325534770955 -0.01088484237513216 -0.01088325534770955 -0.01087849513437803 -0.01087056401730685 -0.01085946501864737 -0.01084520144589959 -0.01082777683408602 -0.01080719740004643
-0.01081194509742775 -0.01083252807429511 -0.01084995521983495 -0.01086422113494681 -0.01087532232619186 -0.01088325534770955 -0.01088801688576424 -0.01088960432931569 -0.01088801688576424 -0.01088325534770955 -0.01087532232619186 -0.01086422113494681 -0.01084995521983495 -0.01083252807429511 -0.01081194509742775
-0.01081352785458871 -0.01083411198317853 -0.01085153997286586 -0.0108658067010506 -0.01087690866709159 -0.01088484237513216 -0.01088960432931569 -0.01089119103378553 -0.01088960432931569 -0.01088484237513216 -0.01087690866709159 -0.0108658067010506 -0.01085153997286586 -0.01083411198317853 -0.01081352785458871
-0.01081194509742775 -0.01083252807429511 -0.01084995521983495 -0.01086422113494681 -0.01087532232619186 -0.01088325534770955 -0.01088801688576424 -0.01088960432931569 -0.01088801688576424 -0.01088325534770955 -0.01087532232619186 -0.01086422113494681 -0.01084995521983495 -0.01083252807429511 -0.01081194509742775
-0.01080719740004643 -0.01082777683408602 -0.01084520144589959 -0.01085946501864737 -0.01087056401730685 -0.01087849513437803 -0.01088325534770955 -0.01088484237513216 -0.01088325534770955 -0.01087849513437803 -0.01087056401730685 -0.01085946501864737 -0.01084520144589959 -0.01082777683408602 -0.01080719740004643
-0.01079928651067497 -0.01081985982349515 -0.01083728003085371 -0.01085153997286586 -0.01086263566740266 -0.01087056401730685 -0.01087532232619186 -0.01087690866709159 -0.01087532232619186 -0.01087056401730685 -0.01086263566740266 -0.01085153997286586 -0.01083728003085371 -0.01081985982349515 -0.01079928651067497
-0.01078821539408813 -0.01080877986964736 -0.01082619325569002 -0.01084044837261387 -0.01085153997286586 -0.01085946501864737 -0.01086422113494681 -0.0108658067010506 -0.01086422113494681 -0.01085946501864737 -0.01085153997286586 -0.01084044837261387 -0.01082619325569002 -0.01080877986964736 -0.01078821539408813
-0.01077398822456223 -0.01079454115393449 -0.01081194509742775 -0.01082619325569002 -0.01083728003085371 -0.01084520144589959 -0.01084995521983495 -0.01085153997286586 -0.01084995521983495 -0.01084520144589959 -0.01083728003085371 -0.01082619325569002 -0.01081194509742775 -0.01079454115393449 -0.01077398822456223
-0.01075661029751383 -0.01077714912545687 -0.01079454115393449 -0.01080877986964736 -0.01081985982349515 -0.01082777683408602 -0.01083252807429511 -0.01083411198317853 -0.01083252807429511 -0.01082777683408602 -0.01081985982349515 -0.01080877986964736 -0.01079454115393449 -0.01077714912545687 -0.01075661029751383
-0.0107360878772035 -0.01075661029751383 -0.01077398822456223 -0.01078821539408813 -0.01079928651067497 -0.01080719740004643 -0.01081194509742775 -0.01081352785458871 -0.01081194509742775 -0.01080719740004643 -0.01079928651067497 -0.01078821539408813 -0.01077398822456223 -0.01075661029751383 -0.0107360878772035
