# Created by Octave 4.4.1, Fri May 17 20:24:51 2019 CEST <peter@peter-ubuntu>
# name: u
# type: matrix
# rows: 1180
# columns: 1
 -60000.000000000029
 -59999.999999999964
 -60000.000000000015
 -59999.999999999978
 -60000.000000000036
 -59999.99999999992
 -60000.000000000065
 -59999.999999999956
 -60000.000000000036
 -56611.581850733877
 -56611.57620643892
 -56626.446992787845
 -56656.777876580105
 -56703.798131449832
 -56769.425806402476
 -56856.37822458442
 -56968.326394730728
 -57110.072797735513
 -48620.046955073667
 -48620.048810303757
 -48623.446643303978
 -48630.045775762221
 -48639.426932080038
 -48650.911935553115
 -48663.495558200964
 -48675.745651608842
 -48685.684189724852
 -40033.86380315711
 -40033.863583589962
 -40031.194707241943
 -40025.882245753906
 -40017.986765343841
 -40007.623021478066
 -39994.991503406563
 -39980.427259079443
 -39964.460406113794
 -31765.039178059393
 -31765.039564635696
 -31760.647555239018
 -31751.822502830066
 -31738.476570130868
 -31720.466725610895
 -31697.578760589629
 -31669.502681179158
 -31635.802111528057
 -24018.946123370755
 -24018.946070181315
 -24014.89299237886
 -24006.792977564288
 -23994.660783369542
 -23978.524553527208
 -23958.433894170743
 -23934.472729441044
 -23906.775616610314
 -16776.882565368662
 -16776.882617760821
 -16773.8590225728
 -16767.80613603954
 -16758.711320655832
 -16746.552834903214
 -16731.295938314943
 -16712.886616904547
 -16691.2435182058
 -9912.4604252625686
 -9912.4604099873486
 -9910.6200826637833
 -9906.9411599680243
 -9901.4277127523419
 -9894.0873185158434
 -9884.9330971297095
 -9873.9870600050417
 -9861.2844773119778
 -3278.5906107301648
 -3278.5906193119263
 -3277.9814040620731
 -3276.7619936716565
 -3274.9300628548249
 -3272.4812241198988
 -3269.4077688026173
 -3265.6965571543378
 -3261.3262282056844
 0
 0
 0
 0
 0
 0
 0
 0
 0
 -59999.999999999978
 -60000.000000000022
 -59999.999999999964
 -60000.000000000015
 -60000.000000000029
 -59999.999999999971
 -60000.000000000029
 -59999.999999999978
 -57004.182782481264
 -56673.70558987456
 -56370.608403763537
 -56067.831440099617
 -55736.90747130724
 -55341.953361976361
 -54830.167872015969
 -54118.793847046021
 -48442.194796475356
 -47922.980586163154
 -47368.598432986932
 -46768.291611217821
 -46110.153915511015
 -45383.405305063614
 -44583.511067890584
 -43720.303358459925
 -39692.693354783703
 -39146.681415454266
 -38577.061929481832
 -37980.696079982401
 -37355.781809103886
 -36701.620960207234
 -36016.976035554675
 -35296.869198089422
 -31402.180545345007
 -30953.80192479628
 -30484.250822454414
 -29993.088162758799
 -29479.629699182828
 -28943.045487491047
 -28383.106075850246
 -27801.569893782304
 -23728.375696151739
 -23387.189993939915
 -23030.312178954824
 -22657.879341712436
 -22270.264663019982
 -21868.115235585155
 -21452.091374555279
 -21022.343969785263
 -16567.918315338582
 -16334.335173697291
 -16089.265740713561
 -15833.081509915679
 -15566.088698258513
 -15288.510235638671
 -15000.595753949025
 -14702.820117871161
 -9789.4808667476518
 -9653.3114374298475
 -9510.3338977648618
 -9360.7503756915612
 -9204.8061260770519
 -9042.8067251385492
 -8875.0784089765766
 -8701.8996369385477
 -3237.7567913117196
 -3193.2448859441283
 -3146.4224286912204
 -3097.3917858779987
 -3046.2365713114705
 -2993.0123481930723
 -2937.7679549445788
 -2880.5761241920618
 0
 0
 0
 0
 0
 0
 0
 0
 -60000.000000000022
 -59999.999999999964
 -60000.000000000015
 -59999.999999999971
 -60000.000000000051
 -59999.999999999942
 -60000.000000000036
 -59999.999999999985
 -53136.681798026322
 -52214.157586492038
 -51265.890660537312
 -50308.742985481877
 -49382.842385635595
 -48542.289376590954
 -47842.18440868942
 -47327.256660482846
 -42585.610163707264
 -41145.193940367011
 -39687.131320136599
 -38256.866064892645
 -36908.994000867366
 -35695.378077282789
 -34655.189518495266
 -33811.447946078501
 -34090.563729298956
 -32428.632223126169
 -30755.626573999507
 -29107.507587062206
 -27527.383952771914
 -26055.902360281794
 -24725.756507542901
 -23560.898115688848
 -26694.886511362132
 -25031.225726266151
 -23346.336149163297
 -21672.482307447492
 -20046.22108484694
 -18500.86437908572
 -17062.260392754939
 -15748.212538010481
 -20062.840417396052
 -18544.252182405009
 -16995.78854474191
 -15445.008833660897
 -13920.066644177601
 -12442.640544671876
 -11024.200122183001
 -9666.3717064573593
 -13954.300312544166
 -12708.931149700595
 -11429.794093422262
 -10139.765509617569
 -8858.257219544199
 -7595.3737345646095
 -6350.2719667745623
 -5114.6295055162136
 -8209.0678789292233
 -7357.3211091612911
 -6477.2186934031924
 -5585.5712774336362
 -4693.4325597704219
 -3802.2677983903232
 -2903.6680641182902
 -1981.7372584568855
 -2696.3945496989109
 -2364.6257378774362
 -2020.5815617287667
 -1671.8325256183934
 -1321.8014101317019
 -968.13183760334164
 -603.05878680895421
 -213.5355020174265
 0
 0
 0
 0
 0
 0
 0
 0
 -59999.999999999993
 -52569.803544493887
 -42232.262013447005
 -33750.695559703323
 -26403.155401250766
 -19815.993166229495
 -13770.321851832252
 -8098.3041971804041
 -2661.8971350869051
 0
 -60000.000000000015
 -51880.938762729667
 -41089.04661405136
 -32411.5040971895
 -25044.251328990104
 -18563.262807421212
 -12730.748317079908
 -7376.9301713221394
 -2374.6947438435163
 0
 -60000.000000000007
 -51170.536404448525
 -39890.955409087488
 -30997.767690618664
 -23587.844356535832
 -17199.097081385047
 -11581.801651838827
 -6569.8105450537214
 -2050.6340495845243
 0
 -59999.999999999993
 -50432.970642220622
 -38658.391133589874
 -29532.965229617595
 -22062.056888256142
 -15755.16505624954
 -10355.624920147993
 -5704.2020178419107
 -1703.3244340322458
 0
 -60000.000000000015
 -49676.134926514358
 -37419.74130779336
 -28046.823437114348
 -20498.791474267633
 -14264.040766226823
 -9081.8458005783632
 -4802.583433800216
 -1342.6102090647969
 0
 -60000.000000000015
 -48917.600362580721
 -36207.125906084017
 -26569.120080302029
 -18929.009756672272
 -12754.511279710707
 -7783.0797707091433
 -3879.6065321530837
 -973.28146104850907
 0
 -59999.999999999993
 -48180.157149952793
 -35051.329562667997
 -25124.930179737348
 -17380.288270166988
 -11247.949190626323
 -6472.5752475768686
 -2941.4873323699408
 -595.59514393883342
 0
 -60000.000000000029
 -47487.876928645172
 -33978.124765133027
 -23732.762286754536
 -15877.050149668841
 -9755.4932874294827
 -5155.802785592452
 -1987.7885394670113
 -204.35657366258349
 0
 -59999.999999999993
 -52067.396989209614
 -35903.461846752405
 -25055.697830764584
 -16652.625860373719
 -10329.074129020368
 -5638.7328070488666
 -2368.5581457923545
 -383.14871155301643
 0
 -60000.000000000029
 -53943.891010869178
 -41110.671346694828
 -29960.284109888995
 -21244.378584593189
 -14223.942522963558
 -8682.551591245865
 -4362.136408825103
 -1122.6399274610028
 0
 -59999.999999999978
 -54726.859222488667
 -43713.861449276585
 -33544.347085242385
 -24761.97808601959
 -17414.731573964531
 -11245.481742036802
 -6089.0589225109925
 -1782.4721696126171
 0
 -60000.000000000036
 -55050.720824462624
 -45097.873205786964
 -35668.602931775553
 -27197.177987289891
 -19734.802079128418
 -13204.7138637442
 -7446.8082352837318
 -2317.9484903137054
 0
 -60000.000000000015
 -55174.694972650985
 -45706.95644183016
 -36783.686002423288
 -28598.554529706962
 -21198.657169813374
 -14500.992024329662
 -8383.2608826899668
 -2698.5990375099782
 0
 -60000.000000000007
 -55126.808570659821
 -45771.032517208369
 -37096.018145687107
 -29143.196048501955
 -21863.993994104789
 -15157.199235130458
 -8889.2397354998957
 -2915.877701247181
 0
 -60000.000000000015
 -54838.387060057423
 -45279.971968920334
 -36680.462351382434
 -28911.281856497331
 -21806.710945088191
 -15215.288936177441
 -8987.5448385584641
 -2974.6297963686538
 0
 -59999.999999999978
 -54160.986328623178
 -43979.228325550619
 -35464.05875224356
 -27908.186343889422
 -21066.608785195927
 -14719.477518177797
 -8709.2329790833519
 -2887.356779216736
 0
 0
 0
 0
 0
 0
 0
 0
 0
