# Created by Octave 4.4.1, Sat May 18 19:49:04 2019 CEST <peter@peter-ubuntu>
# name: normh1_ref
# type: matrix
# rows: 1
# columns: 4
 1696.6604881621076 1696.6604881621076 1696.6604881621076 1696.6604881621076


# name: normh1
# type: matrix
# rows: 1
# columns: 4
 1696.5258618718431 1696.5262635116962 1696.5498968056302 1696.617671742383


# name: norml2_ref
# type: matrix
# rows: 1
# columns: 4
 1696.4852604022747 1696.4852604022747 1696.4852604022747 1696.4852604022747


# name: norml2
# type: matrix
# rows: 1
# columns: 4
 1696.5258618718431 1696.5262448864523 1696.5051346756782 1696.4913621233034


