# Created by Octave 4.4.1, Mon May 06 11:41:10 2019 CEST <peter@peter-ThinkPad>
# name: N_it
# type: scalar
4


# name: h1_conv
# type: matrix
# rows: 1
# columns: 5
 112767.62885418562 112449.67995958136 112299.57112942156 112271.25662526173 112267.10340898237


# name: h1_ref
# type: scalar
112266.2099467581


# name: l2_conv
# type: matrix
# rows: 1
# columns: 5
 5089.9942205766883 5064.9053821018315 5055.6103765789394 5054.0232949836918 5053.8024676861642


# name: l2_ref
# type: scalar
5053.7536234761601


