# Created by Octave 4.4.1, Sat May 18 19:18:18 2019 CEST <peter@peter-ubuntu>
# name: u
# type: matrix
# rows: 160
# columns: 1
 -60000.000000000073
 -59999.999999999913
 -60000.000000000029
 -40321.234731220255
 -40321.945663358652
 -40420.849858109839
 -15701.337154404973
 -15700.555444011872
 -15549.186859201387
 0
 0
 0
 -59999.999999999956
 -59999.999999999993
 -37670.54137147095
 -34710.179272253423
 -15202.409239615899
 -14751.947871480805
 0
 0
 -59999.999999999978
 -60000.000000000058
 -21319.20002550722
 -10969.4279528597
 -11588.784610010163
 -7585.2511576584857
 0
 0
 -59999.999999999862
 -21878.643141766275
 -12386.138682125624
 0
 -60000.000000000087
 -13797.578833103544
 -6678.0401695307628
 0
 -60000.000000000051
 -44039.05734542245
 -5578.7962333340029
 0
 -59999.999999999891
 -34246.319572913068
 -20575.174909597205
 0
 0
 0
 -8636.7259401768297
 -7416.3917621793362
 -19626.736236060293
 -3133.6371800625388
 -60000.000000000065
 -59999.999999999935
 0
 0
 -11643.319135509932
 -15840.031784340725
 -35775.899188348078
 -24046.746388292169
 -59999.999999999949
 -60000.00000000008
 0
 0
 -17958.436554559656
 -17054.77538103711
 -43395.117156236614
 -44775.073248055676
 -60000.000000000029
 -59999.999999999985
 0
 0
 -18241.501654630982
 -17990.740414732791
 -43861.721251127979
 -44287.889518926415
 0
 0
 0
 -19977.853251821121
 -19976.184984088522
 -19950.122082137899
 -40233.508246409605
 -40235.314832783981
 -40277.343127108958
 -59999.999999999993
 -60000.000000000022
 -59999.999999999978
 -60000.000000000175
 -62102.824940747822
 -59630.667032799967
 -60000.000000000044
 -59999.999999999811
 -59211.962984906597
 -60004.6182364657
 -59999.999999999971
 -59999.999999999985
 -60000.000000000029
 -59940.07990957181
 -59959.817406999115
 -59969.150335359824
 -59979.427596809015
 -59999.999999999898
 -60000.000000000073
 -60000.000000000218
 -60028.258032244448
 -59997.48046481135
 -60000.000000000095
 -59999.999999999825
 -59987.042572745544
 -60004.187705328091
 -59999.999999999884
 -60000.000000000029
 -60000.000000000051
 -59999.999999999913
 -60000.000000000022
 -59999.999999999993
 -40638.879164076243
 -15224.185415890333
 0
 -60000.000000000015
 -29375.282743008956
 -15431.139812634827
 0
 -59999.999999999978
 -6735.7004840120017
 -3315.9104015353723
 0
 -60000.000000000065
 -27806.445961474161
 -15260.543175835726
 0
 -60000.000000000022
 -5779.4862186426644
 -2315.3380546707504
 0
 0
 -17095.066359096836
 -28953.828413705956
 -59999.999999999978
 0
 -15582.245007123503
 -46969.74586795317
 -60000.000000000007
 0
 -18696.100597487341
 -42257.500262080539
 -59999.999999999971
 0
 -19854.526594861778
 -40408.776756231127
 -59999.999999999978
 -57260.469751719887
 -57246.920834499964
 -60000.000000000073
 -60079.262349885932
 -59802.563847488695
 -60000.000000000015
 -60000.000000000007
 -59984.15944863265
 -59974.069825133723
 -59999.999999999949


