# Created by Octave 4.4.1, Fri May 17 20:34:50 2019 CEST <peter@peter-ubuntu>
# name: normh1_ref
# type: matrix
# rows: 1
# columns: 4
 1696.6713277750189 1696.6713277750189 1696.6713277750189 1696.6713277750189


# name: normh1
# type: matrix
# rows: 1
# columns: 4
 1696.5258618718422 1696.5262635116958 1696.5498968090428 1696.6176717580977


# name: norml2_ref
# type: matrix
# rows: 1
# columns: 4
 1696.4838944752328 1696.4838944752328 1696.4838944752328 1696.4838944752328


# name: norml2
# type: matrix
# rows: 1
# columns: 4
 1696.5258618718422 1696.5262448864512 1696.5051346756775 1696.4913621233025


