# Created by Octave 4.4.1, Fri May 17 19:51:36 2019 CEST <peter@peter-ubuntu>
# name: u
# type: matrix
# rows: 81
# columns: 1
 -59999.999999999985
 -59999.999999999978
 -30295.108895483343
 -30298.649959147879
 0
 0
 -59999.999999999985
 -28438.492043857259
 0
 -59999.999999999978
 -18348.335923734481
 0
 -59999.999999999964
 -19060.350651615019
 0
 -60000.000000000015
 -26797.548963031128
 0
 0
 -16581.274754633276
 -60000
 0
 -25850.610773307821
 -59999.999999999978
 0
 -32602.524962119882
 -60000
 0
 -31847.298614648342
 0
 0
 -30983.31144384572
 -31054.703852643819
 -60000
 -59999.999999999993
 -60000
 -60005.270737858766
 -60000.000000000015
 -60000.000000000022
 -60000.374636832232
 -60000
 -60000.000000000015
 -59999.976679333173
 -59999.999999999993
 -59999.999999999978
 -59999.999999999985
 -60000
 -60000.000000000022
 -30309.358129835859
 0
 -60000.000000000007
 -26136.041691248156
 0
 -60000.000000000007
 -10370.526315234849
 0
 -60000
 -25920.430482358079
 0
 -59999.999999999964
 -10053.379218845792
 0
 0
 -26694.061410267637
 -59999.999999999993
 0
 -33308.957344745584
 -60000.000000000015
 0
 -32043.920607902299
 -59999.999999999993
 0
 -31279.247837334064
 -59999.999999999978
 -58715.577797154263
 -59999.999999999993
 -60000.770262678576
 -59999.999999999978
 -59999.999999999985
 -60000.155008027039
 -59999.999999999985


