# Created by Octave 4.4.1, Fri May 17 20:24:16 2019 CEST <peter@peter-ubuntu>
# name: u
# type: matrix
# rows: 160
# columns: 1
 -60000.000000000015
 -59999.999999999949
 -60000.000000000058
 -44808.223966908794
 -44808.165910551492
 -44878.681304853839
 -12340.250129218995
 -12340.317522642981
 -12212.908770334276
 0
 0
 0
 -59999.999999999971
 -60000.000000000007
 -43559.529721381674
 -40174.343256061991
 -11823.005215530045
 -11203.119451832603
 0
 0
 -59999.999999999935
 -60000.000000000065
 -33352.223139415095
 -24292.410104331444
 -8603.9666453971404
 -3436.9702795470621
 0
 0
 -59999.999999999935
 -33469.577875873663
 -8885.6260040953621
 0
 -60000.000000000051
 -25533.677848210333
 -3278.7500268867011
 0
 -59999.999999999956
 -38880.390583829932
 -5220.9487710128888
 0
 -60000.000000000015
 -41122.461679623964
 -13237.37392063717
 0
 0
 0
 -7470.9524051007111
 -2524.4196955412431
 -32115.380333943063
 -20457.433406012176
 -60000.000000000036
 -59999.999999999964
 0
 0
 -10323.683852175889
 -10878.537804765419
 -43285.620549917687
 -35602.595647060465
 -59999.999999999956
 -60000.000000000044
 0
 0
 -14269.696339950098
 -13600.798511834148
 -46933.925274001602
 -48210.179634574066
 -59999.999999999978
 -59999.999999999993
 0
 0
 -14609.771814448553
 -14385.861395081571
 -46285.438435167402
 -46776.272767888127
 0
 0
 0
 -15076.564610851196
 -15076.658812798194
 -15056.215036770387
 -45236.360885222559
 -45236.232412339239
 -45294.003507658643
 -60000.000000000007
 -59999.999999999993
 -60000.000000000007
 -60000
 -60238.720487765095
 -59420.155781729532
 -60000
 -60000.000000000015
 -59874.307092915151
 -59957.988582809419
 -59999.999999999978
 -59999.999999999993
 -59999.999999999978
 -59945.826634961413
 -59981.084751985625
 -59989.819373111146
 -59982.194415684105
 -59999.999999999949
 -60000.000000000051
 -60000.000000000029
 -60005.020034121051
 -59997.615893825954
 -59999.999999999993
 -59999.999999999971
 -59997.60035010225
 -60001.190169361042
 -60000.000000000015
 -60000.000000000022
 -59999.999999999978
 -60000.000000000022
 -59999.999999999993
 -60000.000000000007
 -44952.960722458214
 -12081.158331416689
 0
 -60000.000000000015
 -37678.191849976116
 -11113.579253031157
 0
 -59999.999999999978
 -21760.401707733628
 -938.66522912237599
 0
 -60000.000000000022
 -36584.194657348053
 -10864.754046329566
 0
 -60000.000000000044
 -20958.237906875711
 -287.11463362633259
 0
 0
 -12069.440592193792
 -37774.115599886114
 -59999.999999999964
 0
 -13106.196903517888
 -49119.993138793085
 -60000.000000000044
 0
 -14512.316131195594
 -46455.716972046692
 -60000.000000000029
 0
 -15026.85354250051
 -45362.971439359397
 -60000.000000000022
 -58024.211238361888
 -58005.394257369975
 -59999.999999999978
 -60021.52781390163
 -59898.054196465477
 -60000.000000000022
 -60000
 -59988.978012273015
 -59983.997640899179
 -59999.999999999978


