# Created by Octave 4.4.1, Fri May 17 20:25:48 2019 CEST <peter@peter-ubuntu>
# name: u
# type: matrix
# rows: 3996
# columns: 1
 -60000.000000000015
 -59999.999999999978
 -59999.999999999985
 -60000.000000000036
 -59999.999999999956
 -59999.999999999993
 -59999.999999999993
 -59999.999999999985
 -60000.000000000015
 -59999.999999999978
 -60000.000000000015
 -59999.999999999985
 -60000.000000000015
 -59999.999999999971
 -60000.000000000022
 -60000
 -59999.999999999993
 -58278.900694415512
 -58278.900253347929
 -58281.056466124639
 -58285.414766694041
 -58292.070305759509
 -58301.170104707016
 -58312.919943986046
 -58327.593104501146
 -58345.542455563926
 -58367.216317308215
 -58393.179083241863
 -58424.137817911367
 -58460.976323734387
 -58504.799057880045
 -58556.986321445656
 -58619.268757136451
 -58693.808523264968
 -54619.60060713601
 -54619.600525134534
 -54622.347386288558
 -54627.849298452653
 -54636.122116004932
 -54647.187440695554
 -54661.070060749924
 -54677.793995941851
 -54697.376986206611
 -54719.822899935767
 -54745.111436740488
 -54773.184251105675
 -54803.926414184003
 -54837.141526801614
 -54872.519217735993
 -54909.589821548907
 -54947.67255622911
 -50630.621641981888
 -50630.621646051353
 -50632.20439561965
 -50635.36952949089
 -50640.116488667758
 -50646.444937342996
 -50654.355455761382
 -50663.850653566966
 -50674.936871969177
 -50687.626728453135
 -50701.942849748877
 -50717.92327742379
 -50735.62916941935
 -50755.155772600687
 -50776.647495266923
 -50800.319997910476
 -50826.486531429029
 -46440.923457408724
 -46440.923479319819
 -46441.443760211077
 -46442.482041493349
 -46444.033585431091
 -46446.091041531414
 -46448.644035273661
 -46451.678582726301
 -46455.176195909648
 -46459.112567005905
 -46463.455651752964
 -46468.162900581185
 -46473.177305467259
 -46478.421730719958
 -46483.791063545024
 -46489.140550879885
 -46494.271779196119
 -42183.587383586455
 -42183.58741062849
 -42183.292514401583
 -42182.699951716357
 -42181.804119008862
 -42180.59672455016
 -42179.066860699779
 -42177.201201289674
 -42174.98430600678
 -42172.399109960083
 -42169.427683110051
 -42166.052390296682
 -42162.257625935526
 -42158.03240313672
 -42153.374063080242
 -42148.293942193675
 -42142.824434775823
 -37959.366588120072
 -37959.36660604582
 -37958.597658339888
 -37957.057919098057
 -37954.743631723213
 -37951.649160439039
 -37947.766921441114
 -37943.087312237018
 -37937.598579711193
 -37931.286608164592
 -37924.134581397528
 -37916.122455442339
 -37907.226154206714
 -37897.41634342046
 -37886.656647145064
 -37874.900853188177
 -37862.089433099412
 -33829.231365675128
 -33829.231378624587
 -33828.228635087158
 -33826.221819179576
 -33823.20823489999
 -33819.183870224129
 -33814.143398447413
 -33808.080217144983
 -33800.986504972068
 -33792.853317923385
 -33783.670743676696
 -33773.428145880018
 -33762.114541977004
 -33749.719186665359
 -33736.232434737125
 -33721.647102379415
 -33705.960223610993
 -29823.163961328264
 -29823.163968686087
 -29822.094006013675
 -29819.953325249902
 -29816.740392137861
 -29812.452917855371
 -29807.08784849953
 -29800.641363705159
 -29793.108863972357
 -29784.484944740419
 -29774.763346388772
 -29763.936865542077
 -29751.997206513846
 -29738.934736947671
 -29724.738112081854
 -29709.393651601553
 -29692.884537327514
 -25950.36350197655
 -25950.363506445367
 -25949.326303594939
 -25947.25143919899
 -25944.137982178367
 -25939.984545547417
 -25934.789284447477
 -25928.549905018586
 -25921.263675951548
 -25912.927448258601
 -25903.537687004613
 -25893.090522202507
 -25881.581828980914
 -25869.00735426549
 -25855.362908647479
 -25840.644677105254
 -25824.849631748421
 -22207.128947545993
 -22207.12894990468
 -22206.183038265717
 -22204.290972970844
 -22201.452262993862
 -22197.666177203097
 -22192.931742927936
 -22187.247748602833
 -22180.61274445464
 -22173.025041352255
 -22164.482705409555
 -22154.983545166877
 -22144.525086551457
 -22133.104527211108
 -22120.718661543327
 -22107.363748373391
 -22093.0353348963
 -18582.284974772476
 -18582.284976032941
 -18581.46246591226
 -18579.817316305685
 -18577.349264657943
 -18574.057919910661
 -18569.942761920709
 -18565.003143754424
 -18559.238294384355
 -18552.647323101322
 -18545.229226349955
 -18536.982898534541
 -18527.907149018818
 -18518.000729243438
 -18507.262374397564
 -18495.690872264604
 -18483.28515672759
 -15060.500253263623
 -15060.500253850918
 -15059.81790429074
 -15058.453144941624
 -15056.405853713572
 -15053.67584909867
 -15050.262890180637
 -15046.166677833662
 -15041.386855659161
 -15035.923010762057
 -15029.774673862748
 -15022.941318082523
 -15015.422355359982
 -15007.217128619484
 -14998.324897660443
 -14988.744812315579
 -14978.47587525892
 -11624.274020144252
 -11624.274020395525
 -11623.739899402566
 -11622.671631642708
 -11621.069164856061
 -11618.932421329388
 -11616.261297921787
 -11613.055666699818
 -11609.315375681605
 -11605.040249944332
 -11600.230093233429
 -11594.884690391189
 -11589.003811076464
 -11582.587215643116
 -11575.634664174106
 -11568.14593161047
 -11560.120828458726
 -8255.049963006275
 -8255.0499630871109
 -8254.6674980308744
 -8253.9025596452611
 -8252.7551312145624
 -8251.2251880267668
 -8249.3126975392934
 -8247.0176197603505
 -8244.3399076405349
 -8241.2795074759433
 -8237.8363592291262
 -8234.0103966296429
 -8229.8015468317626
 -8225.2097292180351
 -8220.2348528717921
 -8214.8768112901471
 -8209.1354745752305
 -4933.8170605352216
 -4933.8170605511186
 -4933.5874254119653
 -4933.1281535105691
 -4932.4392415816419
 -4931.5206848351172
 -4930.3724770374483
 -4928.9946106618299
 -4927.387077082426
 -4925.5498668421933
 -4923.4829700280379
 -4921.1863768202411
 -4918.6600783213362
 -4915.9040678681049
 -4912.9183430582216
 -4909.7029092354969
 -4906.2577842527635
 -1641.4031120116326
 -1641.4031120114785
 -1641.3265612822136
 -1641.1734598448265
 -1640.9438077595923
 -1640.6376051598695
 -1640.2548523027363
 -1639.7955496325721
 -1639.2596978521753
 -1638.6472979897669
 -1637.9583514406672
 -1637.1928599443365
 -1636.350825432731
 -1635.4322496268933
 -1634.4371332321696
 -1633.3654742899284
 -1632.217265703483
 0
 0
 0
 0
 0
 0
 0
 0
 0
 0
 0
 0
 0
 0
 0
 0
 0
 -59999.999999999993
 -60000.000000000015
 -59999.999999999978
 -60000.000000000007
 -60000
 -60000.000000000036
 -59999.999999999993
 -60000.000000000044
 -59999.999999999971
 -60000.000000000007
 -60000.000000000007
 -59999.999999999978
 -60000.000000000022
 -59999.999999999971
 -60000.000000000044
 -59999.999999999964
 -58659.704821146617
 -58534.884479511027
 -58431.549081059828
 -58342.314519625776
 -58262.079765240189
 -58187.209270955733
 -58114.909459537274
 -58042.816678688861
 -57968.663755596659
 -57889.961652899088
 -57803.61657415954
 -57705.388385050188
 -57589.023074694902
 -57444.859589783402
 -57257.25178444729
 -57000.816044962739
 -54877.456318038239
 -54699.69530441831
 -54522.694342863098
 -54345.394078464793
 -54166.120898671375
 -53982.757413710257
 -53792.81262953324
 -53593.417245500197
 -53381.276138403664
 -53152.601033553401
 -52903.054763052263
 -52627.755444615439
 -52321.456298148369
 -51979.045804492023
 -51596.951086677102
 -51175.482589492458
 -50722.595380999905
 -50485.909550973171
 -50247.236794721081
 -50004.526642299694
 -49755.775953657845
 -49498.969073396911
 -49232.055069919494
 -48952.951678408979
 -48659.577102770876
 -48349.912046416168
 -48022.09327345511
 -47674.535007484497
 -47306.03600362601
 -46915.818166569203
 -46503.141554924507
 -46066.448111169098
 -46368.594870692803
 -46108.043692592262
 -45842.05068253135
 -45569.624833447495
 -45289.71145428063
 -45001.230496010052
 -44703.106728003702
 -44394.296232870904
 -44073.808527291454
 -43740.721828976464
 -43394.187664077959
 -43033.419121228697
 -42657.67460634539
 -42266.244045532898
 -41858.629413958144
 -41434.909445567668
 -42009.840284180151
 -41744.842991763086
 -41474.279278823262
 -41197.445766825658
 -40913.674349323461
 -40622.329891107169
