# Created by Octave 4.4.1, Sat May 18 19:36:46 2019 CEST <peter@peter-ubuntu>
# name: u
# type: matrix
# rows: 3553
# columns: 1
 -59999.999999999978
 -59999.999999999985
 -60000
 -59999.999999999985
 -59999.999999999993
 -59999.999999999985
 -59999.999999999985
 -59999.999999999978
 -60000
 -59999.999999999978
 -59999.999999999993
 -59999.999999999985
 -60000
 -59999.999999999964
 -59999.999999999993
 -59999.999999999978
 -56457.152633965467
 -56458.419012389313
 -56462.234211556788
 -56468.64684406283
 -56477.739351270386
 -56489.630195505029
 -56504.477055775926
 -56522.481161754178
 -56543.892951340618
 -56569.019297857536
 -56598.232627166806
 -56631.982337173431
 -56670.809047686031
 -56715.362354445089
 -56766.422946242797
 -56824.930179974275
 -52654.694530270834
 -52655.845436667703
 -52659.30020001511
 -52665.064715912398
 -52673.148003380724
 -52683.560932298409
 -52696.314313320843
 -52711.416211471958
 -52728.86828937893
 -52748.660917762601
 -52770.766704600479
 -52795.131984389824
 -52821.665667509071
 -52850.224666913127
 -52880.594882443715
 -52912.466415114919
 -48583.51664898832
 -48584.073598516443
 -48585.742996921166
 -48588.520509811184
 -48592.398975288277
 -48597.368526832564
 -48603.416827936402
 -48610.529488549248
 -48618.690764792045
 -48627.884684637596
 -48638.096797102626
 -48649.316815877559
 -48661.542526704121
 -48674.785459771832
 -48689.079005309635
 -48704.489887521682
 -44368.132441215304
 -44368.199832408645
 -44368.400742398531
 -44368.731378883655
 -44369.185413848616
 -44369.753963444222
 -44370.425540576354
 -44371.185957185764
 -44372.018140771179
 -44372.901812030083
 -44373.812945349615
 -44374.722898270229
 -44375.59704589074
 -44376.39268592203
 -44377.055882155764
 -44377.516778180317
 -40129.026452999169
 -40128.765668611246
 -40127.98210605979
 -40126.672133364278
 -40124.829685032084
 -40122.446245796178
 -40119.510832502019
 -40116.009980293689
 -40111.927743385764
 -40107.245727079731
 -40101.943177355213
 -40095.997168832007
 -40089.382953269575
 -40082.074562012
 -40074.045801061256
 -40065.271842586895
 -35949.26362210793
 -35948.819747938025
 -35947.487288137731
 -35945.263732377854
 -35942.144901859327
 -35938.124956680025
 -35933.196405434246
 -35927.350115828376
 -35920.575323923935
 -35912.859637624082
 -35904.189026760338
 -35894.547786962808
 -35883.918456457868
 -35872.281652653779
 -35859.615776848084
 -35845.896507756952
 -31876.435968880178
 -31875.915357949056
 -31874.352999925119
 -31871.747319684491
 -31868.095693913543
 -31863.394453961922
 -31857.638889921942
 -31850.82325616846
 -31842.940778914857
 -31833.983666935324
 -31823.943127637078
 -31812.809392394814
 -31800.571757871043
 -31787.218654521836
 -31772.737760495682
 -31757.116189951212
 -27931.426281567154
 -27930.896857622636
 -27929.308277630313
 -27926.65961783185
 -27922.949341029238
 -27918.175300202165
 -27912.334743594321
 -27905.424321250564
 -27897.440092908881
 -27888.377536989396
 -27878.231560117758
 -27866.996506079417
 -27854.666162176709
 -27841.233759425249
 -27826.691960528475
 -27811.032825582013
 -24117.608426869559
 -24117.110566537711
 -24115.616813825502
 -24113.126654001637
 -24109.639230572924
 -24105.153347360985
 -24099.667471389883
 -24093.17973657437
 -24085.687948214796
 -24077.189588344692
 -24067.681822061553
 -24057.161505131007
 -24045.625193444048
 -24033.069155408331
 -24019.489389203358
 -24004.881648230501
 -20427.803684818307
 -20427.360114811916
 -20426.029313800311
 -20423.811009075849
 -20420.70474702496
 -20416.709894478834
 -20411.82564060764
 -20406.050999359359
 -20399.384812440047
 -20391.825752821602
 -20383.372328738911
 -20374.022888091411
 -20363.775623074722
 -20352.628574708135
 -20340.579636643361
 -20327.626557162843
 -16848.830223101613
 -16848.453094461456
 -16847.321663616887
 -16845.435795954963
 -16842.795267651501
 -16839.399766464783
 -16835.248892842446
 -16830.342161337274
 -16824.67900232787
 -16818.258764041457
 -16811.080714881544
 -16803.144046075162
 -16794.447874680085
 -16784.991247040365
 -16774.773142867314
 -16763.792480279491
 -13364.266139127929
 -13363.961531672423
 -13363.047689512838
 -13361.524553363368
 -13359.392024725486
 -13356.649966354333
 -13353.298202910766
 -13349.336521798357
 -13344.764674183969
 -13339.582376199807
 -13333.789310323018
 -13327.385126924937
 -13320.36944597426
 -13312.741858863455
 -13304.501930299411
 -13295.649200148435
 -9956.0480729446735
 -9955.8187299128422
 -9955.1306938697126
 -9953.9839440265187
 -9952.3784459157032
 -9950.3141516609121
 -9947.7910003539146
 -9944.8089185372646
 -9941.3678207913708
 -9937.4676104243154
 -9933.1081802628942
 -9928.2894135439965
 -9923.0111849072709
 -9917.2733614940025
 -9911.0758041654462
 -9904.4183688694593
 -6605.3559193091751
 -6605.2028633431482
 -6604.7436941977112
 -6603.9784081622047
 -6602.9069991568949
 -6601.5294588898687
 -6599.8457770763343
 -6597.8559417200495
 -6595.559939456437
 -6592.9577559568934
 -6590.0493763935328
 -6586.8347859633377
 -6583.3139704699843
 -6579.486916960187
 -6575.3536144088266
 -6570.9140544419688
 -3293.0732000470161
 -3292.9966739710535
 -3292.7670961045151
 -3292.3844675471332
 -3291.8487901841049
 -3291.160066764588
 -3290.3183010116918
 -3289.3234977640323
 -3288.1756631489866
 -3286.8748047878162
 -3285.4209320329182
 -3283.8140562375715
 -3282.0541910588263
 -3280.1413527945979
 -3278.0755607568817
 -3275.8568376845769
 0
 0
 0
 0
 0
 0
 0
 0
 0
 0
 0
 0
 0
 0
 0
 0
 -59999.999999999993
 -60000.000000000022
 -59999.999999999985
 -60000.000000000015
 -59999.999999999993
 -60000
 -60000.000000000007
 -59999.999999999985
 -59999.999999999993
 -60000
 -60000.000000000022
 -59999.999999999985
 -60000.000000000015
 -60000
 -59999.999999999993
 -56727.007265285531
 -56577.801828589509
 -56439.016543655416
 -56306.553131793356
 -56177.105964148446
 -56047.818702715093
 -55916.026837820384
 -55779.04214077357
 -55633.944721242078
 -55477.350572951145
 -55305.11762510096
 -55111.939895000098
 -54890.75336714671
 -54631.830771410016
 -54321.360725356506
 -52740.346561118822
 -52534.5380068862
 -52327.176860689513
 -52116.86826921624
 -51901.818423901219
 -51679.929978452135
 -51448.837500841277
 -51205.909511015219
 -50948.236836898905
 -50672.627060763472
 -50375.632436858214
 -50053.657256978615
 -49703.227839939878
 -49321.57913710994
 -48907.845119145728
 -48475.559185176629
 -48227.0645013389
 -47974.043945669298
 -47714.948745253627
 -47448.224012022358
 -47172.284559869287
 -46885.516250137465
 -46586.29743496103
 -46273.03979912604
 -45944.249793196374
 -45598.610242463925
 -45235.073774577802
 -44852.938689656759
 -44451.829383205601
 -44031.397584111539
 -44117.895759210209
 -43852.980202098726
 -43582.086617673012
 -43304.328219985553
 -43018.812187171257
 -42724.663057762758
 -42421.043597017946
 -42107.175044840485
 -41782.356208682591
 -41445.978809120257
 -41097.534833021004
 -40736.611491961528
 -40362.874150052143
 -39976.05598044084
 -39576.025650833013
 -39799.618699402694
 -39538.092883968122
 -39270.629757056282
 -38996.729009675539
 -38715.915584339782
 -38427.743985289919
 -38131.803649294059
 -37827.724134157783
 -37515.179500293787
 -37193.89191672473
 -36863.635430981209
 -36524.241891904705
 -36175.611150982819
 -35817.723217209874
 -35450.630553080409
 -35591.20464696749
 -35346.01441980301
 -35095.273434196235
 -34838.738706640201
 -34576.181106957949
 -34307.389243256941
 -34032.172790542201
 -33750.365537597769
 -33461.828307330972
 -33166.451791781248
 -32864.159100395686
 -32554.90735738743
 -32238.687171497291
 -31915.519415034403
 -31585.454793101733
 -31523.318674735474
 -31301.349418851274
 -31074.323555151281
 -30842.138866454698
 -30604.701962416002
 -30361.930041353804
 -30113.752653180425
 -29860.113353813107
 -29600.971165765764
 -29336.301768660182
 -29066.098387875194
 -28790.372492830258
 -28509.154679055191
 -28222.49619859552
 -27930.469999619818
 -27603.043435274234
 -27407.329794940833
