# Created by Octave 4.4.1, Mon May 06 12:56:25 2019 CEST <peter@peter-ThinkPad>
# name: N_it
# type: scalar
4


# name: h1_conv
# type: matrix
# rows: 1
# columns: 5
 112431.38150759506 112329.59735859104 112277.45342076768 112268.24866196421 112266.48563087558


# name: h1_ref
# type: scalar
112266.2099467581


# name: l2_conv
# type: matrix
# rows: 1
# columns: 5
 5063.7712771113938 5057.3595353772926 5054.3532313695378 5053.8627222466748 5053.7688754057945


# name: l2_ref
# type: scalar
5053.7536234761601


