# Created by Octave 4.4.1, Sat May 18 19:18:25 2019 CEST <peter@peter-ubuntu>
# name: u
# type: matrix
# rows: 265
# columns: 1
 -60000.000000000044
 -59999.999999999913
 -60000.000000000204
 -59999.999999999847
 -50913.091195757159
 -50913.22544903266
 -50988.596871989619
 -51228.028614871415
 -25876.049552436325
 -25875.863803843215
 -25769.434856490203
 -25431.666936197504
 -8875.9559342239081
 -8876.0382272468087
 -8895.073603115794
 -8960.430872686029
 0
 0
 0
 0
 -59999.999999999767
 -60000.000000000349
 -59999.999999999818
 -50412.702527959089
 -48509.53960814781
 -45701.963337061992
 -24764.013937668515
 -23627.665000736248
 -22634.400571980306
 -8847.5448036370235
 -8553.6026038758664
 -8114.2989569118772
 0
 0
 0
 -59999.99999999984
 -60000.00000000024
 -59999.999999999862
 -41066.731511648257
 -35460.110665767163
 -31070.111078655103
 -20459.036712152971
 -15460.756626821005
 -11596.992486484203
 -6487.7589891473008
 -3992.0986963338792
 -1287.3522680967017
 0
 0
 0
 -59999.999999999905
 -40603.706500921711
 -20776.874080567723
 -6520.8593152820677
 0
 -60000.000000000175
 -36479.243384838614
 -16052.727971755252
 -4100.5606235817704
 0
 -59999.999999999862
 -31952.802940355821
 -11603.254658583071
 -1348.4948451941848
 0
 -60000.000000000022
 -45770.86112861221
 -9871.5776782704288
 -4053.5512437826642
 0
 -59999.999999999985
 -46484.668119313304
 -27400.404527976982
 -6851.3179088320312
 0
 -59999.999999999978
 -47525.007269133246
 -23028.172588746467
 -8714.5764913840594
 0
 0
 0
 0
 -6100.715577930624
 -2653.498635350149
 -744.7003998782742
 -20442.938489956727
 -13037.26029035642
 -9627.1916866471202
 -40216.277039302688
 -31088.409195460037
 -28841.026153742005
 -59999.99999999984
 -60000.000000000211
 -59999.999999999898
 0
 0
 0
 -9704.7867830630585
 -7302.4614023649037
 -6976.0199429104059
 -22540.090832240596
 -20559.958967246675
 -23251.034111781468
 -52521.345192544344
 -43944.103941936584
 -41500.811746689389
 -59999.99999999984
 -60000.000000000276
 -59999.999999999833
 0
 0
 0
 -9894.498683475862
 -10105.519303181141
 -10468.108889905465
 -29215.081909822053
 -28362.184935460911
 -26957.719504659959
 -51340.835683996374
 -52507.450467346178
 -54312.199530167039
 -59999.999999999789
 -60000.000000000306
 -59999.999999999796
 0
 0
 0
 -10016.219591458912
 -10066.798253265726
 -10010.22829903367
 -29427.992808910909
 -29147.924991613894
 -29102.395743023455
 -50713.131708066874
 -51180.614542983756
 -51378.319242953068
 0
 0
 0
 0
 -9914.4245674149242
 -9914.2189857230951
 -9893.8180682900238
 -9804.3202999757705
 -29983.42422675022
 -29983.804970227226
 -30018.977852038719
 -30175.788161437547
 -49839.289900684176
 -49839.023338546904
 -49806.78669207912
 -49675.246848058159
 -60000.000000000065
 -59999.999999999876
 -60000.000000000153
 -59999.999999999913
 -60000
 -60348.211933783154
 -58856.316831760574
 -59333.470015749204
 -59999.999999999876
 -60000.000000000022
 -59638.259744509487
 -60267.702976647925
 -59635.169049235621
 -60000.00000000024
 -60000.000000000015
 -60118.243070829471
 -59849.496860808002
 -59919.601625050316
 -59999.999999999818
 -59999.999999999796
 -60000.00000000032
 -59999.999999999782
 -59935.91122215314
 -59983.069274987392
 -59994.136205112765
 -59964.099433412179
 -59952.308442358983
 -59966.10689093401
 -60009.351108418843
 -60001.002189711529
 -59994.880989994737
 -59999.99999999992
 -60000.000000000175
 -59999.999999999905
 -59999.999999999876
 -60005.60606100173
 -59997.965370624333
 -59992.340273404501
 -59999.999999999913
 -60000.000000000167
 -59995.277989425718
 -60002.698991240788
 -60004.976101188135
 -60000.000000000131
 -59999.999999999913
 -60001.72108920975
 -59998.675684544236
 -59998.364495904127
 -59999.999999999891
 -60000.000000000022
 -60000.000000000051
 -59999.999999999927
 -60000.000000000058
 -60000.000000000044
 -60000.000000000095
 -51398.312735611195
 -25191.625134290691
 -9010.7137093787696
 0
 -60000.00000000008
 -43589.749303975419
 -22636.18357361541
 -7678.5609888911604
 0
 -60000.00000000008
 -30033.389693321758
 -9938.1652205065457
 595.76759075929795
 0
 -60000.000000000022
 -42452.630114882188
 -22587.615327804768
 -7320.2381032171015
 0
 -60000
 -30142.690463913259
 -7342.6814592429164
 187.58370765988002
 0
 0
 -7797.9556422306769
 -24112.433248876765
 -42544.884046367333
 -60000.000000000073
 0
 -10744.836356170787
 -25948.457406984809
 -55550.073978162873
 -60000.000000000051
 0
 -9784.2920890474961
 -29623.324481384901
 -50797.149481294451
 -60000.000000000051
 0
 -9713.8311271134353
 -30335.415071827039
 -49550.950344282573
 -60000.000000000015
 -58158.87448272328
 -57238.768485883287
 -58214.320425188758
 -59999.999999999971
 -59986.789113446575
 -60030.457430310511
 -59868.108696641291
 -60000.000000000073
 -60000.000000000044
 -59997.403252496748
 -59973.844788713905
 -59991.852361101191
 -60000.000000000073


