# Created by Octave 4.4.1, Fri May 17 19:52:13 2019 CEST <peter@peter-ubuntu>
# name: u
# type: matrix
# rows: 945
# columns: 1
 -59999.999999999985
 -59999.999999999985
 -59999.999999999985
 -59999.999999999993
 -59999.999999999993
 -59999.999999999993
 -60000
 -59999.999999999993
 -52719.197677426564
 -52724.520076717592
 -52740.625010878284
 -52767.931015012124
 -52807.153674610388
 -52859.333637530079
 -52925.877834364735
 -53008.61605636411
 -44530.11371715134
 -44530.615363643818
 -44532.056955965112
 -44534.243469706133
 -44536.832917474581
 -44539.309726193096
 -44540.944973887956
 -44540.740787114562
 -36109.495626840369
 -36107.680989022541
 -36102.230942539572
 -36093.129207058984
 -36080.355944260707
 -36063.899537096397
 -36043.774827114321
 -36020.049736423272
 -28060.802906024172
 -28058.653980635056
 -28052.200791492673
 -28041.423434882912
 -28026.286406590036
 -28006.734687980777
 -27982.687384733978
 -27954.027919627959
 -20522.650639765503
 -20520.852203211343
 -20515.455897016098
 -20506.458970285999
 -20493.857682074402
 -20477.648742706388
 -20457.831708020822
 -20434.41276504147
 -13426.538829348054
 -13425.31374358589
 -13421.638268331732
 -13415.511690937943
 -13406.932609704589
 -13395.898546366576
 -13382.405258846822
 -13366.445581014787
 -6636.3248415930484
 -6635.7115165408904
 -6633.8715777593725
 -6630.8051527241178
 -6626.5125207979681
 -6620.9942347951455
 -6614.2513378583353
 -6606.2857329346689
 0
 0
 0
 0
 0
 0
 0
 0
 -59999.999999999985
 -60000.000000000022
 -59999.999999999985
 -60000
 -59999.999999999985
 -60000.000000000007
 -59999.999999999985
 -52675.913888929077
 -52254.40821793487
 -51825.261741454269
 -51368.060226129302
 -50859.501740559666
 -50270.192615057975
 -49560.059839149188
 -44025.060612690068
 -43484.715583995625
 -42910.178857196763
 -42294.254484464589
 -41629.993265688419
 -40912.728543695557
 -40143.797617861528
 -35504.413110749621
 -34993.990398331873
 -34459.274133596642
 -33898.828475528302
 -33312.099591708677
 -32699.173225646733
 -32059.741938860163
 -27532.003365548571
 -27125.001958680121
 -26699.694064125099
 -26256.131408576552
 -25794.334674092916
 -25314.328933191937
 -24816.405675768088
 -20125.870300703671
 -19830.563987671369
 -19521.740146154076
 -19199.702184651233
 -18864.819589703191
 -18517.547922539496
 -18158.390363809944
 -13167.215078377751
 -12977.146047363993
 -12778.114100000519
 -12570.43291781574
 -12354.419787774023
 -12130.392009282737
 -11898.673492483267
 -6509.019314867407
 -6416.3269937024152
 -6319.1925846097165
 -6217.7947802245462
 -6112.3243705066006
 -6002.989770679872
 -5890.0223260051198
 0
 0
 0
 0
 0
 0
 0
 -59999.999999999971
 -60000.000000000007
 -59999.999999999985
 -59999.999999999993
 -60000.000000000007
 -59999.999999999964
 -60000.000000000015
 -47523.882087670689
 -46341.505856243595
 -45135.314181612361
 -43939.330374986945
 -42804.316828732713
 -41787.181612334294
 -40939.596742276139
 -37787.378521021456
 -36198.832799258518
 -34603.606395881274
 -33050.390283233348
 -31595.428137226791
 -30289.972424978878
 -29171.455711558967
 -29725.909493176601
 -28028.689997765505
 -26327.676838440351
 -24664.833782753729
 -23083.20488596127
 -21617.327954463599
 -20289.688060446642
 -22712.992353703779
 -21086.055123673523
 -19447.094122184084
 -17829.075327294915
 -16262.536932777286
 -14769.618373117801
 -13363.988312103886
 -16414.407030352089
 -14997.888287090165
 -13561.208228145519
 -12129.698128688246
 -10723.231477017654
 -9352.2526148649558
 -8018.0529465143909
 -10623.050169307471
 -9544.688389510773
 -8444.9259980794741
 -7341.7100136466452
 -6245.4285805954714
 -5156.0877075624421
 -4064.0530208864893
 -5190.3623596050502
 -4580.1169917363613
 -3955.8833459719608
 -3327.5435430770049
 -2698.195823731714
 -2062.7544409979832
 -1409.0408367892151
 0
 0
 0
 0
 0
 0
 0
 -59999.999999999985
 -47219.210579500752
 -37575.362452790141
 -29564.851180828548
 -22586.963149836851
 -16322.085495155343
 -10565.827066258167
 -5166.041873967305
 0
 -59999.999999999993
 -46292.146554252795
 -36283.317386594623
 -28153.16118112249
 -21209.951608414907
 -15103.324975335408
 -9621.9166167852418
 -4621.7884539510551
 0
 -60000
 -45319.516304401433
 -34925.959171904855
 -26661.888734006137
 -19740.123080204743
 -13787.789320606462
 -8593.9324867658361
 -4026.0982155816614
 0
 -60000.000000000022
 -44307.808886164865
 -33529.556281967394
 -25122.99429879219
 -18210.589217359255
 -12408.091011830895
 -7510.6113924164729
 -3397.8220476769211
 0
 -59999.999999999993
 -43274.651415321307
 -32128.646759317689
 -23571.73648443686
 -16653.676964190647
 -10993.12776218016
 -6394.8007499421237
 -2750.0505074244234
 0
 -60000.000000000015
 -42244.443475338892
 -30760.833410519128
 -22039.615991011338
 -15095.954098361699
 -9564.7649022126952
 -5260.9113303285358
 -2088.8637359008371
 0
 -60000
 -41244.055850430203
 -29461.661989963512
 -20549.286827260639
 -13557.373793286899
 -8136.9913227474499
 -4114.4004843878611
 -1413.9658146247862
 0
 -60000
 -46132.294988467409
 -33180.710250022166
 -23298.314173673993
 -15648.587685899229
 -9730.9170366688777
 -5258.9904085364187
 -2051.1133794713819
 0
 -60000.000000000007
 -48575.594518951788
 -37325.132189455777
 -27526.205779253152
 -19494.475616322045
 -12941.600525353813
 -7619.6378754916432
 -3347.4192365978265
 0
 -59999.999999999978
 -49768.394733523775
 -39707.328144531311
 -30476.171615997609
 -22406.798866064932
 -15485.079049654874
 -9548.3997120507975
 -4433.022986373001
 0
 -59999.999999999978
 -50349.968352108808
 -40977.603808564447
 -32240.822074322074
 -24333.478980494834
 -17271.803340422364
 -10957.503790922472
 -5248.7999819799825
 0
 -59999.999999999993
 -50538.49750973739
 -41492.659078342571
 -33074.545938165218
 -25355.937087248247
 -18303.985958118465
 -11819.162488898015
 -5767.3392212406798
 0
 -60000.000000000007
 -50376.465342768737
 -41373.151852648101
 -33124.858836544496
 -25583.090569180604
 -18635.808596403793
 -12152.387428457767
 -5990.5348015038335
 0
 -59999.999999999993
 -49750.205797635397
 -40542.677064944051
 -32409.714636405555
 -25071.929720119391
 -18323.22351714706
 -11996.016173004471
 -5937.5880472623194
 0
 0
 0
 0
 0
 0
 0
 0
 -5129.4288246428869
 -4250.5975672774721
 -3444.8175888107648
 -2752.473549905807
 -2162.7044910532663
 -1639.2637692611327
 -1140.0867047748657
 -10543.388721854979
 -8984.514750419301
 -7524.0533940799205
 -6247.8148650006833
 -5162.9833997508749
 -4228.6569877856891
 -3390.4956235153677
 -16310.300405863034
 -14270.066179251316
 -12324.42702148713
 -10602.595339824578
 -9144.0777241801134
 -7926.0656536505276
 -6899.9928074399331
 -22536.758788760948
 -20218.093641531974
 -17975.266665437892
 -15975.895458198007
 -14293.389953132935
 -12934.920458993509
 -11872.722271884584
 -29396.825087668571
 -27018.709391065975
 -24686.903224163467
 -22609.181334182533
 -20889.513334224386
 -19553.864189120868
 -18597.928362024191
 -37214.386542818509
 -35039.919313852719
 -32858.869594954711
 -30923.329935629277
 -29390.262084413735
 -28300.556339650419
 -27625.486941272397
 -46710.127159939555
 -45148.47480298928
 -43487.970585549396
 -41962.770101583352
 -40790.587090750487
 -40110.187078233575
 -39960.67813836725
 -59999.999999999985
 -60000
 -59999.999999999985
 -60000.000000000007
 -60000
 -60000.000000000007
 -60000
 0
 0
 0
 0
 0
 0
 0
 -6732.2564920457125
 -6241.3175113069847
 -5881.6082725809729
 -5653.4950371940249
 -5555.4948186284364
 -5584.2373147062917
 -5734.5586407306018
 -13603.948407632621
 -12692.829004508514
 -12008.154246639937
 -11559.61045636947
 -11349.404762572312
 -11372.052226064196
 -11614.873389706123
 -20689.801046831581
 -19424.613503389664
 -18449.847252805564
 -17789.139445518114
 -17451.900564848049
 -17433.067588314861
 -17713.669482493682
 -28096.839071510822
 -26544.919116847239
 -25314.383738078894
 -24448.056676179094
 -23968.113236757272
 -23872.042525357534
 -24135.564218006697
 -35994.810211278913
