# Created by Octave 4.4.1, Sat May 18 19:20:50 2019 CEST <peter@peter-ubuntu>
# name: normh1_ref
# type: matrix
# rows: 1
# columns: 4
 1696.6360188446611 1696.6360188446611 1696.6360188446611 1696.6360188446611


# name: normh1
# type: matrix
# rows: 1
# columns: 4
 1696.5258618718428 1696.5262635116965 1696.5493981152683 1696.6220965797042


# name: norml2_ref
# type: matrix
# rows: 1
# columns: 4
 1696.4885155598424 1696.4885155598424 1696.4885155598424 1696.4885155598424


# name: norml2
# type: matrix
# rows: 1
# columns: 4
 1696.5258618718428 1696.5262448864519 1696.5047958320165 1696.4909283115335


