# Created by Octave 4.4.1, Fri May 17 19:51:49 2019 CEST <peter@peter-ubuntu>
# name: u
# type: matrix
# rows: 265
# columns: 1
 -59999.999999999978
 -59999.999999999971
 -60000
 -59999.999999999993
 -45003.617430176993
 -45014.956289855654
 -45049.501151307719
 -45108.863477234969
 -28569.686603008689
 -28558.958680486368
 -28526.271188281036
 -28470.081753776143
 -13651.65123997686
 -13646.767618987973
 -13632.255725626308
 -13608.549741294235
 0
 0
 0
 0
 -60000
 -60000
 -59999.999999999993
 -44134.520955974243
 -42983.80082778522
 -41637.488860945923
 -27579.318525156676
 -26683.133634304981
 -25715.614407571498
 -13199.553297595703
 -12791.112865612722
 -12351.713031564144
 0
 0
 0
 -59999.999999999985
 -59999.999999999993
 -59999.999999999985
 -36746.648481524033
 -33382.892558526073
 -30238.803870922467
 -21358.848573798055
 -17907.460613345655
 -14696.678179681299
 -9665.0548807479609
 -7372.6497682535064
 -5120.2846705667489
 0
 0
 0
 -59999.999999999993
 -36852.159022538166
 -21518.24072507169
 -9764.9559799254948
 0
 -60000.000000000007
 -33959.7138001368
 -18322.491434198892
 -7545.6786632263011
 0
 -59999.999999999985
 -30858.157893699914
 -15019.738762668283
 -5221.2642392116677
 0
 -60000.000000000007
 -38135.725316072101
 -19672.767700514687
 -7670.0729736811199
 0
 -59999.999999999971
 -41415.58437919672
 -24819.146445081053
 -11165.354880422197
 0
 -59999.999999999993
 -41846.760932487712
 -26031.151097055459
 -12430.398102827867
 0
 0
 0
 0
 -9128.1828751990233
 -6302.1000439992977
 -4213.5799254624808
 -20585.147255320109
 -16084.3885360807
 -12981.167619954915
 -35847.073111772821
 -31245.544538864528
 -28098.635197577412
 -60000.000000000022
 -59999.999999999985
 -60000
 0
 0
 0
 -12892.290058677609
 -11727.27942108519
 -11552.416497545371
 -26907.797052096928
 -24810.540243650961
 -24352.103632823058
 -44152.288299181273
 -40816.828710151203
 -39277.367024250976
 -59999.999999999985
 -60000
 -60000.000000000015
 0
 0
 0
 -15087.586392989415
 -15060.561450411727
 -15028.240077167646
 -30629.679390220019
 -30623.668086864844
 -30589.76829289303
 -46303.488538889687
 -46792.454915755268
 -47396.643032069835
 -60000.000000000015
 -60000.000000000015
 -59999.999999999978
 0
 0
 0
 -15167.309779819794
 -15157.125986398609
 -15138.195650549964
 -30424.425025871402
 -30466.686752328573
 -30530.898082517942
 -45515.338683074537
 -45715.464817760541
 -45853.664131131518
 0
 0
 0
 0
 -15174.776061122644
 -15175.333879896089
 -15176.134059146958
 -15174.168859768577
 -30278.604750167146
 -30286.129297676049
 -30310.224337190488
 -30356.015837740211
 -45169.660096639505
 -45169.846475590843
 -45169.478399292791
 -45165.378488433147
 -60000.000000000015
 -59999.999999999985
 -59999.999999999985
 -59999.999999999993
 -60000.000000000007
 -59799.266640326088
 -59479.885585024116
 -59464.377655233176
 -60000.000000000007
 -59999.999999999985
 -59952.190271744119
 -59872.160157616374
 -59804.770819664824
 -59999.999999999985
 -60000
 -59987.970465002225
 -59956.371725607474
 -59923.72931710336
 -60000.000000000015
 -60000.000000000015
 -60000.000000000007
 -60000
 -59976.063408490474
 -59986.448946892226
 -59992.265082140097
 -59980.871221687012
 -59983.788608592287
 -59987.894911006617
 -59995.408488439658
 -59993.572556166109
 -59993.074990468718
 -59999.999999999978
 -59999.999999999985
 -59999.999999999993
 -59999.999999999993
 -60000.17695696513
 -59998.892964868035
 -59998.387399384199
 -60000.000000000007
 -59999.999999999993
 -60000.003711291298
 -60000.203371649688
 -60000.151514047073
 -59999.999999999978
 -59999.999999999985
 -60000.00401102785
 -59999.974542597462
 -59999.993567600686
 -60000.000000000007
 -60000.000000000007
 -59999.999999999993
 -59999.999999999985
 -60000
 -59999.999999999985
 -60000.000000000007
 -45195.819272376597
 -28387.71377487346
 -13576.432168131505
 0
 -59999.999999999993
 -39953.070123505349
 -24718.951887593714
 -11874.75688794535
 0
 -60000
 -27823.820936824344
 -11940.663111379026
 -2806.162718394608
 0
 -59999.999999999985
 -39397.121412676817
 -24265.260616660948
 -11639.387549863863
 0
 -59999.999999999985
 -27310.030563353292
 -10986.927157248978
 -2487.0705488853655
 0
 0
 -12334.079305638081
 -25278.377724946451
 -39946.550574334113
 -59999.999999999964
 0
 -14995.093934292487
 -30501.749257087045
 -48169.021613856959
 -60000.000000000015
 0
 -15105.85186193082
 -30628.372476197335
 -45888.127531358143
 -59999.999999999978
 0
 -15162.975466989128
 -30434.142590701747
 -45150.773950774266
 -60000
 -58516.502599272091
 -58080.298325037533
 -58511.468678249854
 -60000
 -59997.35830610423
 -59984.075331858156
 -59956.054335378656
 -59999.999999999978
 -59999.999999999993
 -59995.704724273637
 -59991.840568375635
 -59993.525704176558
 -59999.999999999993


