# Created by Octave 4.4.1, Sat May 18 18:06:17 2019 CEST <peter@peter-ubuntu>
# name: normh1_ref
# type: matrix
# rows: 1
# columns: 4
 1696.6316028213394 1696.6316028213394 1696.6316028213394 1696.6316028213394


# name: normh1
# type: matrix
# rows: 1
# columns: 4
 1696.5258618718419 1696.5262635116906 1696.5504686394363 1696.6127497011723


# name: norml2_ref
# type: matrix
# rows: 1
# columns: 4
 1696.487699297772 1696.487699297772 1696.487699297772 1696.487699297772


# name: norml2
# type: matrix
# rows: 1
# columns: 4
 1696.5258618718419 1696.5262448864512 1696.5062788816738 1696.4921619080169


