# Created by Octave 4.4.1, Fri May 17 20:24:27 2019 CEST <peter@peter-ubuntu>
# name: u
# type: matrix
# rows: 396
# columns: 1
 -60000.000000000007
 -59999.999999999971
 -60000.000000000029
 -60000.000000000015
 -60000
 -53097.969870449117
 -53097.940522720557
 -53152.759625352912
 -53265.530760427879
 -53442.756643527624
 -35712.702180294276
 -35712.720827289551
 -35682.457815993723
 -35619.930310071933
 -35520.961102902635
 -20167.019686920426
 -20167.012254848069
 -20156.361648526119
 -20135.873713875579
 -20107.278367225248
 -6540.2662443423769
 -6540.2708887244607
 -6533.506939418713
 -6519.467524065517
 -6497.0580226596649
 0
 0
 0
 0
 0
 -59999.999999999985
 -60000.000000000022
 -59999.999999999971
 -60000.000000000029
 -53015.0659166357
 -51909.195937040626
 -50622.546315421176
 -48911.773415136573
 -34961.397165370719
 -33856.854155720081
 -32640.764212666134
 -31362.96182399031
 -19819.419035936553
 -19238.842060413859
 -18615.671902952094
 -17933.476827419912
 -6399.8293173469001
 -6209.855050503229
 -5996.4219109291762
 -5770.8114551625204
 0
 0
 0
 0
 -60000.000000000044
 -59999.999999999956
 -60000.00000000008
 -59999.999999999935
 -46192.659471384817
 -43150.554846954961
 -40198.927706032599
 -37919.615703636118
 -29090.61915982069
 -25575.424372495178
 -22285.264351194044
 -19548.84562444429
 -16120.60093196615
 -13159.371417290144
 -10205.860173460514
 -7322.115481915579
 -5060.8993810082375
 -3687.6890178804397
 -2282.9434792953193
 -827.90365882527249
 0
 0
 0
 0
 -59999.999999999985
 -45718.699257894172
 -29018.624399674496
 -16047.544435078595
 -5062.9487618077765
 0
 -59999.999999999993
 -43381.860341020401
 -25982.672315978954
 -13407.9803918084
 -3769.299798368676
 0
 -60000.000000000029
 -40869.644172760512
 -22799.711002237309
 -10501.240563645246
 -2318.6096985698423
 0
 -59999.999999999949
 -38406.134859136386
 -19802.624649107329
 -7480.4273597636029
 -785.84830707576225
 0
 -59999.999999999964
 -46644.694943221897
 -22261.439055068546
 -9462.0638125683945
 -1485.8888602327595
 0
 -60000.000000000029
 -49702.000545997864
 -30488.900106148496
 -15216.000663871844
 -4272.0290187892251
 0
 -60000.000000000007
 -50384.541429117839
 -32913.171593274099
 -18310.540412862403
 -5721.7233235760614
 0
 -59999.999999999993
 -49554.902737840479
 -32248.14092286726
 -18308.832902778591
 -5975.0556900989541
 0
 0
 0
 0
 0
 -4958.2698195800085
 -3059.7896063869271
 -1702.2394754462753
 -677.16923086601264
 -16022.434573961318
 -11769.022127636237
 -8422.1708180931637
 -6029.0282923147442
 -28920.244457221048
 -23813.583181253362
 -19991.131362733828
 -17613.788618556133
 -45193.669262647287
 -40975.688164883046
 -37520.691581683532
 -36683.392225923548
 -59999.999999999985
 -60000.000000000007
 -60000
 -60000.000000000015
 0
 0
 0
 0
 -6510.770934277034
 -5579.1649086807329
 -5348.2647847804346
 -5610.7894481337689
 -20471.180952786697
 -18238.178042316831
 -17074.292712089242
 -17286.250508126916
 -34828.714129525499
 -31482.577417314351
 -30155.072082370967
 -30444.144186019508
 -55072.706085999678
 -50826.666769573938
 -47369.970775560163
 -46143.838972759193
 -60000.000000000007
 -59999.999999999985
 -60000.000000000051
 -59999.999999999964
 0
 0
 0
 0
 -7411.0295008877974
 -7386.3857071035472
 -7363.3848726172228
 -7333.1324676281629
 -22148.602406257323
 -22119.939554780962
 -22078.216030467182
 -22038.720073230801
 -37737.436903322923
 -37674.560073879038
 -37585.802966226009
 -37418.690675455087
 -53113.660162289911
 -53865.656745337939
 -54783.2021855153
 -56000.029526565442
 -59999.999999999971
 -60000.000000000022
 -60000.000000000015
 -59999.999999999978
 0
 0
 0
 0
 -7410.3029084657437
 -7396.4633223834453
 -7395.0969099239492
 -7402.463688347575
 -22362.307476949751
 -22350.731674510058
 -22306.144685640556
 -22234.25758558841
 -37462.294891399324
 -37457.231769781669
 -37517.840307308819
 -37622.181559107368
 -52412.476608721656
 -52635.558999051871
 -52781.763864172179
 -52931.697063805259
 0
 0
 0
 0
 0
 -7444.8491802570825
 -7444.8400637280793
 -7442.3158090023808
 -7438.973571170447
 -7439.6293712716242
 -22405.905192759743
 -22405.933490439264
 -22399.685513340024
 -22383.168034979095
 -22346.236047731531
 -37408.239978135207
 -37408.179228214904
 -37421.560704384363
 -37456.21731663619
 -37531.132322762176
 -52343.098359497671
 -52343.191142113945
 -52309.170783693153
 -52229.515750032602
 -52076.927361783499
 -60000.000000000029
 -59999.999999999971
 -60000.000000000022
 -59999.999999999993
 -60000
 -60000.000000000015
 -59866.029927957316
 -59025.243012039493
 -58733.961636212225
 -59267.191652263158
 -59999.999999999978
 -59999.999999999985
 -59911.855635887332
 -59793.94665778026
 -59575.84309934984
 -59631.48756107295
 -59999.999999999993
 -59999.999999999993
 -60009.773010513549
 -59928.643758917955
 -59855.557391895978
 -59826.958818276864
 -60000.000000000065
 -60000.000000000007
 -59991.511565982342
 -59990.953164665807
 -59930.113157989173
 -59903.791116248343
 -59999.99999999992
 -59999.999999999935
 -60000.000000000058
 -60000
 -60000
 -59945.000662754072
 -59977.561535965535
 -59991.028130891136
 -59996.930930730676
 -59948.33172433517
 -59957.063653702491
 -59969.596986828539
 -59980.547877566722
 -59989.387769246801
 -59982.679699372944
 -59980.169009999569
 -59981.195405451937
 -59997.264766522334
 -59997.827218831859
 -59996.41330477166
 -59994.380215744321
 -59999.999999999964
 -60000.000000000022
 -60000
 -60000
 -59999.999999999971
 -60001.718671054121
 -59996.732859940064
 -59992.241399869316
 -59994.260581335868
 -59999.999999999993
 -60000.000000000022
 -59999.332921038818
 -60000.506056967657
 -60000.777363544767
 -60000.273206585734
 -60000
 -59999.999999999971
 -60000.228523128804
 -59999.62532929812
 -59999.584161040133
 -59999.845120658123
 -60000.000000000036
 -60000.000000000022
 -59999.879183830351
 -60000.194388173957
 -60000.176819683686
 -60000.05414203382
 -59999.999999999978
 -59999.999999999985
 -60000.000000000022
 -59999.999999999978
 -60000.000000000029
 -59999.999999999985
 -60000.000000000015
 -60000.000000000015
 -53568.811442271013
 -35449.868234751841
 -20090.383275470514
 -6480.7354463735373
 0
 -59999.999999999978
 -47644.059316255487
 -30770.799499352739
 -17528.152181835183
 -5674.3157484276089
 0
 -60000.000000000029
 -37334.199464115591
 -18496.173287440117
 -5890.0761166574403
 -44.237331269703041
 0
 -60000.000000000029
 -46799.466457930605
 -30326.284311014082
 -17104.967214175991
 -5533.3500121813122
 0
 -60000.000000000029
 -37488.497609979946
 -16928.65284759834
 -5263.5609829635223
 6.7747867133416069
 0
 0
 -5940.7195787742321
 -18024.898177564632
 -31141.687908780019
 -46666.367148785321
 -60000.000000000007
 0
 -7309.0097529982031
 -22030.115215049784
 -37260.476298495807
 -56849.802457569873
 -60000.000000000015
 0
 -7429.2166466692524
 -22148.395209811453
 -37779.520337405083
 -52764.64861807011
 -60000.000000000029
 0
 -7448.7488178637868
 -22305.495831971257
 -37609.392553275138
 -51935.705108076938
 -59999.999999999993
 -58547.047576936449
 -57601.191537990926
 -57643.418063179895
 -58589.888407561994
 -59999.999999999971
 -59999.932380512473
 -59988.246062416445
 -59959.2863500733
 -59901.958778776047
 -60000.000000000058
 -60000
 -59998.470278485547
 -59984.679521207319
 -59982.975927680825
 -59993.154550934654
 -60000.000000000022


