# Created by Octave 4.4.1, Sat May 18 19:35:16 2019 CEST <peter@peter-ubuntu>
# name: u
# type: matrix
# rows: 28
# columns: 1
 -59999.999999999964
 0
 0
 -60000.000000000007
 -59999.999999999978
 -60000
 -60000
 0
 -59999.999999999993
 0
 -59999.999999999985
 0
 -59999.999999999985
 0
 -60000
 0
 0
 -59999.999999999993
 0
 -60000
 0
 -59999.999999999993
 0
 -59999.999999999993
 -59999.999999999985
 -60000.000000000015
 -59999.999999999978
 -59999.999999999978


