# Created by Octave 4.4.1, Sun May 05 18:20:24 2019 CEST <peter@peter-ubuntu>
# name: N_it
# type: scalar
4


# name: h1_conv
# type: matrix
# rows: 1
# columns: 5
 NaN NaN NaN NaN 144466.92502488761


# name: h1_ref
# type: scalar
4.948138705096686e+56


# name: l2_conv
# type: matrix
# rows: 1
# columns: 5
 NaN NaN NaN NaN 91065.880385819168


# name: l2_ref
# type: scalar
4.948138705096686e+56


