# Created by Octave 4.4.1, Fri May 17 20:24:11 2019 CEST <peter@peter-ubuntu>
# name: u
# type: matrix
# rows: 81
# columns: 1
 -60000.000000000007
 -60000
 -29053.87103258838
 -29053.971668666301
 0
 0
 -59999.999999999971
 -26093.193549504191
 0
 -59999.999999999971
 -7163.7772695083622
 0
 -60000
 -9380.4029620895089
 0
 -60000.000000000015
 -34947.411145854327
 0
 0
 -1369.9318566881427
 -60000.000000000022
 0
 -16408.895068656908
 -59999.999999999985
 0
 -33780.6867734732
 -60000.000000000029
 0
 -34212.483868702227
 0
 0
 -31628.129683266201
 -31621.878066026173
 -60000.000000000022
 -59999.999999999971
 -60000
 -60938.191944254999
 -60000.000000000058
 -60000.00000000008
 -59963.177778362733
 -59999.999999999993
 -59999.999999999949
 -60012.386124738703
 -60000.000000000051
 -60000.000000000015
 -60000.000000000007
 -59999.999999999978
 -60000.000000000022
 -29015.928640602833
 0
 -60000
 -21472.945646593085
 0
 -60000.000000000015
 5606.9797508375095
 0
 -60000.000000000007
 -19364.691559276911
 0
 -59999.999999999993
 6558.4798302384133
 0
 0
 -23117.986653863205
 -60000.000000000007
 0
 -34837.675601194715
 -60000.000000000007
 0
 -33086.265054667798
 -59999.999999999993
 0
 -32028.108154286107
 -60000.000000000007
 -57173.72963513439
 -59999.999999999985
 -59913.589863574984
 -59999.999999999978
 -59999.999999999971
 -59978.267087401538
 -60000.000000000022


