# Created by Octave 5.2.0, Tue Jun 09 09:46:36 2020 CEST <peter@peter-fedora>
# name: volume_constraint_init
# type: scalar
-0.93168920758125751


# name: volume_constraint_opt
# type: scalar
-52.388914612107442


# name: obj_init
# type: scalar
8139083.1961403387


# name: obj_opt
# type: scalar
6649135.3171765944


# name: max_init
# type: scalar
10049013.217686413


# name: max_opt
# type: scalar
7545522.2269643648


