# Created by Octave 5.2.0, Fri Jul 03 13:44:56 2020 CEST <peter@peter-fedora>
# name: volume_constraint_orig
# type: scalar
5.5405263501720583


# name: volume_constraint_init
# type: scalar
25.758037908838332


# name: volume_constraint_opt
# type: scalar
-1.0768069826880264


# name: max_orig
# type: scalar
12745401.519217856


# name: max_init
# type: scalar
10389139.644454142


# name: max_opt
# type: scalar
9423318.7306397818


