# Created by Octave 5.2.0, Tue Jun 09 21:43:05 2020 CEST <peter@peter-fedora>
# name: x_opt
# type: matrix
# rows: 14
# columns: 1
 0.00069471821812357875
 0.00041166444856298456
 0.007979813169689199
 -0.0068189508019779179
 0.017930424105655433
 0.0071140212420662818
 0.014654958313702875
 0.0033620200796181765
 -0.0054160961669114981
 0.0072237581156962601
 -0.0018623435367971152
 -0.0026478603899194636
 -0.0041285914084744626
 -0.0029336454221353622


# name: obj_opt
# type: scalar
6841915.5197928678


