# Created by Octave 5.2.0, Tue Jun 09 23:07:35 2020 CEST <peter@peter-fedora>
# name: volume_constraint_init
# type: scalar
2.7261725651272855


# name: volume_constraint_opt
# type: scalar
-11.939942005075864


# name: obj_init
# type: scalar
8210402.5128614679


# name: obj_opt
# type: scalar
6841915.5197928678


# name: max_init
# type: scalar
10607251.817309316


# name: max_opt
# type: scalar
7926002.6935563581


