# Created by Octave 5.2.0, Tue Jun 09 09:19:31 2020 CEST <peter@peter-fedora>
# name: x_opt
# type: matrix
# rows: 12
# columns: 1
 0.00033387812156659703
 1.2469806176205843e-05
 0.0079922618022487471
 -0.0059332650562766084
 0.022321958339255234
 0.0062474356609487107
 -0.0074682714067012363
 0.0055501755166400563
 -0.0052446875864758961
 -0.0029726450242264645
 -0.0061044067355353606
 -0.004862366698201369


# name: obj
# type: scalar
6649135.3171765944


