# Created by Octave 5.2.0, Tue Jun 30 23:49:16 2020 CEST <peter@peter-fedora>
# name: x_opt
# type: matrix
# rows: 10
# columns: 1
 -0.0016635227232752999
 0.0037957198828805229
 -0.0029188450975080834
 0.017333197026595779
 0.022180211620121397
 0.020627845643417055
 0.0075929817797767384
 0.00017639969686449077
 -0.013909076791717594
 0.0062782678688900959


# name: obj_opt
# type: scalar
9423318.7306397818


