# Created by Octave 4.4.1, Wed Sep 18 22:17:08 2019 CEST <peter@peter-ThinkPad>
# name: x_opt
# type: matrix
# rows: 20
# columns: 1
 0.0045649450322168472
 -0.01468294491594231
 0.004271601677353817
 -0.014141300143517058
 -0.015178716989021545
 -0.0031859962337709743
 -0.014968657215866807
 -0.017440899161457166
 -0.017155364335689836
 -0.016309808075239355
 -0.0093720469648997818
 0.014055264998858175
 -0.0098239064362591992
 -0.01852351491540849
 0.0098030653346799085
 -0.0098030653346798946
 0.0098030653346798807
 -0.0098030653346799293
 0.0098030653346798807
 0


# name: obj
# type: scalar
2621158.2457375401


# name: info
# type: scalar
103


# name: iter
# type: scalar
10


# name: nf
# type: scalar
26


# name: lambda
# type: matrix
# rows: 41
# columns: 1
 0
 0
 5893136.9456447884
 0
 0
 4691948.4818843566
 211334.34517466559
 2359507.6844989303
 4748770.9291777564
 217071.08673698854
 2230330.4460523417
 23593042.818726819
 0
 384452.90606330521
 3374303.5496231024
 0
 4900641.9479673831
 0
 2987397.6933148499
 0
 687324.5041434759
 1937334.6933148522
 0
 64731.019680771009
 0
 0
 0
 0
 0
 0
 0
 0
 0
 0
 0
 4385218.8036398748
 0
 1884213.2989570932
 0
 3034764.2516372278
 0


