33 -0.06 -0.05624999999999999 -0.0525 -0.04875 -0.045 -0.04125 -0.0375 -0.03375 -0.03 -0.02625 -0.0225 -0.01875 -0.015 -0.01125 -0.0075 -0.00375 0 0.00375 0.0075 0.01125 0.015 0.01875 0.0225 0.02625 0.03 0.03375 0.0375 0.04125 0.045 0.04875 0.0525 0.05624999999999999 0.06
33 -0.06 -0.05624999999999999 -0.0525 -0.04875 -0.045 -0.04125 -0.0375 -0.03375 -0.03 -0.02625 -0.0225 -0.01875 -0.015 -0.01125 -0.0075 -0.00375 0 0.00375 0.0075 0.01125 0.015 0.01875 0.0225 0.02625 0.03 0.03375 0.0375 0.04125 0.045 0.04875 0.0525 0.05624999999999999 0.06
121 0 0.0125 0.025 0.03750000000000001 0.05 0.0625 0.07500000000000001 0.08750000000000001 0.1 0.1125 0.125 0.1375 0.15 0.1625 0.175 0.1875 0.2 0.2125 0.225 0.2375 0.25 0.2625 0.275 0.2875 0.3 0.3125 0.325 0.3375 0.35 0.3625 0.375 0.3875 0.4 0.4125 0.425 0.4375 0.45 0.4625 0.475 0.4875 0.5 0.5125000000000001 0.525 0.5375 0.55 0.5625 0.5750000000000001 0.5875 0.6000000000000001 0.6125 0.625 0.6375000000000001 0.65 0.6625000000000001 0.675 0.6875 0.7000000000000001 0.7125 0.7250000000000001 0.7375 0.75 0.7625000000000001 0.775 0.7875000000000001 0.8 0.8125 0.8250000000000001 0.8375 0.8500000000000001 0.8625 0.875 0.8875000000000001 0.9 0.9125000000000001 0.925 0.9375 0.9500000000000001 0.9625 0.9750000000000001 0.9875 1 1.0125 1.025 1.0375 1.05 1.0625 1.075 1.0875 1.1 1.1125 1.125 1.1375 1.15 1.1625 1.175 1.1875 1.2 1.2125 1.225 1.2375 1.25 1.2625 1.275 1.2875 1.3 1.3125 1.325 1.3375 1.35 1.3625 1.375 1.3875 1.4 1.4125 1.425 1.4375 1.45 1.4625 1.475 1.4875 1.5
0 0 0 0 0 0 0 0 0 0 0 0 0 0 0 0 0 0 0 0 0 0 0 0 0 0 0 0 0 0 0 0 0
0 0 0 0 0 0 0 0 0 0 0 0 0 0 0 0 0 0 0 0 0 0 0 0 0 0 0 0 0 0 0 0 0
0 0 0 0 0 0 0 0 0 0 0 0 0 0 0 0 0 0 0 0 0 0 0 0 0 0 0 0 0 0 0 0 0
0 0 0 0 0 0 0 0 0 0 0 0 0 0 0 0 0 0 0 0 0 0 0 0 0 0 0 0 0 0 0 0 0
0 0 0 0 0 0 0 0 0 0 0 0 0 0 0 0 0 0 0 0 0 0 0 0 0 0 0 0 0 0 0 0 0
0 0 0 0 0 0 0 0 0 0 0 0 0 0 0 0 0 0 0 0 0 0 0 0 0 0 0 0 0 0 0 0 0
0 0 0 0 0 0 0 0 0 0 0 0 0 0 0 0 0 0 0 0 0 0 0 0 0 0 0 0 0 0 0 0 0
0 0 0 0 0 0 0 0 0 0 0 0 0 0 0 0 0 0 0 0 0 0 0 0 0 0 0 0 0 0 0 0 0
0 0 0 0 0 0 0 0 0 0 0 0 0 0 0 0 0 0 0 0 0 0 0 0 0 0 0 0 0 0 0 0 0
0 0 0 0 0 0 0 0 0 0 0 0 0 0 0 0 0 0 0 0 0 0 0 0 0 0 0 0 0 0 0 0 0
0 0 0 0 0 0 0 0 0 0 0 0 0 0 0 0 0 0 0 0 0 0 0 0 0 0 0 0 0 0 0 0 0
0 0 0 0 0 0 0 0 0 0 0 0 0 0 0 0 0 0 0 0 0 0 0 0 0 0 0 0 0 0 0 0 0
0 0 0 0 0 0 0 0 0 0 0 0 0 0 0 0 0 0 0 0 0 0 0 0 0 0 0 0 0 0 0 0 0
0 0 0 0 0 0 0 0 0 0 0 0 0 0 0 0 0 0 0 0 0 0 0 0 0 0 0 0 0 0 0 0 0
0 0 0 0 0 0 0 0 0 0 0 0 0 0 0 0 0 0 0 0 0 0 0 0 0 0 0 0 0 0 0 0 0
0 0 0 0 0 0 0 0 0 0 0 0 0 0 0 0 0 0 0 0 0 0 0 0 0 0 0 0 0 0 0 0 0
0 0 0 0 0 0 0 0 0 0 0 0 0 0 0 0 -0.7218659457443174 0 0 0 0 0 0 0 0 0 0 0 0 0 0 0 0
0 0 0 0 0 0 0 0 0 0 0 0 0 0 0 0 0 0 0 0 0 0 0 0 0 0 0 0 0 0 0 0 0
0 0 0 0 0 0 0 0 0 0 0 0 0 0 0 0 0 0 0 0 0 0 0 0 0 0 0 0 0 0 0 0 0
0 0 0 0 0 0 0 0 0 0 0 0 0 0 0 0 0 0 0 0 0 0 0 0 0 0 0 0 0 0 0 0 0
0 0 0 0 0 0 0 0 0 0 0 0 0 0 0 0 0 0 0 0 0 0 0 0 0 0 0 0 0 0 0 0 0
0 0 0 0 0 0 0 0 0 0 0 0 0 0 0 0 0 0 0 0 0 0 0 0 0 0 0 0 0 0 0 0 0
0 0 0 0 0 0 0 0 0 0 0 0 0 0 0 0 0 0 0 0 0 0 0 0 0 0 0 0 0 0 0 0 0
0 0 0 0 0 0 0 0 0 0 0 0 0 0 0 0 0 0 0 0 0 0 0 0 0 0 0 0 0 0 0 0 0
0 0 0 0 0 0 0 0 0 0 0 0 0 0 0 0 0 0 0 0 0 0 0 0 0 0 0 0 0 0 0 0 0
0 0 0 0 0 0 0 0 0 0 0 0 0 0 0 0 0 0 0 0 0 0 0 0 0 0 0 0 0 0 0 0 0
0 0 0 0 0 0 0 0 0 0 0 0 0 0 0 0 0 0 0 0 0 0 0 0 0 0 0 0 0 0 0 0 0
0 0 0 0 0 0 0 0 0 0 0 0 0 0 0 0 0 0 0 0 0 0 0 0 0 0 0 0 0 0 0 0 0
0 0 0 0 0 0 0 0 0 0 0 0 0 0 0 0 0 0 0 0 0 0 0 0 0 0 0 0 0 0 0 0 0
0 0 0 0 0 0 0 0 0 0 0 0 0 0 0 0 0 0 0 0 0 0 0 0 0 0 0 0 0 0 0 0 0
0 0 0 0 0 0 0 0 0 0 0 0 0 0 0 0 0 0 0 0 0 0 0 0 0 0 0 0 0 0 0 0 0
0 0 0 0 0 0 0 0 0 0 0 0 0 0 0 0 0 0 0 0 0 0 0 0 0 0 0 0 0 0 0 0 0
0 0 0 0 0 0 0 0 0 0 0 0 0 0 0 0 0 0 0 0 0 0 0 0 0 0 0 0 0 0 0 0 0
0 0 0 0 0 0 0 0 0 0 0 0 0 0 0 0 0 0 0 0 0 0 0 0 0 0 0 0 0 0 0 0 0
0 0 0 0 0 0 0 0 0 0 0 0 0 0 0 0 0 0 0 0 0 0 0 0 0 0 0 0 0 0 0 0 0
0 0 0 0 0 0 0 0 0 0 0 0 0 0 0 0 0 0 0 0 0 0 0 0 0 0 0 0 0 0 0 0 0
0 0 0 0 0 0 0 0 0 0 0 0 0 0 -0.7224063281706357 -0.7246939235310008 -0.7254548620052608 -0.7246939235310008 -0.7224063281706357 0 0 0 0 0 0 0 0 0 0 0 0 0 0
0 0 0 0 0 0 0 0 0 0 0 -0.7254548620052607 -0.7322537266121457 -0.7374666001838381 -0.7411336045250075 -0.7433527642055118 -0.7441064649680867 -0.7433527642055118 -0.7411336045250075 -0.7374666001838381 -0.7322537266121457 -0.7254548620052607 0 0 0 0 0 0 0 0 0 0 0
0 0 0 0 0 0 0 0 0 -0.724693923531001 -0.7344967292750965 -0.7425967160676212 -0.7493060773710926 -0.7543617790703145 -0.7578842101363071 -0.7599508962761247 -0.7606339111108313 -0.7599508962761247 -0.7578842101363071 -0.7543617790703145 -0.7493060773710926 -0.7425967160676212 -0.7344967292750965 -0.724693923531001 0 0 0 0 0 0 0 0 0
0 0 0 0 0 0 0 0 -0.729244062081198 -0.7404036061563086 -0.7500361284660537 -0.757884210136307 -0.764002120864532 -0.7686941288785948 -0.7719435292135837 -0.7738362041271825 -0.7744558434281256 -0.7738362041271825 -0.7719435292135837 -0.7686941288785948 -0.764002120864532 -0.757884210136307 -0.7500361284660537 -0.7404036061563086 -0.729244062081198 0 0 0 0 0 0 0 0
0 0 0 0 0 0 0 -0.7307514947311073 -0.7433527642055118 -0.7543617790703145 -0.7633349405411408 -0.7706559481363083 -0.7762904934432648 -0.7804125025286648 -0.7832051895212626 -0.7848390199392076 -0.7853837694397502 -0.7848390199392076 -0.7832051895212626 -0.7804125025286648 -0.7762904934432648 -0.7706559481363083 -0.7633349405411408 -0.7543617790703145 -0.7433527642055118 -0.7307514947311073 0 0 0 0 0 0 0
0 0 0 0 0 0 -0.729244062081198 -0.7433527642055118 -0.7557813117598612 -0.7660242070968756 -0.7744558434281256 -0.7809796844080535 -0.7859215623547807 -0.7895459364419408 -0.7919560309485154 -0.7933377734965374 -0.7937875638488517 -0.7933377734965374 -0.7919560309485154 -0.7895459364419408 -0.7859215623547807 -0.7809796844080535 -0.7744558434281256 -0.7660242070968756 -0.7557813117598612 -0.7433527642055118 -0.729244062081198 0 0 0 0 0 0
0 0 0 0 0 -0.724693923531001 -0.7404036061563086 -0.7543617790703145 -0.7660242070968756 -0.7756830518824017 -0.7832051895212633 -0.7890436860677981 -0.7933377734965374 -0.7963461127891444 -0.7983158034838039 -0.799427549500729 -0.7997958401619465 -0.799427549500729 -0.7983158034838039 -0.7963461127891444 -0.7933377734965374 -0.7890436860677981 -0.7832051895212633 -0.7756830518824017 -0.7660242070968756 -0.7543617790703145 -0.7404036061563086 -0.724693923531001 0 0 0 0 0
0 0 0 0 0 -0.7344967292750965 -0.7500361284660537 -0.7633349405411408 -0.7744558434281256 -0.7832051895212633 -0.7900411077776693 -0.7950913277938931 -0.7986913072266397 -0.8011953029286218 -0.8028010084017676 -0.8036836977842257 -0.8039658713867485 -0.8036836977842257 -0.8028010084017676 -0.8011953029286218 -0.7986913072266397 -0.7950913277938931 -0.7900411077776693 -0.7832051895212633 -0.7744558434281256 -0.7633349405411408 -0.7500361284660537 -0.7344967292750965 0 0 0 0 0
0 0 0 0 -0.7254548620052607 -0.7425967160676212 -0.757884210136307 -0.7706559481363083 -0.7809796844080535 -0.7890436860677981 -0.7950913277938931 -0.7994275495007298 -0.8024950720894436 -0.8045080082970212 -0.8057479330474853 -0.8064092240034918 -0.8066174893465454 -0.8064092240034918 -0.8057479330474853 -0.8045080082970212 -0.8024950720894436 -0.7994275495007298 -0.7950913277938931 -0.7890436860677981 -0.7809796844080535 -0.7706559481363083 -0.757884210136307 -0.7425967160676212 -0.7254548620052607 0 0 0 0
0 0 0 0 -0.7322537266121457 -0.7493060773710926 -0.764002120864532 -0.7762904934432648 -0.7859215623547807 -0.7933377734965374 -0.7986913072266397 -0.8024950720894436 -0.8050225578859501 -0.8066174893465454 -0.8075541407452421 -0.8080358118762707 -0.8081853251823363 -0.8080358118762707 -0.8075541407452421 -0.8066174893465454 -0.8050225578859501 -0.8024950720894436 -0.7986913072266397 -0.7933377734965374 -0.7859215623547807 -0.7762904934432648 -0.764002120864532 -0.7493060773710926 -0.7322537266121457 0 0 0 0
0 0 0 0 -0.7374666001838381 -0.7543617790703145 -0.7686941288785948 -0.7804125025286648 -0.7895459364419408 -0.7963461127891444 -0.8011953029286218 -0.8045080082970212 -0.8066174893465454 -0.8078806415660919 -0.8085895634265761 -0.8089305441537761 -0.809030388210188 -0.8089305441537761 -0.8085895634265761 -0.8078806415660919 -0.8066174893465454 -0.8045080082970212 -0.8011953029286218 -0.7963461127891444 -0.7895459364419408 -0.7804125025286648 -0.7686941288785948 -0.7543617790703145 -0.7374666001838381 0 0 0 0
0 0 0 -0.7224063281706357 -0.7411336045250075 -0.7578842101363071 -0.7719435292135837 -0.7832051895212626 -0.7919560309485154 -0.7983158034838039 -0.8028010084017676 -0.8057479330474853 -0.8075541407452421 -0.8085895634265761 -0.8091227456740323 -0.8093575961844013 -0.8094219505880259 -0.8093575961844013 -0.8091227456740323 -0.8085895634265761 -0.8075541407452421 -0.8057479330474853 -0.8028010084017676 -0.7983158034838039 -0.7919560309485154 -0.7832051895212626 -0.7719435292135837 -0.7578842101363071 -0.7411336045250075 -0.7224063281706357 0 0 0
0 0 0 -0.7246939235310008 -0.7433527642055118 -0.7599508962761247 -0.7738362041271825 -0.7848390199392076 -0.7933377734965374 -0.799427549500729 -0.8036836977842257 -0.8064092240034918 -0.8080358118762707 -0.8089305441537761 -0.8093575961844013 -0.8095291584953016 -0.8095722138521642 -0.8095291584953016 -0.8093575961844013 -0.8089305441537761 -0.8080358118762707 -0.8064092240034918 -0.8036836977842257 -0.799427549500729 -0.7933377734965374 -0.7848390199392076 -0.7738362041271825 -0.7599508962761247 -0.7433527642055118 -0.7246939235310008 0 0 0
0 0 0 -0.7254548620052608 -0.7441064649680867 -0.7606339111108313 -0.7744558434281256 -0.7853837694397502 -0.7937875638488517 -0.7997958401619465 -0.8039658713867485 -0.8066174893465454 -0.8081853251823363 -0.809030388210188 -0.8094219505880259 -0.8095722138521642 -0.8096085684446138 -0.8095722138521642 -0.8094219505880259 -0.809030388210188 -0.8081853251823363 -0.8066174893465454 -0.8039658713867485 -0.7997958401619465 -0.7937875638488517 -0.7853837694397502 -0.7744558434281256 -0.7606339111108313 -0.7441064649680867 -0.7254548620052608 0 0 0
0 0 0 -0.7246939235310008 -0.7433527642055118 -0.7599508962761247 -0.7738362041271825 -0.7848390199392076 -0.7933377734965374 -0.799427549500729 -0.8036836977842257 -0.8064092240034918 -0.8080358118762707 -0.8089305441537761 -0.8093575961844013 -0.8095291584953016 -0.8095722138521642 -0.8095291584953016 -0.8093575961844013 -0.8089305441537761 -0.8080358118762707 -0.8064092240034918 -0.8036836977842257 -0.799427549500729 -0.7933377734965374 -0.7848390199392076 -0.7738362041271825 -0.7599508962761247 -0.7433527642055118 -0.7246939235310008 0 0 0
0 0 0 -0.7224063281706357 -0.7411336045250075 -0.7578842101363071 -0.7719435292135837 -0.7832051895212626 -0.7919560309485154 -0.7983158034838039 -0.8028010084017676 -0.8057479330474853 -0.8075541407452421 -0.8085895634265761 -0.8091227456740323 -0.8093575961844013 -0.8094219505880259 -0.8093575961844013 -0.8091227456740323 -0.8085895634265761 -0.8075541407452421 -0.8057479330474853 -0.8028010084017676 -0.7983158034838039 -0.7919560309485154 -0.7832051895212626 -0.7719435292135837 -0.7578842101363071 -0.7411336045250075 -0.7224063281706357 0 0 0
0 0 0 0 -0.7374666001838381 -0.7543617790703145 -0.7686941288785948 -0.7804125025286648 -0.7895459364419408 -0.7963461127891444 -0.8011953029286218 -0.8045080082970212 -0.8066174893465454 -0.8078806415660919 -0.8085895634265761 -0.8089305441537761 -0.809030388210188 -0.8089305441537761 -0.8085895634265761 -0.8078806415660919 -0.8066174893465454 -0.8045080082970212 -0.8011953029286218 -0.7963461127891444 -0.7895459364419408 -0.7804125025286648 -0.7686941288785948 -0.7543617790703145 -0.7374666001838381 0 0 0 0
0 0 0 0 -0.7322537266121457 -0.7493060773710926 -0.764002120864532 -0.7762904934432648 -0.7859215623547807 -0.7933377734965374 -0.7986913072266397 -0.8024950720894436 -0.8050225578859501 -0.8066174893465454 -0.8075541407452421 -0.8080358118762707 -0.8081853251823363 -0.8080358118762707 -0.8075541407452421 -0.8066174893465454 -0.8050225578859501 -0.8024950720894436 -0.7986913072266397 -0.7933377734965374 -0.7859215623547807 -0.7762904934432648 -0.764002120864532 -0.7493060773710926 -0.7322537266121457 0 0 0 0
0 0 0 0 -0.7254548620052607 -0.7425967160676212 -0.757884210136307 -0.7706559481363083 -0.7809796844080535 -0.7890436860677981 -0.7950913277938931 -0.7994275495007298 -0.8024950720894436 -0.8045080082970212 -0.8057479330474853 -0.8064092240034918 -0.8066174893465454 -0.8064092240034918 -0.8057479330474853 -0.8045080082970212 -0.8024950720894436 -0.7994275495007298 -0.7950913277938931 -0.7890436860677981 -0.7809796844080535 -0.7706559481363083 -0.757884210136307 -0.7425967160676212 -0.7254548620052607 0 0 0 0
0 0 0 0 0 -0.7344967292750965 -0.7500361284660537 -0.7633349405411408 -0.7744558434281256 -0.7832051895212633 -0.7900411077776693 -0.7950913277938931 -0.7986913072266397 -0.8011953029286218 -0.8028010084017676 -0.8036836977842257 -0.8039658713867485 -0.8036836977842257 -0.8028010084017676 -0.8011953029286218 -0.7986913072266397 -0.7950913277938931 -0.7900411077776693 -0.7832051895212633 -0.7744558434281256 -0.7633349405411408 -0.7500361284660537 -0.7344967292750965 0 0 0 0 0
0 0 0 0 0 -0.724693923531001 -0.7404036061563086 -0.7543617790703145 -0.7660242070968756 -0.7756830518824017 -0.7832051895212633 -0.7890436860677981 -0.7933377734965374 -0.7963461127891444 -0.7983158034838039 -0.799427549500729 -0.7997958401619465 -0.799427549500729 -0.7983158034838039 -0.7963461127891444 -0.7933377734965374 -0.7890436860677981 -0.7832051895212633 -0.7756830518824017 -0.7660242070968756 -0.7543617790703145 -0.7404036061563086 -0.724693923531001 0 0 0 0 0
0 0 0 0 0 0 -0.729244062081198 -0.7433527642055118 -0.7557813117598612 -0.7660242070968756 -0.7744558434281256 -0.7809796844080535 -0.7859215623547807 -0.7895459364419408 -0.7919560309485154 -0.7933377734965374 -0.7937875638488517 -0.7933377734965374 -0.7919560309485154 -0.7895459364419408 -0.7859215623547807 -0.7809796844080535 -0.7744558434281256 -0.7660242070968756 -0.7557813117598612 -0.7433527642055118 -0.729244062081198 0 0 0 0 0 0
0 0 0 0 0 0 0 -0.7307514947311073 -0.7433527642055118 -0.7543617790703145 -0.7633349405411408 -0.7706559481363083 -0.7762904934432648 -0.7804125025286648 -0.7832051895212626 -0.7848390199392076 -0.7853837694397502 -0.7848390199392076 -0.7832051895212626 -0.7804125025286648 -0.7762904934432648 -0.7706559481363083 -0.7633349405411408 -0.7543617790703145 -0.7433527642055118 -0.7307514947311073 0 0 0 0 0 0 0
0 0 0 0 0 0 0 0 -0.729244062081198 -0.7404036061563086 -0.7500361284660537 -0.757884210136307 -0.764002120864532 -0.7686941288785948 -0.7719435292135837 -0.7738362041271825 -0.7744558434281256 -0.7738362041271825 -0.7719435292135837 -0.7686941288785948 -0.764002120864532 -0.757884210136307 -0.7500361284660537 -0.7404036061563086 -0.729244062081198 0 0 0 0 0 0 0 0
0 0 0 0 0 0 0 0 0 -0.724693923531001 -0.7344967292750965 -0.7425967160676212 -0.7493060773710926 -0.7543617790703145 -0.7578842101363071 -0.7599508962761247 -0.7606339111108313 -0.7599508962761247 -0.7578842101363071 -0.7543617790703145 -0.7493060773710926 -0.7425967160676212 -0.7344967292750965 -0.724693923531001 0 0 0 0 0 0 0 0 0
0 0 0 0 0 0 0 0 0 0 0 -0.7254548620052607 -0.7322537266121457 -0.7374666001838381 -0.7411336045250075 -0.7433527642055118 -0.7441064649680867 -0.7433527642055118 -0.7411336045250075 -0.7374666001838381 -0.7322537266121457 -0.7254548620052607 0 0 0 0 0 0 0 0 0 0 0
0 0 0 0 0 0 0 0 0 0 0 0 0 0 -0.7224063281706357 -0.7246939235310008 -0.7254548620052608 -0.7246939235310008 -0.7224063281706357 0 0 0 0 0 0 0 0 0 0 0 0 0 0
0 0 0 0 0 0 0 0 0 0 0 0 0 0 0 0 0 0 0 0 0 0 0 0 0 0 0 0 0 0 0 0 0
0 0 0 0 0 0 0 0 0 0 0 0 0 0 0 0 0 0 0 0 0 0 0 0 0 0 0 0 0 0 0 0 0
0 0 0 0 0 0 0 0 0 0 0 0 0 0 0 0 0 0 0 0 0 0 0 0 0 0 0 0 0 0 0 0 0
0 0 0 0 0 0 0 0 -0.2086899801872987 -0.3040567323676546 -0.3888234381592255 -0.4585558188836193 -0.5117747058545388 -0.5496911459596299 -0.5746113770466065 -0.5886599120157883 -0.5931926197681664 -0.5886599120157883 -0.5746113770466065 -0.5496911459596299 -0.5117747058545388 -0.4585558188836193 -0.3888234381592255 -0.3040567323676546 -0.2086899801872987 0 0 0 0 0 0 0 0
0 0 0 0 0 0 -0.1775539827417465 -0.2974135035743153 -0.4081784324713702 -0.5003428914924463 -0.5697752716966169 -0.6188140108660561 -0.6523627240028581 -0.6785253891458327 -0.6897454833474559 -0.6979046035075404 -0.7005423665175461 -0.6979046035075404 -0.6897454833474559 -0.6785253891458327 -0.6523627240028581 -0.6188140108660561 -0.5697752716966169 -0.5003428914924463 -0.4081784324713702 -0.2974135035743153 -0.1775539827417465 0 0 0 0 0 0
0 0 0 0 0 -0.2270634010498466 -0.3635563492773181 -0.4827584498761318 -0.5746113770466065 -0.6381200681550437 -0.6811479067919841 -0.7109332347130712 -0.7342043758574524 -0.7502602515909201 -0.7611744810476675 -0.7671580191285357 -0.769127736414896 -0.7671580191285357 -0.7611744810476675 -0.7502602515909201 -0.7342043758574524 -0.7109332347130712 -0.6811479067919841 -0.6381200681550437 -0.5746113770466065 -0.4827584498761318 -0.3635563492773181 -0.2270634010498466 0 0 0 0 0
0 0 0 0 -0.2521998690182692 -0.4017512634839539 -0.5284413230608773 -0.6188140108660548 -0.6781698196840829 -0.71921442480761 -0.7502602515909196 -0.7730302276579497 -0.7909009906666454 -0.8035955237605136 -0.8123039355605284 -0.8173349958231994 -0.8189347354258294 -0.8173349958231994 -0.8123039355605284 -0.8035955237605136 -0.7909009906666454 -0.7730302276579497 -0.7502602515909196 -0.71921442480761 -0.6781698196840829 -0.6188140108660548 -0.5284413230608773 -0.4017512634839539 -0.2521998690182692 0 0 0 0
0 0 0 -0.2521998690182692 -0.414591763323708 -0.5496911459596322 -0.6417635377211913 -0.7005423665175452 -0.7434952839443981 -0.7749630945603098 -0.8000289078252392 -0.818934735425829 -0.83302819937426 -0.8434899836052488 -0.8504950193831807 -0.8545608953991118 -0.8558734328644177 -0.8545608953991118 -0.8504950193831807 -0.8434899836052488 -0.83302819937426 -0.818934735425829 -0.8000289078252392 -0.7749630945603098 -0.7434952839443981 -0.7005423665175452 -0.6417635377211913 -0.5496911459596322 -0.414591763323708 -0.2521998690182692 0 0 0
0 0 -0.2270634010498466 -0.4017512634839539 -0.5496911459596322 -0.6488708701696325 -0.7109332347130712 -0.7568750653894185 -0.7909009906666454 -0.8173349958231989 -0.8376797176449613 -0.8532170066655862 -0.8645281677056256 -0.8726124865093787 -0.8780560366431657 -0.8811813545714597 -0.8821995300279292 -0.8811813545714597 -0.8780560366431657 -0.8726124865093787 -0.8645281677056256 -0.8532170066655862 -0.8376797176449613 -0.8173349958231989 -0.7909009906666454 -0.7568750653894185 -0.7109332347130712 -0.6488708701696325 -0.5496911459596322 -0.4017512634839539 -0.2270634010498466 0 0
0 -0.1775539827417465 -0.3635563492773181 -0.5284413230608773 -0.6417635377211913 -0.7109332347130712 -0.7611744810476671 -0.7982275646851904 -0.8267707871293702 -0.849116896179426 -0.8657207650943312 -0.8780560366431658 -0.8869180108627949 -0.8929928194282709 -0.8968354416330639 -0.8990047547283148 -0.8997091698433819 -0.8990047547283148 -0.8968354416330639 -0.8929928194282709 -0.8869180108627949 -0.8780560366431658 -0.8657207650943312 -0.849116896179426 -0.8267707871293702 -0.7982275646851904 -0.7611744810476671 -0.7109332347130712 -0.6417635377211913 -0.5284413230608773 -0.3635563492773181 -0.1775539827417465 0
0 -0.2974135035743153 -0.4827584498761318 -0.6188140108660548 -0.7005423665175452 -0.7568750653894185 -0.7982275646851904 -0.8298596965632397 -0.8545608953991118 -0.8726124865093787 -0.8859981952399165 -0.8953322907119428 -0.9017022813103281 -0.9059207076080023 -0.9084375283776857 -0.9098061516121343 -0.9102270682453394 -0.9098061516121343 -0.9084375283776857 -0.9059207076080023 -0.9017022813103281 -0.8953322907119428 -0.8859981952399165 -0.8726124865093787 -0.8545608953991118 -0.8298596965632397 -0.7982275646851904 -0.7568750653894185 -0.7005423665175452 -0.6188140108660548 -0.4827584498761318 -0.2974135035743153 0
-0.2086899801872987 -0.4081784324713702 -0.5746113770466065 -0.6781698196840829 -0.7434952839443981 -0.7909009906666454 -0.8267707871293702 -0.8545608953991118 -0.8748249760079693 -0.8896083936234084 -0.8997091698433819 -0.9064474781976465 -0.9106210282322115 -0.9130540862491535 -0.9143239818605965 -0.9149534650198629 -0.9151182665875661 -0.9149534650198629 -0.9143239818605965 -0.9130540862491535 -0.9106210282322115 -0.9064474781976465 -0.8997091698433819 -0.8896083936234084 -0.8748249760079693 -0.8545608953991118 -0.8267707871293702 -0.7909009906666454 -0.7434952839443981 -0.6781698196840829 -0.5746113770466065 -0.4081784324713702 -0.2086899801872987
-0.3040567323676546 -0.5003428914924463 -0.6381200681550437 -0.71921442480761 -0.7749630945603098 -0.8173349958231989 -0.849116896179426 -0.8726124865093787 -0.8896083936234084 -0.9010501404867199 -0.9084375283776863 -0.9127415715190571 -0.9149534650198629 -0.9158601805264717 -0.9160639998049588 -0.9160290801615149 -0.9159818671959259 -0.9160290801615149 -0.9160639998049588 -0.9158601805264717 -0.9149534650198629 -0.9127415715190571 -0.9084375283776863 -0.9010501404867199 -0.8896083936234084 -0.8726124865093787 -0.849116896179426 -0.8173349958231989 -0.7749630945603098 -0.71921442480761 -0.6381200681550437 -0.5003428914924463 -0.3040567323676546
-0.3888234381592255 -0.5697752716966169 -0.6811479067919841 -0.7502602515909196 -0.8000289078252392 -0.8376797176449613 -0.8657207650943312 -0.8859981952399165 -0.8997091698433819 -0.9084375283776863 -0.9133308743253392 -0.9155423736732808 -0.9160688226768858 -0.9156789923682738 -0.9149764825919243 -0.9143943071183092 -0.91417128929019 -0.9143943071183092 -0.9149764825919243 -0.9156789923682738 -0.9160688226768858 -0.9155423736732808 -0.9133308743253392 -0.9084375283776863 -0.8997091698433819 -0.8859981952399165 -0.8657207650943312 -0.8376797176449613 -0.8000289078252392 -0.7502602515909196 -0.6811479067919841 -0.5697752716966169 -0.3888234381592255
-0.4585558188836193 -0.6188140108660561 -0.7109332347130712 -0.7730302276579497 -0.818934735425829 -0.8532170066655862 -0.8780560366431658 -0.8953322907119428 -0.9064474781976465 -0.9127415715190571 -0.9155423736732808 -0.9160290801615156 -0.9151412037813675 -0.9136777722159717 -0.9121883838428959 -0.9111332126132143 -0.9107561350440011 -0.9111332126132143 -0.9121883838428959 -0.9136777722159717 -0.9151412037813675 -0.9160290801615156 -0.9155423736732808 -0.9127415715190571 -0.9064474781976465 -0.8953322907119428 -0.8780560366431658 -0.8532170066655862 -0.818934735425829 -0.7730302276579497 -0.7109332347130712 -0.6188140108660561 -0.4585558188836193
-0.5117747058545388 -0.6523627240028581 -0.7342043758574524 -0.7909009906666454 -0.83302819937426 -0.8645281677056256 -0.8869180108627949 -0.9017022813103281 -0.9106210282322115 -0.9149534650198629 -0.9160688226768858 -0.9151412037813675 -0.9131224124962517 -0.9107561350440011 -0.9086760299025457 -0.9072725216821287 -0.906781521120819 -0.9072725216821287 -0.9086760299025457 -0.9107561350440011 -0.9131224124962517 -0.9151412037813675 -0.9160688226768858 -0.9149534650198629 -0.9106210282322115 -0.9017022813103281 -0.8869180108627949 -0.8645281677056256 -0.83302819937426 -0.7909009906666454 -0.7342043758574524 -0.6523627240028581 -0.5117747058545388
-0.5496911459596299 -0.6785253891458327 -0.7502602515909201 -0.8035955237605136 -0.8434899836052488 -0.8726124865093787 -0.8929928194282709 -0.9059207076080023 -0.9130540862491535 -0.9158601805264717 -0.9156789923682738 -0.9136777722159717 -0.9107561350440011 -0.9077528344494149 -0.9052284804322868 -0.9035661004968145 -0.9029883198719253 -0.9035661004968145 -0.9052284804322868 -0.9077528344494149 -0.9107561350440011 -0.9136777722159717 -0.9156789923682738 -0.9158601805264717 -0.9130540862491535 -0.9059207076080023 -0.8929928194282709 -0.8726124865093787 -0.8434899836052488 -0.8035955237605136 -0.7502602515909201 -0.6785253891458327 -0.5496911459596299
-0.5746113770466065 -0.6897454833474559 -0.7611744810476675 -0.8123039355605284 -0.8504950193831807 -0.8780560366431657 -0.8968354416330639 -0.9084375283776857 -0.9143239818605965 -0.9160639998049588 -0.9149764825919243 -0.9121883838428959 -0.9086760299025457 -0.9052284804322868 -0.9023973909117512 -0.900556647264855 -0.8999088846651054 -0.900556647264855 -0.9023973909117512 -0.9052284804322868 -0.9086760299025457 -0.9121883838428959 -0.9149764825919243 -0.9160639998049588 -0.9143239818605965 -0.9084375283776857 -0.8968354416330639 -0.8780560366431657 -0.8504950193831807 -0.8123039355605284 -0.7611744810476675 -0.6897454833474559 -0.5746113770466065
-0.5886599120157883 -0.6979046035075404 -0.7671580191285357 -0.8173349958231994 -0.8545608953991118 -0.8811813545714597 -0.8990047547283148 -0.9098061516121343 -0.9149534650198629 -0.9160290801615149 -0.9143943071183092 -0.9111332126132143 -0.9072725216821287 -0.9035661004968145 -0.900556647264855 -0.8985620815933449 -0.8978707703036726 -0.8985620815933449 -0.900556647264855 -0.9035661004968145 -0.9072725216821287 -0.9111332126132143 -0.9143943071183092 -0.9160290801615149 -0.9149534650198629 -0.9098061516121343 -0.8990047547283148 -0.8811813545714597 -0.8545608953991118 -0.8173349958231994 -0.7671580191285357 -0.6979046035075404 -0.5886599120157883
-0.5931926197681664 -0.7005423665175461 -0.769127736414896 -0.8189347354258294 -0.8558734328644177 -0.8821995300279292 -0.8997091698433819 -0.9102270682453394 -0.9151182665875661 -0.9159818671959259 -0.91417128929019 -0.9107561350440011 -0.906781521120819 -0.9029883198719253 -0.8999088846651054 -0.8978707703036726 -0.8971645481785293 -0.8978707703036726 -0.8999088846651054 -0.9029883198719253 -0.906781521120819 -0.9107561350440011 -0.91417128929019 -0.9159818671959259 -0.9151182665875661 -0.9102270682453394 -0.8997091698433819 -0.8821995300279292 -0.8558734328644177 -0.8189347354258294 -0.769127736414896 -0.7005423665175461 -0.5931926197681664
-0.5886599120157883 -0.6979046035075404 -0.7671580191285357 -0.8173349958231994 -0.8545608953991118 -0.8811813545714597 -0.8990047547283148 -0.9098061516121343 -0.9149534650198629 -0.9160290801615149 -0.9143943071183092 -0.9111332126132143 -0.9072725216821287 -0.9035661004968145 -0.900556647264855 -0.8985620815933449 -0.8978707703036726 -0.8985620815933449 -0.900556647264855 -0.9035661004968145 -0.9072725216821287 -0.9111332126132143 -0.9143943071183092 -0.9160290801615149 -0.9149534650198629 -0.9098061516121343 -0.8990047547283148 -0.8811813545714597 -0.8545608953991118 -0.8173349958231994 -0.7671580191285357 -0.6979046035075404 -0.5886599120157883
-0.5746113770466065 -0.6897454833474559 -0.7611744810476675 -0.8123039355605284 -0.8504950193831807 -0.8780560366431657 -0.8968354416330639 -0.9084375283776857 -0.9143239818605965 -0.9160639998049588 -0.9149764825919243 -0.9121883838428959 -0.9086760299025457 -0.9052284804322868 -0.9023973909117512 -0.900556647264855 -0.8999088846651054 -0.900556647264855 -0.9023973909117512 -0.9052284804322868 -0.9086760299025457 -0.9121883838428959 -0.9149764825919243 -0.9160639998049588 -0.9143239818605965 -0.9084375283776857 -0.8968354416330639 -0.8780560366431657 -0.8504950193831807 -0.8123039355605284 -0.7611744810476675 -0.6897454833474559 -0.5746113770466065
-0.5496911459596299 -0.6785253891458327 -0.7502602515909201 -0.8035955237605136 -0.8434899836052488 -0.8726124865093787 -0.8929928194282709 -0.9059207076080023 -0.9130540862491535 -0.9158601805264717 -0.9156789923682738 -0.9136777722159717 -0.9107561350440011 -0.9077528344494149 -0.9052284804322868 -0.9035661004968145 -0.9029883198719253 -0.9035661004968145 -0.9052284804322868 -0.9077528344494149 -0.9107561350440011 -0.9136777722159717 -0.9156789923682738 -0.9158601805264717 -0.9130540862491535 -0.9059207076080023 -0.8929928194282709 -0.8726124865093787 -0.8434899836052488 -0.8035955237605136 -0.7502602515909201 -0.6785253891458327 -0.5496911459596299
-0.5117747058545388 -0.6523627240028581 -0.7342043758574524 -0.7909009906666454 -0.83302819937426 -0.8645281677056256 -0.8869180108627949 -0.9017022813103281 -0.9106210282322115 -0.9149534650198629 -0.9160688226768858 -0.9151412037813675 -0.9131224124962517 -0.9107561350440011 -0.9086760299025457 -0.9072725216821287 -0.906781521120819 -0.9072725216821287 -0.9086760299025457 -0.9107561350440011 -0.9131224124962517 -0.9151412037813675 -0.9160688226768858 -0.9149534650198629 -0.9106210282322115 -0.9017022813103281 -0.8869180108627949 -0.8645281677056256 -0.83302819937426 -0.7909009906666454 -0.7342043758574524 -0.6523627240028581 -0.5117747058545388
-0.4585558188836193 -0.6188140108660561 -0.7109332347130712 -0.7730302276579497 -0.818934735425829 -0.8532170066655862 -0.8780560366431658 -0.8953322907119428 -0.9064474781976465 -0.9127415715190571 -0.9155423736732808 -0.9160290801615156 -0.9151412037813675 -0.9136777722159717 -0.9121883838428959 -0.9111332126132143 -0.9107561350440011 -0.9111332126132143 -0.9121883838428959 -0.9136777722159717 -0.9151412037813675 -0.9160290801615156 -0.9155423736732808 -0.9127415715190571 -0.9064474781976465 -0.8953322907119428 -0.8780560366431658 -0.8532170066655862 -0.818934735425829 -0.7730302276579497 -0.7109332347130712 -0.6188140108660561 -0.4585558188836193
-0.3888234381592255 -0.5697752716966169 -0.6811479067919841 -0.7502602515909196 -0.8000289078252392 -0.8376797176449613 -0.8657207650943312 -0.8859981952399165 -0.8997091698433819 -0.9084375283776863 -0.9133308743253392 -0.9155423736732808 -0.9160688226768858 -0.9156789923682738 -0.9149764825919243 -0.9143943071183092 -0.91417128929019 -0.9143943071183092 -0.9149764825919243 -0.9156789923682738 -0.9160688226768858 -0.9155423736732808 -0.9133308743253392 -0.9084375283776863 -0.8997091698433819 -0.8859981952399165 -0.8657207650943312 -0.8376797176449613 -0.8000289078252392 -0.7502602515909196 -0.6811479067919841 -0.5697752716966169 -0.3888234381592255
-0.3040567323676546 -0.5003428914924463 -0.6381200681550437 -0.71921442480761 -0.7749630945603098 -0.8173349958231989 -0.849116896179426 -0.8726124865093787 -0.8896083936234084 -0.9010501404867199 -0.9084375283776863 -0.9127415715190571 -0.9149534650198629 -0.9158601805264717 -0.9160639998049588 -0.9160290801615149 -0.9159818671959259 -0.9160290801615149 -0.9160639998049588 -0.9158601805264717 -0.9149534650198629 -0.9127415715190571 -0.9084375283776863 -0.9010501404867199 -0.8896083936234084 -0.8726124865093787 -0.849116896179426 -0.8173349958231989 -0.7749630945603098 -0.71921442480761 -0.6381200681550437 -0.5003428914924463 -0.3040567323676546
-0.2086899801872987 -0.4081784324713702 -0.5746113770466065 -0.6781698196840829 -0.7434952839443981 -0.7909009906666454 -0.8267707871293702 -0.8545608953991118 -0.8748249760079693 -0.8896083936234084 -0.8997091698433819 -0.9064474781976465 -0.9106210282322115 -0.9130540862491535 -0.9143239818605965 -0.9149534650198629 -0.9151182665875661 -0.9149534650198629 -0.9143239818605965 -0.9130540862491535 -0.9106210282322115 -0.9064474781976465 -0.8997091698433819 -0.8896083936234084 -0.8748249760079693 -0.8545608953991118 -0.8267707871293702 -0.7909009906666454 -0.7434952839443981 -0.6781698196840829 -0.5746113770466065 -0.4081784324713702 -0.2086899801872987
0 -0.2974135035743153 -0.4827584498761318 -0.6188140108660548 -0.7005423665175452 -0.7568750653894185 -0.7982275646851904 -0.8298596965632397 -0.8545608953991118 -0.8726124865093787 -0.8859981952399165 -0.8953322907119428 -0.9017022813103281 -0.9059207076080023 -0.9084375283776857 -0.9098061516121343 -0.9102270682453394 -0.9098061516121343 -0.9084375283776857 -0.9059207076080023 -0.9017022813103281 -0.8953322907119428 -0.8859981952399165 -0.8726124865093787 -0.8545608953991118 -0.8298596965632397 -0.7982275646851904 -0.7568750653894185 -0.7005423665175452 -0.6188140108660548 -0.4827584498761318 -0.2974135035743153 0
0 -0.1775539827417465 -0.3635563492773181 -0.5284413230608773 -0.6417635377211913 -0.7109332347130712 -0.7611744810476671 -0.7982275646851904 -0.8267707871293702 -0.849116896179426 -0.8657207650943312 -0.8780560366431658 -0.8869180108627949 -0.8929928194282709 -0.8968354416330639 -0.8990047547283148 -0.8997091698433819 -0.8990047547283148 -0.8968354416330639 -0.8929928194282709 -0.8869180108627949 -0.8780560366431658 -0.8657207650943312 -0.849116896179426 -0.8267707871293702 -0.7982275646851904 -0.7611744810476671 -0.7109332347130712 -0.6417635377211913 -0.5284413230608773 -0.3635563492773181 -0.1775539827417465 0
0 0 -0.2270634010498466 -0.4017512634839539 -0.5496911459596322 -0.6488708701696325 -0.7109332347130712 -0.7568750653894185 -0.7909009906666454 -0.8173349958231989 -0.8376797176449613 -0.8532170066655862 -0.8645281677056256 -0.8726124865093787 -0.8780560366431657 -0.8811813545714597 -0.8821995300279292 -0.8811813545714597 -0.8780560366431657 -0.8726124865093787 -0.8645281677056256 -0.8532170066655862 -0.8376797176449613 -0.8173349958231989 -0.7909009906666454 -0.7568750653894185 -0.7109332347130712 -0.6488708701696325 -0.5496911459596322 -0.4017512634839539 -0.2270634010498466 0 0
0 0 0 -0.2521998690182692 -0.414591763323708 -0.5496911459596322 -0.6417635377211913 -0.7005423665175452 -0.7434952839443981 -0.7749630945603098 -0.8000289078252392 -0.818934735425829 -0.83302819937426 -0.8434899836052488 -0.8504950193831807 -0.8545608953991118 -0.8558734328644177 -0.8545608953991118 -0.8504950193831807 -0.8434899836052488 -0.83302819937426 -0.818934735425829 -0.8000289078252392 -0.7749630945603098 -0.7434952839443981 -0.7005423665175452 -0.6417635377211913 -0.5496911459596322 -0.414591763323708 -0.2521998690182692 0 0 0
0 0 0 0 -0.2521998690182692 -0.4017512634839539 -0.5284413230608773 -0.6188140108660548 -0.6781698196840829 -0.71921442480761 -0.7502602515909196 -0.7730302276579497 -0.7909009906666454 -0.8035955237605136 -0.8123039355605284 -0.8173349958231994 -0.8189347354258294 -0.8173349958231994 -0.8123039355605284 -0.8035955237605136 -0.7909009906666454 -0.7730302276579497 -0.7502602515909196 -0.71921442480761 -0.6781698196840829 -0.6188140108660548 -0.5284413230608773 -0.4017512634839539 -0.2521998690182692 0 0 0 0
0 0 0 0 0 -0.2270634010498466 -0.3635563492773181 -0.4827584498761318 -0.5746113770466065 -0.6381200681550437 -0.6811479067919841 -0.7109332347130712 -0.7342043758574524 -0.7502602515909201 -0.7611744810476675 -0.7671580191285357 -0.769127736414896 -0.7671580191285357 -0.7611744810476675 -0.7502602515909201 -0.7342043758574524 -0.7109332347130712 -0.6811479067919841 -0.6381200681550437 -0.5746113770466065 -0.4827584498761318 -0.3635563492773181 -0.2270634010498466 0 0 0 0 0
0 0 0 0 0 0 -0.1775539827417465 -0.2974135035743153 -0.4081784324713702 -0.5003428914924463 -0.5697752716966169 -0.6188140108660561 -0.6523627240028581 -0.6785253891458327 -0.6897454833474559 -0.6979046035075404 -0.7005423665175461 -0.6979046035075404 -0.6897454833474559 -0.6785253891458327 -0.6523627240028581 -0.6188140108660561 -0.5697752716966169 -0.5003428914924463 -0.4081784324713702 -0.2974135035743153 -0.1775539827417465 0 0 0 0 0 0
0 0 0 0 0 0 0 0 -0.2086899801872987 -0.3040567323676546 -0.3888234381592255 -0.4585558188836193 -0.5117747058545388 -0.5496911459596299 -0.5746113770466065 -0.5886599120157883 -0.5931926197681664 -0.5886599120157883 -0.5746113770466065 -0.5496911459596299 -0.5117747058545388 -0.4585558188836193 -0.3888234381592255 -0.3040567323676546 -0.2086899801872987 0 0 0 0 0 0 0 0
0 0 0 0 0 0 -0.338206472072661 -0.4275361916482419 -0.5066012322972888 -0.5751258154291045 -0.6331255347071449 -0.6810484818173663 -0.7190540609619851 -0.748015241632523 -0.7680811897733884 -0.7801199109853323 -0.7840599185681617 -0.7801199109853323 -0.7680811897733884 -0.748015241632523 -0.7190540609619851 -0.6810484818173663 -0.6331255347071449 -0.5751258154291045 -0.5066012322972888 -0.4275361916482419 -0.338206472072661 0 0 0 0 0 0
0 0 0 0 0 -0.3852966792292006 -0.4834224079398907 -0.5705842038096688 -0.6464060829466889 -0.7107745271044615 -0.764126494736603 -0.8072766325464087 -0.8410431086978926 -0.8661756430141211 -0.8835129790351246 -0.8936594299202715 -0.8969981058773555 -0.8936594299202715 -0.8835129790351246 -0.8661756430141211 -0.8410431086978926 -0.8072766325464087 -0.764126494736603 -0.7107745271044615 -0.6464060829466889 -0.5705842038096688 -0.4834224079398907 -0.3852966792292006 0 0 0 0 0
0 0 0 0 -0.4134545041852608 -0.5204073904429126 -0.6155171199487461 -0.6981106748109153 -0.7680811897733884 -0.8262162992263564 -0.8731734653015126 -0.9101304397151875 -0.9383382436258252 -0.9589411950130905 -0.9729130857439499 -0.9809916060126438 -0.9836319264852041 -0.9809916060126438 -0.9729130857439499 -0.9589411950130905 -0.9383382436258252 -0.9101304397151875 -0.8731734653015126 -0.8262162992263564 -0.7680811897733884 -0.6981106748109153 -0.6155171199487461 -0.5204073904429126 -0.4134545041852608 0 0 0 0
0 0 0 -0.42285414713848 -0.5387059459789052 -0.6419970483887651 -0.7316115709299612 -0.8072766325464091 -0.8696849759640023 -0.9197425150756174 -0.958941195013096 -0.9888356249741622 -1.010938816820678 -1.026611126428327 -1.03692710642937 -1.042778935466418 -1.044692880032956 -1.042778935466418 -1.03692710642937 -1.026611126428327 -1.010938816820678 -0.9888356249741622 -0.958941195013096 -0.9197425150756174 -0.8696849759640023 -0.8072766325464091 -0.7316115709299612 -0.6419970483887651 -0.5387059459789052 -0.42285414713848 0 0 0
0 0 -0.4134545041852608 -0.5387059459789052 -0.6507868080203735 -0.7480152416325234 -0.8299775089628458 -0.8969981058773498 -0.9502580007082549 -0.9913988003726312 -1.02227083176182 -1.044692880032955 -1.060575043739715 -1.071393613854452 -1.077928944908611 -1.081584133949081 -1.082762971343243 -1.081584133949081 -1.077928944908611 -1.071393613854452 -1.060575043739715 -1.044692880032955 -1.02227083176182 -0.9913988003726312 -0.9502580007082549 -0.8969981058773498 -0.8299775089628458 -0.7480152416325234 -0.6507868080203735 -0.5387059459789052 -0.4134545041852608 0 0
0 -0.3852966792292006 -0.5204073904429126 -0.6419970483887651 -0.7480152416325234 -0.8373737803096812 -0.9101304397151875 -0.9673999646270787 -1.010938816820678 -1.042778935466417 -1.065353085421268 -1.080385494472275 -1.090037903661882 -1.095999253422874 -1.099216222737699 -1.10084030577835 -1.10131776835093 -1.10084030577835 -1.099216222737699 -1.095999253422874 -1.090037903661882 -1.080385494472275 -1.065353085421268 -1.042778935466417 -1.010938816820678 -0.9673999646270787 -0.9101304397151875 -0.8373737803096812 -0.7480152416325234 -0.6419970483887651 -0.5204073904429126 -0.3852966792292006 0
-0.338206472072661 -0.4834224079398907 -0.6155171199487461 -0.7316115709299612 -0.8299775089628458 -0.9101304397151875 -0.9729130857439433 -1.0200601403277 -1.053932657318689 -1.076671104192007 -1.090957015562567 -1.099216222737702 -1.103033294156006 -1.104376881134236 -1.104439763881273 -1.10419699334015 -1.104018983160276 -1.10419699334015 -1.104439763881273 -1.104376881134236 -1.103033294156006 -1.099216222737702 -1.090957015562567 -1.076671104192007 -1.053932657318689 -1.0200601403277 -0.9729130857439433 -0.9101304397151875 -0.8299775089628458 -0.7316115709299612 -0.6155171199487461 -0.4834224079398907 -0.338206472072661
-0.4275361916482419 -0.5705842038096688 -0.6981106748109153 -0.8072766325464091 -0.8969981058773498 -0.9673999646270787 -1.0200601403277 -1.057292485623894 -1.081584133949081 -1.095999253422874 -1.102741848821329 -1.104474381788989 -1.103367104921236 -1.100924701483943 -1.098192191985204 -1.096169516754761 -1.095455359910587 -1.096169516754761 -1.098192191985204 -1.100924701483943 -1.103367104921236 -1.104474381788989 -1.102741848821329 -1.095999253422874 -1.081584133949081 -1.057292485623894 -1.0200601403277 -0.9673999646270787 -0.8969981058773498 -0.8072766325464091 -0.6981106748109153 -0.5705842038096688 -0.4275361916482419
