17 -0.06 -0.0525 -0.045 -0.0375 -0.03 -0.0225 -0.015 -0.0075 0 0.0075 0.015 0.0225 0.03 0.0375 0.045 0.0525 0.06
17 -0.06 -0.0525 -0.045 -0.0375 -0.03 -0.0225 -0.015 -0.0075 0 0.0075 0.015 0.0225 0.03 0.0375 0.045 0.0525 0.06
61 0 0.025 0.05 0.07500000000000001 0.1 0.125 0.15 0.175 0.2 0.225 0.25 0.275 0.3 0.325 0.35 0.375 0.4 0.425 0.45 0.475 0.5 0.525 0.55 0.5750000000000001 0.6000000000000001 0.625 0.65 0.675 0.7000000000000001 0.7250000000000001 0.75 0.775 0.8 0.8250000000000001 0.8500000000000001 0.875 0.9 0.925 0.9500000000000001 0.9750000000000001 1 1.025 1.05 1.075 1.1 1.125 1.15 1.175 1.2 1.225 1.25 1.275 1.3 1.325 1.35 1.375 1.4 1.425 1.45 1.475 1.5
0 0 0 0 0 0 0 0 0 0 0 0 0 0 0 0 0
0 0 0 0 0 0 0 0 0 0 0 0 0 0 0 0 0
0 0 0 0 0 0 0 0 0 0 0 0 0 0 0 0 0
0 0 0 0 0 0 0 0 0 0 0 0 0 0 0 0 0
0 0 0 0 0 0 0 0 0 0 0 0 0 0 0 0 0
0 0 0 0 0 0 0 0 0 0 0 0 0 0 0 0 0
0 0 0 0 0 0 0 0 0 0 0 0 0 0 0 0 0
0 0 0 0 0 0 0 0 0 0 0 0 0 0 0 0 0
0 0 0 0 0 0 0 0 -0.7218659457443174 0 0 0 0 0 0 0 0
0 0 0 0 0 0 0 0 0 0 0 0 0 0 0 0 0
0 0 0 0 0 0 0 0 0 0 0 0 0 0 0 0 0
0 0 0 0 0 0 0 0 0 0 0 0 0 0 0 0 0
0 0 0 0 0 0 0 0 0 0 0 0 0 0 0 0 0
0 0 0 0 0 0 0 0 0 0 0 0 0 0 0 0 0
0 0 0 0 0 0 0 0 0 0 0 0 0 0 0 0 0
0 0 0 0 0 0 0 0 0 0 0 0 0 0 0 0 0
0 0 0 0 0 0 0 0 0 0 0 0 0 0 0 0 0
0 0 0 0 -0.2086899801872987 -0.3888234381592255 -0.5117747058545388 -0.5746113770466065 -0.5931926197681664 -0.5746113770466065 -0.5117747058545388 -0.3888234381592255 -0.2086899801872987 0 0 0 0
0 0 0 -0.3635563492773181 -0.5746113770466065 -0.6811479067919841 -0.7342043758574524 -0.7611744810476675 -0.769127736414896 -0.7611744810476675 -0.7342043758574524 -0.6811479067919841 -0.5746113770466065 -0.3635563492773181 0 0 0
0 0 -0.414591763323708 -0.6417635377211913 -0.7434952839443981 -0.8000289078252392 -0.83302819937426 -0.8504950193831807 -0.8558734328644177 -0.8504950193831807 -0.83302819937426 -0.8000289078252392 -0.7434952839443981 -0.6417635377211913 -0.414591763323708 0 0
0 -0.3635563492773181 -0.6417635377211913 -0.7611744810476671 -0.8267707871293702 -0.8657207650943312 -0.8869180108627949 -0.8968354416330639 -0.8997091698433819 -0.8968354416330639 -0.8869180108627949 -0.8657207650943312 -0.8267707871293702 -0.7611744810476671 -0.6417635377211913 -0.3635563492773181 0
-0.2086899801872987 -0.5746113770466065 -0.7434952839443981 -0.8267707871293702 -0.8748249760079693 -0.8997091698433819 -0.9106210282322115 -0.9143239818605965 -0.9151182665875661 -0.9143239818605965 -0.9106210282322115 -0.8997091698433819 -0.8748249760079693 -0.8267707871293702 -0.7434952839443981 -0.5746113770466065 -0.2086899801872987
-0.3888234381592255 -0.6811479067919841 -0.8000289078252392 -0.8657207650943312 -0.8997091698433819 -0.9133308743253392 -0.9160688226768858 -0.9149764825919243 -0.91417128929019 -0.9149764825919243 -0.9160688226768858 -0.9133308743253392 -0.8997091698433819 -0.8657207650943312 -0.8000289078252392 -0.6811479067919841 -0.3888234381592255
-0.5117747058545388 -0.7342043758574524 -0.83302819937426 -0.8869180108627949 -0.9106210282322115 -0.9160688226768858 -0.9131224124962517 -0.9086760299025457 -0.906781521120819 -0.9086760299025457 -0.9131224124962517 -0.9160688226768858 -0.9106210282322115 -0.8869180108627949 -0.83302819937426 -0.7342043758574524 -0.5117747058545388
-0.5746113770466065 -0.7611744810476675 -0.8504950193831807 -0.8968354416330639 -0.9143239818605965 -0.9149764825919243 -0.9086760299025457 -0.9023973909117512 -0.8999088846651054 -0.9023973909117512 -0.9086760299025457 -0.9149764825919243 -0.9143239818605965 -0.8968354416330639 -0.8504950193831807 -0.7611744810476675 -0.5746113770466065
-0.5931926197681664 -0.769127736414896 -0.8558734328644177 -0.8997091698433819 -0.9151182665875661 -0.91417128929019 -0.906781521120819 -0.8999088846651054 -0.8971645481785293 -0.8999088846651054 -0.906781521120819 -0.91417128929019 -0.9151182665875661 -0.8997091698433819 -0.8558734328644177 -0.769127736414896 -0.5931926197681664
-0.5746113770466065 -0.7611744810476675 -0.8504950193831807 -0.8968354416330639 -0.9143239818605965 -0.9149764825919243 -0.9086760299025457 -0.9023973909117512 -0.8999088846651054 -0.9023973909117512 -0.9086760299025457 -0.9149764825919243 -0.9143239818605965 -0.8968354416330639 -0.8504950193831807 -0.7611744810476675 -0.5746113770466065
-0.5117747058545388 -0.7342043758574524 -0.83302819937426 -0.8869180108627949 -0.9106210282322115 -0.9160688226768858 -0.9131224124962517 -0.9086760299025457 -0.906781521120819 -0.9086760299025457 -0.9131224124962517 -0.9160688226768858 -0.9106210282322115 -0.8869180108627949 -0.83302819937426 -0.7342043758574524 -0.5117747058545388
-0.3888234381592255 -0.6811479067919841 -0.8000289078252392 -0.8657207650943312 -0.8997091698433819 -0.9133308743253392 -0.9160688226768858 -0.9149764825919243 -0.91417128929019 -0.9149764825919243 -0.9160688226768858 -0.9133308743253392 -0.8997091698433819 -0.8657207650943312 -0.8000289078252392 -0.6811479067919841 -0.3888234381592255
-0.2086899801872987 -0.5746113770466065 -0.7434952839443981 -0.8267707871293702 -0.8748249760079693 -0.8997091698433819 -0.9106210282322115 -0.9143239818605965 -0.9151182665875661 -0.9143239818605965 -0.9106210282322115 -0.8997091698433819 -0.8748249760079693 -0.8267707871293702 -0.7434952839443981 -0.5746113770466065 -0.2086899801872987
0 -0.3635563492773181 -0.6417635377211913 -0.7611744810476671 -0.8267707871293702 -0.8657207650943312 -0.8869180108627949 -0.8968354416330639 -0.8997091698433819 -0.8968354416330639 -0.8869180108627949 -0.8657207650943312 -0.8267707871293702 -0.7611744810476671 -0.6417635377211913 -0.3635563492773181 0
0 0 -0.414591763323708 -0.6417635377211913 -0.7434952839443981 -0.8000289078252392 -0.83302819937426 -0.8504950193831807 -0.8558734328644177 -0.8504950193831807 -0.83302819937426 -0.8000289078252392 -0.7434952839443981 -0.6417635377211913 -0.414591763323708 0 0
0 0 0 -0.3635563492773181 -0.5746113770466065 -0.6811479067919841 -0.7342043758574524 -0.7611744810476675 -0.769127736414896 -0.7611744810476675 -0.7342043758574524 -0.6811479067919841 -0.5746113770466065 -0.3635563492773181 0 0 0
0 0 0 0 -0.2086899801872987 -0.3888234381592255 -0.5117747058545388 -0.5746113770466065 -0.5931926197681664 -0.5746113770466065 -0.5117747058545388 -0.3888234381592255 -0.2086899801872987 0 0 0 0
0 0 0 -0.757346054352357 -0.9706362225399707 -1.120005402227719 -1.217671054349779 -1.272567808223849 -1.290180055420497 -1.272567808223849 -1.217671054349779 -1.120005402227719 -0.9706362225399707 -0.757346054352357 0 0 0
0 -0.5247796153702132 -0.8550517813250217 -1.099573782800157 -1.272567808223849 -1.387311538597398 -1.454861021171943 -1.487538353867255 -1.49704204450674 -1.487538353867255 -1.454861021171943 -1.387311538597398 -1.272567808223849 -1.099573782800157 -0.8550517813250217 -0.5247796153702132 0
0 -0.8550517813250217 -1.14017655549145 -1.34067036724743 -1.466566774238115 -1.526685758252365 -1.542360738125227 -1.53910946296189 -1.535829758313989 -1.53910946296189 -1.542360738125227 -1.526685758252365 -1.466566774238115 -1.34067036724743 -1.14017655549145 -0.8550517813250217 0
-0.757346054352357 -1.099573782800157 -1.34067036724743 -1.48753835386724 -1.541281394138174 -1.525982257455736 -1.481979906026407 -1.444632621164232 -1.430631523718783 -1.444632621164232 -1.481979906026407 -1.525982257455736 -1.541281394138174 -1.48753835386724 -1.34067036724743 -1.099573782800157 -0.757346054352357
-0.9706362225399707 -1.272567808223849 -1.466566774238115 -1.541281394138174 -1.51187200372608 -1.430631523718783 -1.350418358789017 -1.296655216176636 -1.278313710005401 -1.296655216176636 -1.350418358789017 -1.430631523718783 -1.51187200372608 -1.541281394138174 -1.466566774238115 -1.272567808223849 -0.9706362225399707
-1.120005402227719 -1.387311538597398 -1.526685758252365 -1.525982257455736 -1.430631523718783 -1.31477771796008 -1.222763209913811 -1.1656725952474 -1.146952145361877 -1.1656725952474 -1.222763209913811 -1.31477771796008 -1.430631523718783 -1.525982257455736 -1.526685758252365 -1.387311538597398 -1.120005402227719
-1.217671054349779 -1.454861021171943 -1.542360738125227 -1.481979906026407 -1.350418358789017 -1.222763209913811 -1.128427674675024 -1.074255663496232 -1.056729646496612 -1.074255663496232 -1.128427674675024 -1.222763209913811 -1.350418358789017 -1.481979906026407 -1.542360738125227 -1.454861021171943 -1.217671054349779
-1.272567808223849 -1.487538353867255 -1.53910946296189 -1.444632621164232 -1.296655216176636 -1.1656725952474 -1.074255663496232 -1.022131351391613 -1.005206473644707 -1.022131351391613 -1.074255663496232 -1.1656725952474 -1.296655216176636 -1.444632621164232 -1.53910946296189 -1.487538353867255 -1.272567808223849
-1.290180055420497 -1.49704204450674 -1.535829758313989 -1.430631523718783 -1.278313710005401 -1.146952145361877 -1.056729646496612 -1.005206473644707 -0.9886363283830396 -1.005206473644707 -1.056729646496612 -1.146952145361877 -1.278313710005401 -1.430631523718783 -1.535829758313989 -1.49704204450674 -1.290180055420497
-1.272567808223849 -1.487538353867255 -1.53910946296189 -1.444632621164232 -1.296655216176636 -1.1656725952474 -1.074255663496232 -1.022131351391613 -1.005206473644707 -1.022131351391613 -1.074255663496232 -1.1656725952474 -1.296655216176636 -1.444632621164232 -1.53910946296189 -1.487538353867255 -1.272567808223849
-1.217671054349779 -1.454861021171943 -1.542360738125227 -1.481979906026407 -1.350418358789017 -1.222763209913811 -1.128427674675024 -1.074255663496232 -1.056729646496612 -1.074255663496232 -1.128427674675024 -1.222763209913811 -1.350418358789017 -1.481979906026407 -1.542360738125227 -1.454861021171943 -1.217671054349779
-1.120005402227719 -1.387311538597398 -1.526685758252365 -1.525982257455736 -1.430631523718783 -1.31477771796008 -1.222763209913811 -1.1656725952474 -1.146952145361877 -1.1656725952474 -1.222763209913811 -1.31477771796008 -1.430631523718783 -1.525982257455736 -1.526685758252365 -1.387311538597398 -1.120005402227719
-0.9706362225399707 -1.272567808223849 -1.466566774238115 -1.541281394138174 -1.51187200372608 -1.430631523718783 -1.350418358789017 -1.296655216176636 -1.278313710005401 -1.296655216176636 -1.350418358789017 -1.430631523718783 -1.51187200372608 -1.541281394138174 -1.466566774238115 -1.272567808223849 -0.9706362225399707
-0.757346054352357 -1.099573782800157 -1.34067036724743 -1.48753835386724 -1.541281394138174 -1.525982257455736 -1.481979906026407 -1.444632621164232 -1.430631523718783 -1.444632621164232 -1.481979906026407 -1.525982257455736 -1.541281394138174 -1.48753835386724 -1.34067036724743 -1.099573782800157 -0.757346054352357
0 -0.8550517813250217 -1.14017655549145 -1.34067036724743 -1.466566774238115 -1.526685758252365 -1.542360738125227 -1.53910946296189 -1.535829758313989 -1.53910946296189 -1.542360738125227 -1.526685758252365 -1.466566774238115 -1.34067036724743 -1.14017655549145 -0.8550517813250217 0
0 -0.5247796153702132 -0.8550517813250217 -1.099573782800157 -1.272567808223849 -1.387311538597398 -1.454861021171943 -1.487538353867255 -1.49704204450674 -1.487538353867255 -1.454861021171943 -1.387311538597398 -1.272567808223849 -1.099573782800157 -0.8550517813250217 -0.5247796153702132 0
0 0 0 -0.757346054352357 -0.9706362225399707 -1.120005402227719 -1.217671054349779 -1.272567808223849 -1.290180055420497 -1.272567808223849 -1.217671054349779 -1.120005402227719 -0.9706362225399707 -0.757346054352357 0 0 0
-3.192187546480167 -2.784873676098182 -2.320146734032942 -1.985084223108901 -1.785446752269663 -1.679268226514386 -1.63331306105641 -1.622997761714918 -1.622079235841736 -1.622997761714918 -1.63331306105641 -1.679268226514386 -1.785446752269663 -1.985084223108901 -2.320146734032942 -2.784873676098182 -3.192187546480167
-2.784873676098182 -2.253876544845526 -1.887020474067407 -1.691441360005692 -1.622997761714918 -1.690296170508951 0 0 0 0 0 -1.690296170508951 -1.622997761714918 -1.691441360005692 -1.887020474067407 -2.253876544845526 -2.784873676098182
-2.320146734032942 -1.887020474067407 -1.668528838575177 -1.635231330082871 0 0 0 0 0 0 0 0 0 -1.635231330082871 -1.668528838575177 -1.887020474067407 -2.320146734032942
-1.985084223108901 -1.691441360005692 -1.635231330082871 0 0 0 -1.033888016472742 -0.9944640320899745 -0.9890489346687793 -0.9944640320899745 -1.033888016472742 0 0 0 -1.635231330082871 -1.691441360005692 -1.985084223108901
-1.785446752269663 -1.622997761714918 0 0 0 -0.9890489346687793 -0.9519472448927113 -0.9223693911636868 -0.9120576193135753 -0.9223693911636868 -0.9519472448927113 -0.9890489346687793 0 0 0 -1.622997761714918 -1.785446752269663
-1.679268226514386 -1.690296170508951 0 0 -0.9890489346687793 -0.9325286769485622 -0.880856044127509 -0.8502449637273531 -0.8403040196248347 -0.8502449637273531 -0.880856044127509 -0.9325286769485622 -0.9890489346687793 0 0 -1.690296170508951 -1.679268226514386
-1.63331306105641 0 0 -1.033888016472742 -0.9519472448927113 -0.880856044127509 -0.8305211243110187 -0.8022045033935978 -0.7931253195234069 -0.8022045033935978 -0.8305211243110187 -0.880856044127509 -0.9519472448927113 -1.033888016472742 0 0 -1.63331306105641
-1.622997761714918 0 0 -0.9944640320899745 -0.9223693911636868 -0.8502449637273531 -0.8022045033935978 -0.7755164821534343 -0.7669858043800728 -0.7755164821534343 -0.8022045033935978 -0.8502449637273531 -0.9223693911636868 -0.9944640320899745 0 0 -1.622997761714918
-1.622079235841736 0 0 -0.9890489346687793 -0.9120576193135753 -0.8403040196248347 -0.7931253195234069 -0.7669858043800728 -0.7586355320131033 -0.7669858043800728 -0.7931253195234069 -0.8403040196248347 -0.9120576193135753 -0.9890489346687793 0 0 -1.622079235841736
-1.622997761714918 0 0 -0.9944640320899745 -0.9223693911636868 -0.8502449637273531 -0.8022045033935978 -0.7755164821534343 -0.7669858043800728 -0.7755164821534343 -0.8022045033935978 -0.8502449637273531 -0.9223693911636868 -0.9944640320899745 0 0 -1.622997761714918
-1.63331306105641 0 0 -1.033888016472742 -0.9519472448927113 -0.880856044127509 -0.8305211243110187 -0.8022045033935978 -0.7931253195234069 -0.8022045033935978 -0.8305211243110187 -0.880856044127509 -0.9519472448927113 -1.033888016472742 0 0 -1.63331306105641
-1.679268226514386 -1.690296170508951 0 0 -0.9890489346687793 -0.9325286769485622 -0.880856044127509 -0.8502449637273531 -0.8403040196248347 -0.8502449637273531 -0.880856044127509 -0.9325286769485622 -0.9890489346687793 0 0 -1.690296170508951 -1.679268226514386
-1.785446752269663 -1.622997761714918 0 0 0 -0.9890489346687793 -0.9519472448927113 -0.9223693911636868 -0.9120576193135753 -0.9223693911636868 -0.9519472448927113 -0.9890489346687793 0 0 0 -1.622997761714918 -1.785446752269663
-1.985084223108901 -1.691441360005692 -1.635231330082871 0 0 0 -1.033888016472742 -0.9944640320899745 -0.9890489346687793 -0.9944640320899745 -1.033888016472742 0 0 0 -1.635231330082871 -1.691441360005692 -1.985084223108901
-2.320146734032942 -1.887020474067407 -1.668528838575177 -1.635231330082871 0 0 0 0 0 0 0 0 0 -1.635231330082871 -1.668528838575177 -1.887020474067407 -2.320146734032942
-2.784873676098182 -2.253876544845526 -1.887020474067407 -1.691441360005692 -1.622997761714918 -1.690296170508951 0 0 0 0 0 -1.690296170508951 -1.622997761714918 -1.691441360005692 -1.887020474067407 -2.253876544845526 -2.784873676098182
-3.192187546480167 -2.784873676098182 -2.320146734032942 -1.985084223108901 -1.785446752269663 -1.679268226514386 -1.63331306105641 -1.622997761714918 -1.622079235841736 -1.622997761714918 -1.63331306105641 -1.679268226514386 -1.785446752269663 -1.985084223108901 -2.320146734032942 -2.784873676098182 -3.192187546480167
-0.9057079244146803 -0.8521893090644692 -0.7552674738799892 -0.6315774332853804 -0.500804838005207 -0.3794987259035017 -0.2820543684534514 -0.2193878443011397 -0.197834612007285 -0.2193878443011397 -0.2820543684534514 -0.3794987259035017 -0.500804838005207 -0.6315774332853804 -0.7552674738799892 -0.8521893090644692 -0.9057079244146803
-0.8521893090644692 -0.7357014504509647 -0.5766528978736619 -0.3978991700176429 -0.2193878443011397 -0.06192910483085364 0 0 0 0 0 -0.06192910483085364 -0.2193878443011397 -0.3978991700176429 -0.5766528978736619 -0.7357014504509647 -0.8521893090644692
-0.7552674738799892 -0.5766528978736619 -0.3607073536965935 -0.1312377973132625 0 0 0 0 0 0 0 0 0 -0.1312377973132625 -0.3607073536965935 -0.5766528978736619 -0.7552674738799892
-0.6315774332853804 -0.3978991700176429 -0.1312377973132625 0 0 0 0 -0.03387786124701746 -0.04748350872919138 -0.03387786124701746 0 0 0 0 -0.1312377973132625 -0.3978991700176429 -0.6315774332853804
-0.500804838005207 -0.2193878443011397 0 0 0 -0.04748350872919138 -0.1171461453545094 -0.1591317378164792 -0.1730015187676767 -0.1591317378164792 -0.1171461453545094 -0.04748350872919138 0 0 0 -0.2193878443011397 -0.500804838005207
-0.3794987259035017 -0.06192910483085364 0 0 -0.04748350872919138 -0.1451817860418342 -0.2138776652362884 -0.2530978428038972 -0.2656970278973643 -0.2530978428038972 -0.2138776652362884 -0.1451817860418342 -0.04748350872919138 0 0 -0.06192910483085364 -0.3794987259035017
-0.2820543684534514 0 0 0 -0.1171461453545094 -0.2138776652362884 -0.2780262384869863 -0.3132340609263701 -0.324332340974994 -0.3132340609263701 -0.2780262384869863 -0.2138776652362884 -0.1171461453545094 0 0 0 -0.2820543684534514
-0.2193878443011397 0 0 -0.03387786124701746 -0.1591317378164792 -0.2530978428038972 -0.3132340609263701 -0.3455118801268177 -0.3555795193486068 -0.3455118801268177 -0.3132340609263701 -0.2530978428038972 -0.1591317378164792 -0.03387786124701746 0 0 -0.2193878443011397
-0.197834612007285 0 0 -0.04748350872919138 -0.1730015187676767 -0.2656970278973643 -0.324332340974994 -0.3555795193486068 -0.365292903708768 -0.3555795193486068 -0.324332340974994 -0.2656970278973643 -0.1730015187676767 -0.04748350872919138 0 0 -0.197834612007285
-0.2193878443011397 0 0 -0.03387786124701746 -0.1591317378164792 -0.2530978428038972 -0.3132340609263701 -0.3455118801268177 -0.3555795193486068 -0.3455118801268177 -0.3132340609263701 -0.2530978428038972 -0.1591317378164792 -0.03387786124701746 0 0 -0.2193878443011397
-0.2820543684534514 0 0 0 -0.1171461453545094 -0.2138776652362884 -0.2780262384869863 -0.3132340609263701 -0.324332340974994 -0.3132340609263701 -0.2780262384869863 -0.2138776652362884 -0.1171461453545094 0 0 0 -0.2820543684534514
-0.3794987259035017 -0.06192910483085364 0 0 -0.04748350872919138 -0.1451817860418342 -0.2138776652362884 -0.2530978428038972 -0.2656970278973643 -0.2530978428038972 -0.2138776652362884 -0.1451817860418342 -0.04748350872919138 0 0 -0.06192910483085364 -0.3794987259035017
-0.500804838005207 -0.2193878443011397 0 0 0 -0.04748350872919138 -0.1171461453545094 -0.1591317378164792 -0.1730015187676767 -0.1591317378164792 -0.1171461453545094 -0.04748350872919138 0 0 0 -0.2193878443011397 -0.500804838005207
-0.6315774332853804 -0.3978991700176429 -0.1312377973132625 0 0 0 0 -0.03387786124701746 -0.04748350872919138 -0.03387786124701746 0 0 0 0 -0.1312377973132625 -0.3978991700176429 -0.6315774332853804
-0.7552674738799892 -0.5766528978736619 -0.3607073536965935 -0.1312377973132625 0 0 0 0 0 0 0 0 0 -0.1312377973132625 -0.3607073536965935 -0.5766528978736619 -0.7552674738799892
-0.8521893090644692 -0.7357014504509647 -0.5766528978736619 -0.3978991700176429 -0.2193878443011397 -0.06192910483085364 0 0 0 0 0 -0.06192910483085364 -0.2193878443011397 -0.3978991700176429 -0.5766528978736619 -0.7357014504509647 -0.8521893090644692
-0.9057079244146803 -0.8521893090644692 -0.7552674738799892 -0.6315774332853804 -0.500804838005207 -0.3794987259035017 -0.2820543684534514 -0.2193878443011397 -0.197834612007285 -0.2193878443011397 -0.2820543684534514 -0.3794987259035017 -0.500804838005207 -0.6315774332853804 -0.7552674738799892 -0.8521893090644692 -0.9057079244146803
-0.3575330682838042 -0.3267305372017678 -0.2816590865621241 -0.2285152239284517 -0.1743016822756138 -0.1254398552857602 -0.08706437384990282 -0.06271793922725528 -0.05439431898500584 -0.06271793922725528 -0.08706437384990282 -0.1254398552857602 -0.1743016822756138 -0.2285152239284517 -0.2816590865621241 -0.3267305372017678 -0.3575330682838042
-0.3267305372017678 -0.2730500491381434 -0.2056246912700683 -0.1327731168887727 -0.06271793922725528 0 0 0 0 0 0 0 -0.06271793922725528 -0.1327731168887727 -0.2056246912700683 -0.2730500491381434 -0.3267305372017678
-0.2816590865621241 -0.2056246912700683 -0.117989870579883 -0.02882348961445317 0 0 0 0 0 0 0 0 0 -0.02882348961445317 -0.117989870579883 -0.2056246912700683 -0.2816590865621241
-0.2285152239284517 -0.1327731168887727 -0.02882348961445317 0 0 0 0 0 0 0 0 0 0 0 -0.02882348961445317 -0.1327731168887727 -0.2285152239284517
-0.1743016822756138 -0.06271793922725528 0 0 0 0 -0.03044513051232346 -0.04545061865686066 -0.05057936406801548 -0.04545061865686066 -0.03044513051232346 0 0 0 0 -0.06271793922725528 -0.1743016822756138
-0.1254398552857602 0 0 0 0 -0.04038474592132866 -0.06635399007625133 -0.08264966581427864 -0.08819017776997347 -0.08264966581427864 -0.06635399007625133 -0.04038474592132866 0 0 0 0 -0.1254398552857602
-0.08706437384990282 0 0 0 -0.03044513051232346 -0.06635399007625133 -0.0937821556357909 -0.1108470689125005 -0.1166247349176629 -0.1108470689125005 -0.0937821556357909 -0.06635399007625133 -0.03044513051232346 0 0 0 -0.08706437384990282
-0.06271793922725528 0 0 0 -0.04545061865686066 -0.08264966581427864 -0.1108470689125005 -0.12830044515014 -0.1341935400495176 -0.12830044515014 -0.1108470689125005 -0.08264966581427864 -0.04545061865686066 0 0 0 -0.06271793922725528
-0.05439431898500584 0 0 0 -0.05057936406801548 -0.08819017776997347 -0.1166247349176629 -0.1341935400495176 -0.1401199968942441 -0.1341935400495176 -0.1166247349176629 -0.08819017776997347 -0.05057936406801548 0 0 0 -0.05439431898500584
-0.06271793922725528 0 0 0 -0.04545061865686066 -0.08264966581427864 -0.1108470689125005 -0.12830044515014 -0.1341935400495176 -0.12830044515014 -0.1108470689125005 -0.08264966581427864 -0.04545061865686066 0 0 0 -0.06271793922725528
-0.08706437384990282 0 0 0 -0.03044513051232346 -0.06635399007625133 -0.0937821556357909 -0.1108470689125005 -0.1166247349176629 -0.1108470689125005 -0.0937821556357909 -0.06635399007625133 -0.03044513051232346 0 0 0 -0.08706437384990282
-0.1254398552857602 0 0 0 0 -0.04038474592132866 -0.06635399007625133 -0.08264966581427864 -0.08819017776997347 -0.08264966581427864 -0.06635399007625133 -0.04038474592132866 0 0 0 0 -0.1254398552857602
-0.1743016822756138 -0.06271793922725528 0 0 0 0 -0.03044513051232346 -0.04545061865686066 -0.05057936406801548 -0.04545061865686066 -0.03044513051232346 0 0 0 0 -0.06271793922725528 -0.1743016822756138
-0.2285152239284517 -0.1327731168887727 -0.02882348961445317 0 0 0 0 0 0 0 0 0 0 0 -0.02882348961445317 -0.1327731168887727 -0.2285152239284517
-0.2816590865621241 -0.2056246912700683 -0.117989870579883 -0.02882348961445317 0 0 0 0 0 0 0 0 0 -0.02882348961445317 -0.117989870579883 -0.2056246912700683 -0.2816590865621241
-0.3267305372017678 -0.2730500491381434 -0.2056246912700683 -0.1327731168887727 -0.06271793922725528 0 0 0 0 0 0 0 -0.06271793922725528 -0.1327731168887727 -0.2056246912700683 -0.2730500491381434 -0.3267305372017678
-0.3575330682838042 -0.3267305372017678 -0.2816590865621241 -0.2285152239284517 -0.1743016822756138 -0.1254398552857602 -0.08706437384990282 -0.06271793922725528 -0.05439431898500584 -0.06271793922725528 -0.08706437384990282 -0.1254398552857602 -0.1743016822756138 -0.2285152239284517 -0.2816590865621241 -0.3267305372017678 -0.3575330682838042
0 0 0 0 0 0 0 0 0 0 0 0 0 0 0 0 0
0 0 0 0 0 0 0 0 0 0 0 0 0 0 0 0 0
0 0 0 0 0 0 0 0 0 0 0 0 0 0 0 0 0
0 0 0 0 0 0 0 0 0 0 0 0 0 0 0 0 0
0 0 0 0 0 0 -0.00759798086434789 -0.0131773678824082 -0.01509534297453076 -0.0131773678824082 -0.00759798086434789 0 0 0 0 0 0
0 0 0 0 0 -0.01128858343023993 -0.02102833446687553 -0.0272286783843385 -0.02935539757911446 -0.0272286783843385 -0.02102833446687553 -0.01128858343023993 0 0 0 0 0
0 0 0 0 -0.00759798086434789 -0.02102833446687553 -0.03151226708772872 -0.03816442939937301 -0.0404425937595825 -0.03816442939937301 -0.03151226708772872 -0.02102833446687553 -0.00759798086434789 0 0 0 0
0 0 0 0 -0.0131773678824082 -0.0272286783843385 -0.03816442939937301 -0.04509047187942906 -0.04746026417454544 -0.04509047187942906 -0.03816442939937301 -0.0272286783843385 -0.0131773678824082 0 0 0 0
0 0 0 0 -0.01509534297453076 -0.02935539757911446 -0.0404425937595825 -0.04746026417454544 -0.04986065987167507 -0.04746026417454544 -0.0404425937595825 -0.02935539757911446 -0.01509534297453076 0 0 0 0
0 0 0 0 -0.0131773678824082 -0.0272286783843385 -0.03816442939937301 -0.04509047187942906 -0.04746026417454544 -0.04509047187942906 -0.03816442939937301 -0.0272286783843385 -0.0131773678824082 0 0 0 0
0 0 0 0 -0.00759798086434789 -0.02102833446687553 -0.03151226708772872 -0.03816442939937301 -0.0404425937595825 -0.03816442939937301 -0.03151226708772872 -0.02102833446687553 -0.00759798086434789 0 0 0 0
0 0 0 0 0 -0.01128858343023993 -0.02102833446687553 -0.0272286783843385 -0.02935539757911446 -0.0272286783843385 -0.02102833446687553 -0.01128858343023993 0 0 0 0 0
0 0 0 0 0 0 -0.00759798086434789 -0.0131773678824082 -0.01509534297453076 -0.0131773678824082 -0.00759798086434789 0 0 0 0 0 0
0 0 0 0 0 0 0 0 0 0 0 0 0 0 0 0 0
0 0 0 0 0 0 0 0 0 0 0 0 0 0 0 0 0
0 0 0 0 0 0 0 0 0 0 0 0 0 0 0 0 0
0 0 0 0 0 0 0 0 0 0 0 0 0 0 0 0 0
0 0 0 0 0 0 0 0 0 0 0 0 0 0 0 0 0
0 0 0 0 0 0 0 0 0 0 0 0 0 0 0 0 0
0 0 0 0 0 0 0 0 0 0 0 0 0 0 0 0 0
0 0 0 0 0 0 0 0 0 0 0 0 0 0 0 0 0
0 0 0 0 0 0 -0.001427748556980863 -0.003431118313618004 -0.004122306889450178 -0.003431118313618004 -0.001427748556980863 0 0 0 0 0 0
0 0 0 0 0 -0.002751686355641606 -0.006265786626518704 -0.008518249771411995 -0.009293723724314785 -0.008518249771411995 -0.006265786626518704 -0.002751686355641606 0 0 0 0 0
0 0 0 0 -0.001427748556980863 -0.006265786626518704 -0.01008167984163063 -0.01252125830307603 -0.01335999277800441 -0.01252125830307603 -0.01008167984163063 -0.006265786626518704 -0.001427748556980863 0 0 0 0
0 0 0 0 -0.003431118313618004 -0.008518249771411995 -0.01252125830307603 -0.01507632615637977 -0.01595410148017153 -0.01507632615637977 -0.01252125830307603 -0.008518249771411995 -0.003431118313618004 0 0 0 0
0 0 0 0 -0.004122306889450178 -0.009293723724314785 -0.01335999277800441 -0.01595410148017153 -0.01684506583167612 -0.01595410148017153 -0.01335999277800441 -0.009293723724314785 -0.004122306889450178 0 0 0 0
0 0 0 0 -0.003431118313618004 -0.008518249771411995 -0.01252125830307603 -0.01507632615637977 -0.01595410148017153 -0.01507632615637977 -0.01252125830307603 -0.008518249771411995 -0.003431118313618004 0 0 0 0
0 0 0 0 -0.001427748556980863 -0.006265786626518704 -0.01008167984163063 -0.01252125830307603 -0.01335999277800441 -0.01252125830307603 -0.01008167984163063 -0.006265786626518704 -0.001427748556980863 0 0 0 0
0 0 0 0 0 -0.002751686355641606 -0.006265786626518704 -0.008518249771411995 -0.009293723724314785 -0.008518249771411995 -0.006265786626518704 -0.002751686355641606 0 0 0 0 0
0 0 0 0 0 0 -0.001427748556980863 -0.003431118313618004 -0.004122306889450178 -0.003431118313618004 -0.001427748556980863 0 0 0 0 0 0
0 0 0 0 0 0 0 0 0 0 0 0 0 0 0 0 0
0 0 0 0 0 0 0 0 0 0 0 0 0 0 0 0 0
0 0 0 0 0 0 0 0 0 0 0 0 0 0 0 0 0
0 0 0 0 0 0 0 0 0 0 0 0 0 0 0 0 0
0 0 0 0 0 0 0 0 0 0 0 0 0 0 0 0 0
0 0 0 0 0 0 0 0 0 0 0 0 0 0 0 0 0
0 0 0 0 0 0 0 0 0 0 0 0 0 0 0 0 0
0 0 0 0 0 0 0 0 0 0 0 0 0 0 0 0 0
0 0 0 0 0 0 0 -0.0007372353873737156 -0.0009738263416853533 -0.0007372353873737156 0 0 0 0 0 0 0
0 0 0 0 0 -0.0005051149918287992 -0.001709236778578721 -0.002486621441458119 -0.002755309235133129 -0.002486621441458119 -0.001709236778578721 -0.0005051149918287992 0 0 0 0 0
0 0 0 0 0 -0.001709236778578721 -0.003028856215570122 -0.003879071086181328 -0.004172481572793673 -0.003879071086181328 -0.003028856215570122 -0.001709236778578721 0 0 0 0 0
0 0 0 0 -0.0007372353873737156 -0.002486621441458119 -0.003879071086181328 -0.004774568324567051 -0.005083324830979507 -0.004774568324567051 -0.003879071086181328 -0.002486621441458119 -0.0007372353873737156 0 0 0 0
0 0 0 0 -0.0009738263416853533 -0.002755309235133129 -0.004172481572793673 -0.005083324830979507 -0.0053972756143976 -0.005083324830979507 -0.004172481572793673 -0.002755309235133129 -0.0009738263416853533 0 0 0 0
0 0 0 0 -0.0007372353873737156 -0.002486621441458119 -0.003879071086181328 -0.004774568324567051 -0.005083324830979507 -0.004774568324567051 -0.003879071086181328 -0.002486621441458119 -0.0007372353873737156 0 0 0 0
0 0 0 0 0 -0.001709236778578721 -0.003028856215570122 -0.003879071086181328 -0.004172481572793673 -0.003879071086181328 -0.003028856215570122 -0.001709236778578721 0 0 0 0 0
0 0 0 0 0 -0.0005051149918287992 -0.001709236778578721 -0.002486621441458119 -0.002755309235133129 -0.002486621441458119 -0.001709236778578721 -0.0005051149918287992 0 0 0 0 0
0 0 0 0 0 0 0 -0.0007372353873737156 -0.0009738263416853533 -0.0007372353873737156 0 0 0 0 0 0 0
0 0 0 0 0 0 0 0 0 0 0 0 0 0 0 0 0
0 0 0 0 0 0 0 0 0 0 0 0 0 0 0 0 0
0 0 0 0 0 0 0 0 0 0 0 0 0 0 0 0 0
0 0 0 0 0 0 0 0 0 0 0 0 0 0 0 0 0
0 0 0 0 0 0 0 0 0 0 0 0 0 0 0 0 0
0 0 0 0 0 0 0 0 0 0 0 0 0 0 0 0 0
0 0 0 0 0 0 0 0 0 0 0 0 0 0 0 0 0
0 0 0 0 0 0 0 0 0 0 0 0 0 0 0 0 0
0 0 0 0 0 0 0 -5.222036903755361e-05 -0.0001354041493357945 -5.222036903755361e-05 0 0 0 0 0 0 0
0 0 0 0 0 0 -0.0003931193920887308 -0.0006641376872751425 -0.0007576188913560561 -0.0006641376872751425 -0.0003931193920887308 0 0 0 0 0 0
0 0 0 0 0 -0.0003931193920887308 -0.0008527276161886693 -0.001148108709222492 -0.001250014982707965 -0.001148108709222492 -0.0008527276161886693 -0.0003931193920887308 0 0 0 0 0
0 0 0 0 -5.222036903755361e-05 -0.0006641376872751425 -0.001148108709222492 -0.00145915685300302 -0.001566442409027037 -0.00145915685300302 -0.001148108709222492 -0.0006641376872751425 -5.222036903755361e-05 0 0 0 0
0 0 0 0 -0.0001354041493357945 -0.0007576188913560561 -0.001250014982707965 -0.001566442409027037 -0.001675569918819587 -0.001566442409027037 -0.001250014982707965 -0.0007576188913560561 -0.0001354041493357945 0 0 0 0
0 0 0 0 -5.222036903755361e-05 -0.0006641376872751425 -0.001148108709222492 -0.00145915685300302 -0.001566442409027037 -0.00145915685300302 -0.001148108709222492 -0.0006641376872751425 -5.222036903755361e-05 0 0 0 0
0 0 0 0 0 -0.0003931193920887308 -0.0008527276161886693 -0.001148108709222492 -0.001250014982707965 -0.001148108709222492 -0.0008527276161886693 -0.0003931193920887308 0 0 0 0 0
0 0 0 0 0 0 -0.0003931193920887308 -0.0006641376872751425 -0.0007576188913560561 -0.0006641376872751425 -0.0003931193920887308 0 0 0 0 0 0
0 0 0 0 0 0 0 -5.222036903755361e-05 -0.0001354041493357945 -5.222036903755361e-05 0 0 0 0 0 0 0
0 0 0 0 0 0 0 0 0 0 0 0 0 0 0 0 0
0 0 0 0 0 0 0 0 0 0 0 0 0 0 0 0 0
0 0 0 0 0 0 0 0 0 0 0 0 0 0 0 0 0
0 0 0 0 0 0 0 0 0 0 0 0 0 0 0 0 0
0 0 0 0 0 0 0 0 0 0 0 0 0 0 0 0 0
0 0 0 0 0 0 0 0 0 0 0 0 0 0 0 0 0
0 0 0 0 0 0 0 0 0 0 0 0 0 0 0 0 0
0 0 0 0 0 0 0 0 0 0 0 0 0 0 0 0 0
0 0 0 0 0 0 0 -1.221927682626119e-05 -3.197550279815914e-05 -1.221927682626119e-05 0 0 0 0 0 0 0
0 0 0 0 0 0 -9.512203463853802e-05 -0.0001640648163110309 -0.000188337198738644 -0.0001640648163110309 -9.512203463853802e-05 0 0 0 0 0 0
0 0 0 0 0 -9.512203463853802e-05 -0.0002132584142297273 -0.0002919345060434425 -0.0003194736533297389 -0.0002919345060434425 -0.0002132584142297273 -9.512203463853802e-05 0 0 0 0 0
0 0 0 0 -1.221927682626119e-05 -0.0001640648163110309 -0.0002919345060434425 -0.0003765426350447232 -0.0004060794959045084 -0.0003765426350447232 -0.0002919345060434425 -0.0001640648163110309 -1.221927682626119e-05 0 0 0 0
0 0 0 0 -3.197550279815914e-05 -0.000188337198738644 -0.0003194736533297389 -0.0004060794959045084 -0.0004362895571731497 -0.0004060794959045084 -0.0003194736533297389 -0.000188337198738644 -3.197550279815914e-05 0 0 0 0
0 0 0 0 -1.221927682626119e-05 -0.0001640648163110309 -0.0002919345060434425 -0.0003765426350447232 -0.0004060794959045084 -0.0003765426350447232 -0.0002919345060434425 -0.0001640648163110309 -1.221927682626119e-05 0 0 0 0
0 0 0 0 0 -9.512203463853802e-05 -0.0002132584142297273 -0.0002919345060434425 -0.0003194736533297389 -0.0002919345060434425 -0.0002132584142297273 -9.512203463853802e-05 0 0 0 0 0
0 0 0 0 0 0 -9.512203463853802e-05 -0.0001640648163110309 -0.000188337198738644 -0.0001640648163110309 -9.512203463853802e-05 0 0 0 0 0 0
0 0 0 0 0 0 0 -1.221927682626119e-05 -3.197550279815914e-05 -1.221927682626119e-05 0 0 0 0 0 0 0
0 0 0 0 0 0 0 0 0 0 0 0 0 0 0 0 0
0 0 0 0 0 0 0 0 0 0 0 0 0 0 0 0 0
0 0 0 0 0 0 0 0 0 0 0 0 0 0 0 0 0
0 0 0 0 0 0 0 0 0 0 0 0 0 0 0 0 0
0 0 0 0 0 0 0 0 0 0 0 0 0 0 0 0 0
0 0 0 0 0 0 0 0 0 0 0 0 0 0 0 0 0
0 0 0 0 0 0 0 0 0 0 0 0 0 0 0 0 0
0 0 0 0 0 0 0 0 0 0 0 0 0 0 0 0 0
0 0 0 0 0 0 0 -3.334202892277972e-06 -8.783135627309092e-06 -3.334202892277972e-06 0 0 0 0 0 0 0
0 0 0 0 0 0 -2.659197078400757e-05 -4.655886689973704e-05 -5.369195855070666e-05 -4.655886689973704e-05 -2.659197078400757e-05 0 0 0 0 0 0
0 0 0 0 0 -2.659197078400757e-05 -6.106425697513624e-05 -8.462137420242652e-05 -9.295696279277547e-05 -8.462137420242652e-05 -6.106425697513624e-05 -2.659197078400757e-05 0 0 0 0 0
0 0 0 0 -3.334202892277972e-06 -4.655886689973704e-05 -8.462137420242652e-05 -0.000110360098302408 -0.000119430282843433 -0.000110360098302408 -8.462137420242652e-05 -4.655886689973704e-05 -3.334202892277972e-06 0 0 0 0
0 0 0 0 -8.783135627309092e-06 -5.369195855070666e-05 -9.295696279277547e-05 -0.000119430282843433 -0.0001287481176066212 -0.000119430282843433 -9.295696279277547e-05 -5.369195855070666e-05 -8.783135627309092e-06 0 0 0 0
0 0 0 0 -3.334202892277972e-06 -4.655886689973704e-05 -8.462137420242652e-05 -0.000110360098302408 -0.000119430282843433 -0.000110360098302408 -8.462137420242652e-05 -4.655886689973704e-05 -3.334202892277972e-06 0 0 0 0
0 0 0 0 0 -2.659197078400757e-05 -6.106425697513624e-05 -8.462137420242652e-05 -9.295696279277547e-05 -8.462137420242652e-05 -6.106425697513624e-05 -2.659197078400757e-05 0 0 0 0 0
0 0 0 0 0 0 -2.659197078400757e-05 -4.655886689973704e-05 -5.369195855070666e-05 -4.655886689973704e-05 -2.659197078400757e-05 0 0 0 0 0 0
0 0 0 0 0 0 0 -3.334202892277972e-06 -8.783135627309092e-06 -3.334202892277972e-06 0 0 0 0 0 0 0
0 0 0 0 0 0 0 0 0 0 0 0 0 0 0 0 0
0 0 0 0 0 0 0 0 0 0 0 0 0 0 0 0 0
0 0 0 0 0 0 0 0 0 0 0 0 0 0 0 0 0
0 0 0 0 0 0 0 0 0 0 0 0 0 0 0 0 0
0 0 0 0 0 0 0 0 0 0 0 0 0 0 0 0 0
0 0 0 0 0 0 0 0 0 0 0 0 0 0 0 0 0
0 0 0 0 0 0 0 0 0 0 0 0 0 0 0 0 0
0 0 0 0 0 0 0 0 0 0 0 0 0 0 0 0 0
0 0 0 0 0 0 0 -1.7958807555151e-06 -4.601482077407126e-06 -1.7958807555151e-06 0 0 0 0 0 0 0
0 0 0 0 0 0 -1.294605597827467e-05 -2.130857625488352e-05 -2.412211240373074e-05 -2.130857625488352e-05 -1.294605597827467e-05 0 0 0 0 0 0
0 0 0 0 0 -1.294605597827467e-05 -2.695524231434683e-05 -3.560663195210509e-05 -3.855161227861723e-05 -3.560663195210509e-05 -2.695524231434683e-05 -1.294605597827467e-05 0 0 0 0 0
0 0 0 0 -1.7958807555151e-06 -2.130857625488352e-05 -3.560663195210509e-05 -4.455071397157372e-05 -4.761016385425843e-05 -4.455071397157372e-05 -3.560663195210509e-05 -2.130857625488352e-05 -1.7958807555151e-06 0 0 0 0
0 0 0 0 -4.601482077407126e-06 -2.412211240373074e-05 -3.855161227861723e-05 -4.761016385425843e-05 -5.071291198808467e-05 -4.761016385425843e-05 -3.855161227861723e-05 -2.412211240373074e-05 -4.601482077407126e-06 0 0 0 0
0 0 0 0 -1.7958807555151e-06 -2.130857625488352e-05 -3.560663195210509e-05 -4.455071397157372e-05 -4.761016385425843e-05 -4.455071397157372e-05 -3.560663195210509e-05 -2.130857625488352e-05 -1.7958807555151e-06 0 0 0 0
0 0 0 0 0 -1.294605597827467e-05 -2.695524231434683e-05 -3.560663195210509e-05 -3.855161227861723e-05 -3.560663195210509e-05 -2.695524231434683e-05 -1.294605597827467e-05 0 0 0 0 0
0 0 0 0 0 0 -1.294605597827467e-05 -2.130857625488352e-05 -2.412211240373074e-05 -2.130857625488352e-05 -1.294605597827467e-05 0 0 0 0 0 0
0 0 0 0 0 0 0 -1.7958807555151e-06 -4.601482077407126e-06 -1.7958807555151e-06 0 0 0 0 0 0 0
0 0 0 0 0 0 0 0 0 0 0 0 0 0 0 0 0
0 0 0 0 0 0 0 0 0 0 0 0 0 0 0 0 0
0 0 0 0 0 0 0 0 0 0 0 0 0 0 0 0 0
0 0 0 0 0 0 0 0 0 0 0 0 0 0 0 0 0
0 0 0 0 0 0 0 0 0 0 0 0 0 0 0 0 0
0 0 0 0 0 0 0 0 0 0 0 0 0 0 0 0 0
0 0 0 0 0 0 0 0 0 0 0 0 0 0 0 0 0
0 0 0 0 0 0 0 0 0 0 0 0 0 0 0 0 0
0 0 0 0 0 0 0 -3.58741237942013e-07 -9.429246251820586e-07 -3.58741237942013e-07 0 0 0 0 0 0 0
0 0 0 0 0 0 -2.836047052405775e-06 -4.933110211553867e-06 -5.67656032458126e-06 -4.933110211553867e-06 -2.836047052405775e-06 0 0 0 0 0 0
0 0 0 0 0 -2.836047052405775e-06 -6.442063024966046e-06 -8.870344492373988e-06 -9.723709853698893e-06 -8.870344492373988e-06 -6.442063024966046e-06 -2.836047052405775e-06 0 0 0 0 0
0 0 0 0 -3.58741237942013e-07 -4.933110211553867e-06 -8.870344492373988e-06 -1.149661728154751e-05 -1.241630752447389e-05 -1.149661728154751e-05 -8.870344492373988e-06 -4.933110211553867e-06 -3.58741237942013e-07 0 0 0 0
0 0 0 0 -9.429246251820586e-07 -5.67656032458126e-06 -9.723709853698893e-06 -1.241630752447389e-05 -1.335828329715878e-05 -1.241630752447389e-05 -9.723709853698893e-06 -5.67656032458126e-06 -9.429246251820586e-07 0 0 0 0
0 0 0 0 -3.58741237942013e-07 -4.933110211553867e-06 -8.870344492373988e-06 -1.149661728154751e-05 -1.241630752447389e-05 -1.149661728154751e-05 -8.870344492373988e-06 -4.933110211553867e-06 -3.58741237942013e-07 0 0 0 0
0 0 0 0 0 -2.836047052405775e-06 -6.442063024966046e-06 -8.870344492373988e-06 -9.723709853698893e-06 -8.870344492373988e-06 -6.442063024966046e-06 -2.836047052405775e-06 0 0 0 0 0
0 0 0 0 0 0 -2.836047052405775e-06 -4.933110211553867e-06 -5.67656032458126e-06 -4.933110211553867e-06 -2.836047052405775e-06 0 0 0 0 0 0
0 0 0 0 0 0 0 -3.58741237942013e-07 -9.429246251820586e-07 -3.58741237942013e-07 0 0 0 0 0 0 0
0 0 0 0 0 0 0 0 0 0 0 0 0 0 0 0 0
0 0 0 0 0 0 0 0 0 0 0 0 0 0 0 0 0
0 0 0 0 0 0 0 0 0 0 0 0 0 0 0 0 0
0 0 0 0 0 0 0 0 0 0 0 0 0 0 0 0 0
0 0 0 0 0 0 0 0 0 0 0 0 0 0 0 0 0
0 0 0 0 0 0 0 0 0 0 0 0 0 0 0 0 0
0 0 0 0 0 0 0 0 0 0 0 0 0 0 0 0 0
0 0 0 0 0 0 0 0 0 0 0 0 0 0 0 0 0
0 0 0 0 0 0 0 8.611268984532216e-08 2.039131522760726e-07 8.611268984532216e-08 0 0 0 0 0 0 0
0 0 0 0 0 0 4.440816150745377e-07 5.420041101897368e-07 5.476094868938616e-07 5.420041101897368e-07 4.440816150745377e-07 0 0 0 0 0 0
0 0 0 0 0 4.440816150745377e-07 5.409865395049564e-07 4.54282370803412e-07 4.049726830191957e-07 4.54282370803412e-07 5.409865395049564e-07 4.440816150745377e-07 0 0 0 0 0
0 0 0 0 8.611268984532216e-08 5.420041101897368e-07 4.54282370803412e-07 2.786592824777471e-07 2.025068609999323e-07 2.786592824777471e-07 4.54282370803412e-07 5.420041101897368e-07 8.611268984532216e-08 0 0 0 0
0 0 0 0 2.039131522760726e-07 5.476094868938616e-07 4.049726830191957e-07 2.025068609999323e-07 1.182051606010646e-07 2.025068609999323e-07 4.049726830191957e-07 5.476094868938616e-07 2.039131522760726e-07 0 0 0 0
0 0 0 0 8.611268984532216e-08 5.420041101897368e-07 4.54282370803412e-07 2.786592824777471e-07 2.025068609999323e-07 2.786592824777471e-07 4.54282370803412e-07 5.420041101897368e-07 8.611268984532216e-08 0 0 0 0
0 0 0 0 0 4.440816150745377e-07 5.409865395049564e-07 4.54282370803412e-07 4.049726830191957e-07 4.54282370803412e-07 5.409865395049564e-07 4.440816150745377e-07 0 0 0 0 0
0 0 0 0 0 0 4.440816150745377e-07 5.420041101897368e-07 5.476094868938616e-07 5.420041101897368e-07 4.440816150745377e-07 0 0 0 0 0 0
0 0 0 0 0 0 0 8.611268984532216e-08 2.039131522760726e-07 8.611268984532216e-08 0 0 0 0 0 0 0
0 0 0 0 0 0 0 0 0 0 0 0 0 0 0 0 0
0 0 0 0 0 0 0 0 0 0 0 0 0 0 0 0 0
0 0 0 0 0 0 0 0 0 0 0 0 0 0 0 0 0
0 0 0 0 0 0 0 0 0 0 0 0 0 0 0 0 0
0 0 0 0 0 0 0 0 0 0 0 0 0 0 0 0 0
0 0 0 0 0 0 0 0 0 0 0 0 0 0 0 0 0
0 0 0 0 0 0 0 0 0 0 0 0 0 0 0 0 0
0 0 0 0 0 0 0 0 0 0 0 0 0 0 0 0 0
0 0 0 0 0 0 0 -1.474359313142486e-07 -3.664533192059025e-07 -1.474359313142486e-07 0 0 0 0 0 0 0
