33 -0.06 -0.05624999999999999 -0.0525 -0.04875 -0.045 -0.04125 -0.0375 -0.03375 -0.03 -0.02625 -0.0225 -0.01875 -0.015 -0.01125 -0.0075 -0.00375 0 0.00375 0.0075 0.01125 0.015 0.01875 0.0225 0.02625 0.03 0.03375 0.0375 0.04125 0.045 0.04875 0.0525 0.05624999999999999 0.06
33 -0.06 -0.05624999999999999 -0.0525 -0.04875 -0.045 -0.04125 -0.0375 -0.03375 -0.03 -0.02625 -0.0225 -0.01875 -0.015 -0.01125 -0.0075 -0.00375 0 0.00375 0.0075 0.01125 0.015 0.01875 0.0225 0.02625 0.03 0.03375 0.0375 0.04125 0.045 0.04875 0.0525 0.05624999999999999 0.06
121 0 0.0125 0.025 0.03750000000000001 0.05 0.0625 0.07500000000000001 0.08750000000000001 0.1 0.1125 0.125 0.1375 0.15 0.1625 0.175 0.1875 0.2 0.2125 0.225 0.2375 0.25 0.2625 0.275 0.2875 0.3 0.3125 0.325 0.3375 0.35 0.3625 0.375 0.3875 0.4 0.4125 0.425 0.4375 0.45 0.4625 0.475 0.4875 0.5 0.5125000000000001 0.525 0.5375 0.55 0.5625 0.5750000000000001 0.5875 0.6000000000000001 0.6125 0.625 0.6375000000000001 0.65 0.6625000000000001 0.675 0.6875 0.7000000000000001 0.7125 0.7250000000000001 0.7375 0.75 0.7625000000000001 0.775 0.7875000000000001 0.8 0.8125 0.8250000000000001 0.8375 0.8500000000000001 0.8625 0.875 0.8875000000000001 0.9 0.9125000000000001 0.925 0.9375 0.9500000000000001 0.9625 0.9750000000000001 0.9875 1 1.0125 1.025 1.0375 1.05 1.0625 1.075 1.0875 1.1 1.1125 1.125 1.1375 1.15 1.1625 1.175 1.1875 1.2 1.2125 1.225 1.2375 1.25 1.2625 1.275 1.2875 1.3 1.3125 1.325 1.3375 1.35 1.3625 1.375 1.3875 1.4 1.4125 1.425 1.4375 1.45 1.4625 1.475 1.4875 1.5
0 0 0 0 0 0 0 0 0 0 0 0 0 0 0 0 0 0 0 0 0 0 0 0 0 0 0 0 0 0 0 0 0
0 0 0 0 0 0 0 0 0 0 0 0 0 0 0 0 0 0 0 0 0 0 0 0 0 0 0 0 0 0 0 0 0
0 0 0 0 0 0 0 0 0 0 0 0 0 0 0 0 0 0 0 0 0 0 0 0 0 0 0 0 0 0 0 0 0
0 0 0 0 0 0 0 0 0 0 0 0 0 0 0 0 0 0 0 0 0 0 0 0 0 0 0 0 0 0 0 0 0
0 0 0 0 0 0 0 0 0 0 0 0 0 0 0 0 0 0 0 0 0 0 0 0 0 0 0 0 0 0 0 0 0
0 0 0 0 0 0 0 0 0 0 0 0 0 0 0 0 0 0 0 0 0 0 0 0 0 0 0 0 0 0 0 0 0
0 0 0 0 0 0 0 0 0 0 0 0 0 0 0 0 0 0 0 0 0 0 0 0 0 0 0 0 0 0 0 0 0
0 0 0 0 0 0 0 0 0 0 0 0 0 0 0 0 0 0 0 0 0 0 0 0 0 0 0 0 0 0 0 0 0
0 0 0 0 0 0 0 0 0 0 0 0 0 0 0 0 0 0 0 0 0 0 0 0 0 0 0 0 0 0 0 0 0
0 0 0 0 0 0 0 0 0 0 0 0 0 0 0 0 0 0 0 0 0 0 0 0 0 0 0 0 0 0 0 0 0
0 0 0 0 0 0 0 0 0 0 0 0 0 0 0 0 0 0 0 0 0 0 0 0 0 0 0 0 0 0 0 0 0
0 0 0 0 0 0 0 0 0 0 0 0 0 0 0 0 0 0 0 0 0 0 0 0 0 0 0 0 0 0 0 0 0
0 0 0 0 0 0 0 0 0 0 0 0 0 0 0 0 0 0 0 0 0 0 0 0 0 0 0 0 0 0 0 0 0
0 0 0 0 0 0 0 0 0 0 0 0 0 0 0 0 0 0 0 0 0 0 0 0 0 0 0 0 0 0 0 0 0
0 0 0 0 0 0 0 0 0 0 0 0 0 0 0 0 0 0 0 0 0 0 0 0 0 0 0 0 0 0 0 0 0
0 0 0 0 0 0 0 0 0 0 0 0 0 0 0 0 0 0 0 0 0 0 0 0 0 0 0 0 0 0 0 0 0
0 0 0 0 0 0 0 0 0 0 0 0 0 0 0 0 -0.7216731216533532 0 0 0 0 0 0 0 0 0 0 0 0 0 0 0 0
0 0 0 0 0 0 0 0 0 0 0 0 0 0 0 0 0 0 0 0 0 0 0 0 0 0 0 0 0 0 0 0 0
0 0 0 0 0 0 0 0 0 0 0 0 0 0 0 0 0 0 0 0 0 0 0 0 0 0 0 0 0 0 0 0 0
0 0 0 0 0 0 0 0 0 0 0 0 0 0 0 0 0 0 0 0 0 0 0 0 0 0 0 0 0 0 0 0 0
0 0 0 0 0 0 0 0 0 0 0 0 0 0 0 0 0 0 0 0 0 0 0 0 0 0 0 0 0 0 0 0 0
0 0 0 0 0 0 0 0 0 0 0 0 0 0 0 0 0 0 0 0 0 0 0 0 0 0 0 0 0 0 0 0 0
0 0 0 0 0 0 0 0 0 0 0 0 0 0 0 0 0 0 0 0 0 0 0 0 0 0 0 0 0 0 0 0 0
0 0 0 0 0 0 0 0 0 0 0 0 0 0 0 0 0 0 0 0 0 0 0 0 0 0 0 0 0 0 0 0 0
0 0 0 0 0 0 0 0 0 0 0 0 0 0 0 0 0 0 0 0 0 0 0 0 0 0 0 0 0 0 0 0 0
0 0 0 0 0 0 0 0 0 0 0 0 0 0 0 0 0 0 0 0 0 0 0 0 0 0 0 0 0 0 0 0 0
0 0 0 0 0 0 0 0 0 0 0 0 0 0 0 0 0 0 0 0 0 0 0 0 0 0 0 0 0 0 0 0 0
0 0 0 0 0 0 0 0 0 0 0 0 0 0 0 0 0 0 0 0 0 0 0 0 0 0 0 0 0 0 0 0 0
0 0 0 0 0 0 0 0 0 0 0 0 0 0 0 0 0 0 0 0 0 0 0 0 0 0 0 0 0 0 0 0 0
0 0 0 0 0 0 0 0 0 0 0 0 0 0 0 0 0 0 0 0 0 0 0 0 0 0 0 0 0 0 0 0 0
0 0 0 0 0 0 0 0 0 0 0 0 0 0 0 0 0 0 0 0 0 0 0 0 0 0 0 0 0 0 0 0 0
0 0 0 0 0 0 0 0 0 0 0 0 0 0 0 0 0 0 0 0 0 0 0 0 0 0 0 0 0 0 0 0 0
0 0 0 0 0 0 0 0 0 0 0 0 0 0 0 0 0 0 0 0 0 0 0 0 0 0 0 0 0 0 0 0 0
0 0 0 0 0 0 0 0 0 0 0 0 0 0 0 0 0 0 0 0 0 0 0 0 0 0 0 0 0 0 0 0 0
0 0 0 0 0 0 0 0 0 0 0 0 0 0 0 0 0 0 0 0 0 0 0 0 0 0 0 0 0 0 0 0 0
0 0 0 0 0 0 0 0 0 0 0 0 0 0 0 0 0 0 0 0 0 0 0 0 0 0 0 0 0 0 0 0 0
0 0 0 0 0 0 0 0 0 0 0 0 0 0 -0.7215356095154682 -0.7240217876881749 -0.7248457736915673 -0.7240217876881749 -0.7215356095154682 0 0 0 0 0 0 0 0 0 0 0 0 0 0
0 0 0 0 0 0 0 0 0 0 0 -0.7248457736915674 -0.7321474588030449 -0.7376713623111192 -0.7414641190575774 -0.7437188556103739 -0.7444676445130184 -0.7437188556103739 -0.7414641190575774 -0.7376713623111192 -0.7321474588030449 -0.7248457736915674 0 0 0 0 0 0 0 0 0 0 0
0 0 0 0 0 0 0 0 0 -0.724021787688175 -0.7345325056144713 -0.7429686340850828 -0.7496640469635284 -0.754765673703176 -0.7583380978125335 -0.7604481214269344 -0.7611453700268312 -0.7604481214269344 -0.7583380978125335 -0.754765673703176 -0.7496640469635284 -0.7429686340850828 -0.7345325056144713 -0.724021787688175 0 0 0 0 0 0 0 0 0
0 0 0 0 0 0 0 0 -0.7289284358406863 -0.7407099358104424 -0.7503991931896605 -0.7583380978125334 -0.7645817079701545 -0.769234234379899 -0.7724250961898371 -0.7742587157146776 -0.7748524774199177 -0.7742587157146776 -0.7724250961898371 -0.769234234379899 -0.7645817079701545 -0.7583380978125334 -0.7503991931896605 -0.7407099358104424 -0.7289284358406863 0 0 0 0 0 0 0 0
0 0 0 0 0 0 0 -0.7305433717240568 -0.7437188556103739 -0.754765673703176 -0.7639014201162272 -0.7711632233093859 -0.7766130561940495 -0.7805956363523375 -0.783326867853432 -0.7849175690765502 -0.7854395035971171 -0.7849175690765502 -0.783326867853432 -0.7805956363523375 -0.7766130561940495 -0.7711632233093859 -0.7639014201162272 -0.754765673703176 -0.7437188556103739 -0.7305433717240568 0 0 0 0 0 0 0
0 0 0 0 0 0 -0.7289284358406863 -0.7437188556103739 -0.7562024992788604 -0.7665999888892188 -0.7748524774199177 -0.7811496726516804 -0.7859572015627205 -0.7894576903197336 -0.7918176126351014 -0.7931730881721308 -0.7936143420150319 -0.7931730881721308 -0.7918176126351014 -0.7894576903197336 -0.7859572015627205 -0.7811496726516804 -0.7748524774199177 -0.7665999888892188 -0.7562024992788604 -0.7437188556103739 -0.7289284358406863 0 0 0 0 0 0
0 0 0 0 0 -0.724021787688175 -0.7407099358104424 -0.754765673703176 -0.7665999888892188 -0.7760296823389305 -0.7833268678534321 -0.7889712634113417 -0.7931730881721308 -0.7960473412340279 -0.7979557366382516 -0.7990534811514109 -0.7994447218438175 -0.7990534811514109 -0.7979557366382516 -0.7960473412340279 -0.7931730881721308 -0.7889712634113417 -0.7833268678534321 -0.7760296823389305 -0.7665999888892188 -0.754765673703176 -0.7407099358104424 -0.724021787688175 0 0 0 0 0
0 0 0 0 0 -0.7345325056144713 -0.7503991931896605 -0.7639014201162272 -0.7748524774199177 -0.7833268678534321 -0.7899393976050382 -0.7948524540266865 -0.7983241848475516 -0.8009424029418623 -0.8026561271372989 -0.8035945851684936 -0.8038916467085575 -0.8035945851684936 -0.8026561271372989 -0.8009424029418623 -0.7983241848475516 -0.7948524540266865 -0.7899393976050382 -0.7833268678534321 -0.7748524774199177 -0.7639014201162272 -0.7503991931896605 -0.7345325056144713 0 0 0 0 0
0 0 0 0 -0.7248457736915674 -0.7429686340850828 -0.7583380978125334 -0.7711632233093859 -0.7811496726516804 -0.7889712634113417 -0.7948524540266865 -0.7990534811514114 -0.802328017274733 -0.8044474660011156 -0.8056961588728431 -0.8063761021026296 -0.8065906536820524 -0.8063761021026296 -0.8056961588728431 -0.8044474660011156 -0.802328017274733 -0.7990534811514114 -0.7948524540266865 -0.7889712634113417 -0.7811496726516804 -0.7711632233093859 -0.7583380978125334 -0.7429686340850828 -0.7248457736915674 0 0 0 0
0 0 0 0 -0.7321474588030449 -0.7496640469635284 -0.7645817079701545 -0.7766130561940495 -0.7859572015627205 -0.7931730881721308 -0.7983241848475516 -0.802328017274733 -0.8049637785064163 -0.8065906536820524 -0.8075671627667609 -0.8080701095713012 -0.8082226173338831 -0.8080701095713012 -0.8075671627667609 -0.8065906536820524 -0.8049637785064163 -0.802328017274733 -0.7983241848475516 -0.7931730881721308 -0.7859572015627205 -0.7766130561940495 -0.7645817079701545 -0.7496640469635284 -0.7321474588030449 0 0 0 0
0 0 0 0 -0.7376713623111192 -0.754765673703176 -0.769234234379899 -0.7805956363523375 -0.7894576903197336 -0.7960473412340279 -0.8009424029418623 -0.8044474660011156 -0.8065906536820524 -0.8079098527195614 -0.8086179393519829 -0.8089549644748664 -0.8090554479807182 -0.8089549644748664 -0.8086179393519829 -0.8079098527195614 -0.8065906536820524 -0.8044474660011156 -0.8009424029418623 -0.7960473412340279 -0.7894576903197336 -0.7805956363523375 -0.769234234379899 -0.754765673703176 -0.7376713623111192 0 0 0 0
0 0 0 -0.7215356095154682 -0.7414641190575774 -0.7583380978125335 -0.7724250961898371 -0.783326867853432 -0.7918176126351014 -0.7979557366382516 -0.8026561271372989 -0.8056961588728431 -0.8075671627667609 -0.8086179393519829 -0.8091497013434432 -0.8093921500730232 -0.8094579484825358 -0.8093921500730232 -0.8091497013434432 -0.8086179393519829 -0.8075671627667609 -0.8056961588728431 -0.8026561271372989 -0.7979557366382516 -0.7918176126351014 -0.783326867853432 -0.7724250961898371 -0.7583380978125335 -0.7414641190575774 -0.7215356095154682 0 0 0
0 0 0 -0.7240217876881749 -0.7437188556103739 -0.7604481214269344 -0.7742587157146776 -0.7849175690765502 -0.7931730881721308 -0.7990534811514109 -0.8035945851684936 -0.8063761021026296 -0.8080701095713012 -0.8089549644748664 -0.8093921500730232 -0.8095628828264717 -0.8096070890757711 -0.8095628828264717 -0.8093921500730232 -0.8089549644748664 -0.8080701095713012 -0.8063761021026296 -0.8035945851684936 -0.7990534811514109 -0.7931730881721308 -0.7849175690765502 -0.7742587157146776 -0.7604481214269344 -0.7437188556103739 -0.7240217876881749 0 0 0
0 0 0 -0.7248457736915673 -0.7444676445130184 -0.7611453700268312 -0.7748524774199177 -0.7854395035971171 -0.7936143420150319 -0.7994447218438175 -0.8038916467085575 -0.8065906536820524 -0.8082226173338831 -0.8090554479807182 -0.8094579484825358 -0.8096070890757711 -0.8096539010550868 -0.8096070890757711 -0.8094579484825358 -0.8090554479807182 -0.8082226173338831 -0.8065906536820524 -0.8038916467085575 -0.7994447218438175 -0.7936143420150319 -0.7854395035971171 -0.7748524774199177 -0.7611453700268312 -0.7444676445130184 -0.7248457736915673 0 0 0
0 0 0 -0.7240217876881749 -0.7437188556103739 -0.7604481214269344 -0.7742587157146776 -0.7849175690765502 -0.7931730881721308 -0.7990534811514109 -0.8035945851684936 -0.8063761021026296 -0.8080701095713012 -0.8089549644748664 -0.8093921500730232 -0.8095628828264717 -0.8096070890757711 -0.8095628828264717 -0.8093921500730232 -0.8089549644748664 -0.8080701095713012 -0.8063761021026296 -0.8035945851684936 -0.7990534811514109 -0.7931730881721308 -0.7849175690765502 -0.7742587157146776 -0.7604481214269344 -0.7437188556103739 -0.7240217876881749 0 0 0
0 0 0 -0.7215356095154682 -0.7414641190575774 -0.7583380978125335 -0.7724250961898371 -0.783326867853432 -0.7918176126351014 -0.7979557366382516 -0.8026561271372989 -0.8056961588728431 -0.8075671627667609 -0.8086179393519829 -0.8091497013434432 -0.8093921500730232 -0.8094579484825358 -0.8093921500730232 -0.8091497013434432 -0.8086179393519829 -0.8075671627667609 -0.8056961588728431 -0.8026561271372989 -0.7979557366382516 -0.7918176126351014 -0.783326867853432 -0.7724250961898371 -0.7583380978125335 -0.7414641190575774 -0.7215356095154682 0 0 0
0 0 0 0 -0.7376713623111192 -0.754765673703176 -0.769234234379899 -0.7805956363523375 -0.7894576903197336 -0.7960473412340279 -0.8009424029418623 -0.8044474660011156 -0.8065906536820524 -0.8079098527195614 -0.8086179393519829 -0.8089549644748664 -0.8090554479807182 -0.8089549644748664 -0.8086179393519829 -0.8079098527195614 -0.8065906536820524 -0.8044474660011156 -0.8009424029418623 -0.7960473412340279 -0.7894576903197336 -0.7805956363523375 -0.769234234379899 -0.754765673703176 -0.7376713623111192 0 0 0 0
0 0 0 0 -0.7321474588030449 -0.7496640469635284 -0.7645817079701545 -0.7766130561940495 -0.7859572015627205 -0.7931730881721308 -0.7983241848475516 -0.802328017274733 -0.8049637785064163 -0.8065906536820524 -0.8075671627667609 -0.8080701095713012 -0.8082226173338831 -0.8080701095713012 -0.8075671627667609 -0.8065906536820524 -0.8049637785064163 -0.802328017274733 -0.7983241848475516 -0.7931730881721308 -0.7859572015627205 -0.7766130561940495 -0.7645817079701545 -0.7496640469635284 -0.7321474588030449 0 0 0 0
0 0 0 0 -0.7248457736915674 -0.7429686340850828 -0.7583380978125334 -0.7711632233093859 -0.7811496726516804 -0.7889712634113417 -0.7948524540266865 -0.7990534811514114 -0.802328017274733 -0.8044474660011156 -0.8056961588728431 -0.8063761021026296 -0.8065906536820524 -0.8063761021026296 -0.8056961588728431 -0.8044474660011156 -0.802328017274733 -0.7990534811514114 -0.7948524540266865 -0.7889712634113417 -0.7811496726516804 -0.7711632233093859 -0.7583380978125334 -0.7429686340850828 -0.7248457736915674 0 0 0 0
0 0 0 0 0 -0.7345325056144713 -0.7503991931896605 -0.7639014201162272 -0.7748524774199177 -0.7833268678534321 -0.7899393976050382 -0.7948524540266865 -0.7983241848475516 -0.8009424029418623 -0.8026561271372989 -0.8035945851684936 -0.8038916467085575 -0.8035945851684936 -0.8026561271372989 -0.8009424029418623 -0.7983241848475516 -0.7948524540266865 -0.7899393976050382 -0.7833268678534321 -0.7748524774199177 -0.7639014201162272 -0.7503991931896605 -0.7345325056144713 0 0 0 0 0
0 0 0 0 0 -0.724021787688175 -0.7407099358104424 -0.754765673703176 -0.7665999888892188 -0.7760296823389305 -0.7833268678534321 -0.7889712634113417 -0.7931730881721308 -0.7960473412340279 -0.7979557366382516 -0.7990534811514109 -0.7994447218438175 -0.7990534811514109 -0.7979557366382516 -0.7960473412340279 -0.7931730881721308 -0.7889712634113417 -0.7833268678534321 -0.7760296823389305 -0.7665999888892188 -0.754765673703176 -0.7407099358104424 -0.724021787688175 0 0 0 0 0
0 0 0 0 0 0 -0.7289284358406863 -0.7437188556103739 -0.7562024992788604 -0.7665999888892188 -0.7748524774199177 -0.7811496726516804 -0.7859572015627205 -0.7894576903197336 -0.7918176126351014 -0.7931730881721308 -0.7936143420150319 -0.7931730881721308 -0.7918176126351014 -0.7894576903197336 -0.7859572015627205 -0.7811496726516804 -0.7748524774199177 -0.7665999888892188 -0.7562024992788604 -0.7437188556103739 -0.7289284358406863 0 0 0 0 0 0
0 0 0 0 0 0 0 -0.7305433717240568 -0.7437188556103739 -0.754765673703176 -0.7639014201162272 -0.7711632233093859 -0.7766130561940495 -0.7805956363523375 -0.783326867853432 -0.7849175690765502 -0.7854395035971171 -0.7849175690765502 -0.783326867853432 -0.7805956363523375 -0.7766130561940495 -0.7711632233093859 -0.7639014201162272 -0.754765673703176 -0.7437188556103739 -0.7305433717240568 0 0 0 0 0 0 0
0 0 0 0 0 0 0 0 -0.7289284358406863 -0.7407099358104424 -0.7503991931896605 -0.7583380978125334 -0.7645817079701545 -0.769234234379899 -0.7724250961898371 -0.7742587157146776 -0.7748524774199177 -0.7742587157146776 -0.7724250961898371 -0.769234234379899 -0.7645817079701545 -0.7583380978125334 -0.7503991931896605 -0.7407099358104424 -0.7289284358406863 0 0 0 0 0 0 0 0
0 0 0 0 0 0 0 0 0 -0.724021787688175 -0.7345325056144713 -0.7429686340850828 -0.7496640469635284 -0.754765673703176 -0.7583380978125335 -0.7604481214269344 -0.7611453700268312 -0.7604481214269344 -0.7583380978125335 -0.754765673703176 -0.7496640469635284 -0.7429686340850828 -0.7345325056144713 -0.724021787688175 0 0 0 0 0 0 0 0 0
0 0 0 0 0 0 0 0 0 0 0 -0.7248457736915674 -0.7321474588030449 -0.7376713623111192 -0.7414641190575774 -0.7437188556103739 -0.7444676445130184 -0.7437188556103739 -0.7414641190575774 -0.7376713623111192 -0.7321474588030449 -0.7248457736915674 0 0 0 0 0 0 0 0 0 0 0
0 0 0 0 0 0 0 0 0 0 0 0 0 0 -0.7215356095154682 -0.7240217876881749 -0.7248457736915673 -0.7240217876881749 -0.7215356095154682 0 0 0 0 0 0 0 0 0 0 0 0 0 0
0 0 0 0 0 0 0 0 0 0 0 0 0 0 0 0 0 0 0 0 0 0 0 0 0 0 0 0 0 0 0 0 0
0 0 0 0 0 0 0 0 0 0 0 0 0 0 0 0 0 0 0 0 0 0 0 0 0 0 0 0 0 0 0 0 0
0 0 0 0 0 0 0 0 0 0 0 0 0 0 0 0 0 0 0 0 0 0 0 0 0 0 0 0 0 0 0 0 0
0 0 0 0 0 0 0 0 -0.2041024671510107 -0.3007654235104238 -0.3924440246515935 -0.4633119866719625 -0.5178630264341865 -0.5563996020295445 -0.5810592923628722 -0.5942582897759532 -0.5984819422280914 -0.5942582897759532 -0.5810592923628722 -0.5563996020295445 -0.5178630264341865 -0.4633119866719625 -0.3924440246515935 -0.3007654235104238 -0.2041024671510107 0 0 0 0 0 0 0 0
0 0 0 0 0 0 -0.1761428916231454 -0.2939352184311845 -0.4118967590240338 -0.5061513378512631 -0.5764853072980854 -0.6196404437739196 -0.6373359233421388 -0.6343291453503372 -0.6918175774745454 -0.6962361554312779 -0.6977628646861888 -0.6962361554312779 -0.6918175774745454 -0.6343291453503372 -0.6373359233421388 -0.6196404437739196 -0.5764853072980854 -0.5061513378512631 -0.4118967590240338 -0.2939352184311845 -0.1761428916231454 0 0 0 0 0 0
0 0 0 0 0 -0.2223059673924885 -0.3641338992556181 -0.4883807497747008 -0.5810592923628722 -0.6318756420972096 -0.6876512385061363 -0.7048121847134381 -0.7295051411242907 -0.7473873110980508 -0.7594756854610704 -0.7664640956474049 -0.768750547705577 -0.7664640956474049 -0.7594756854610704 -0.7473873110980508 -0.7295051411242907 -0.7048121847134381 -0.6876512385061363 -0.6318756420972096 -0.5810592923628722 -0.4883807497747008 -0.3641338992556181 -0.2223059673924885 0 0 0 0 0
0 0 0 0 -0.2475374594892472 -0.4053946492208207 -0.535131188756807 -0.6196404437739197 -0.6863206107597042 -0.7132593632894316 -0.7473873110980503 -0.773260126392125 -0.7925536150658798 -0.8065184752695005 -0.8160021882249281 -0.8212664089474021 -0.8227414609574347 -0.8212664089474021 -0.8160021882249281 -0.8065184752695005 -0.7925536150658798 -0.773260126392125 -0.7473873110980503 -0.7132593632894316 -0.6863206107597042 -0.6196404437739197 -0.535131188756807 -0.4053946492208207 -0.2475374594892472 0 0 0 0
0 0 0 -0.2475374594892472 -0.4184168575272529 -0.5563996020295456 -0.6335466101553276 -0.6977628646861885 -0.7398626192250589 -0.7754836793070982 -0.802614454099756 -0.8227414609574347 -0.8356507849690165 -0.8452131246856553 -0.8517714435287915 -0.8555929047525291 -0.8568473071884287 -0.8555929047525291 -0.8517714435287915 -0.8452131246856553 -0.8356507849690165 -0.8227414609574347 -0.802614454099756 -0.7754836793070982 -0.7398626192250589 -0.6977628646861885 -0.6335466101553276 -0.5563996020295456 -0.4184168575272529 -0.2475374594892472 0 0 0
0 0 -0.2223059673924885 -0.4053946492208207 -0.5563996020295456 -0.6362780122251794 -0.7048121847134381 -0.7547073409862682 -0.7925536150658798 -0.821266408947402 -0.8398019298240335 -0.8543287371329067 -0.8653473914527919 -0.8733338200997013 -0.878705426042816 -0.8817888972079969 -0.8827928047283624 -0.8817888972079969 -0.878705426042816 -0.8733338200997013 -0.8653473914527919 -0.8543287371329067 -0.8398019298240335 -0.821266408947402 -0.7925536150658798 -0.7547073409862682 -0.7048121847134381 -0.6362780122251794 -0.5563996020295456 -0.4053946492208207 -0.2223059673924885 0 0
0 -0.1761428916231454 -0.3641338992556181 -0.535131188756807 -0.6335466101553276 -0.7048121847134381 -0.75947568546107 -0.8006373220268199 -0.8299960635962339 -0.8504784838328046 -0.8665205092060133 -0.8787054260428159 -0.8869506357391103 -0.892342829457919 -0.8959042666455993 -0.8979245946714466 -0.8985959752769372 -0.8979245946714466 -0.8959042666455993 -0.892342829457919 -0.8869506357391103 -0.8787054260428159 -0.8665205092060133 -0.8504784838328046 -0.8299960635962339 -0.8006373220268199 -0.75947568546107 -0.7048121847134381 -0.6335466101553276 -0.535131188756807 -0.3641338992556181 -0.1761428916231454 0
0 -0.2939352184311845 -0.4883807497747008 -0.6196404437739197 -0.6977628646861885 -0.7547073409862682 -0.8006373220268199 -0.8328403054367077 -0.8555929047525291 -0.8733338200997013 -0.8861418128086092 -0.8945087917115718 -0.900739538441414 -0.9053026868288492 -0.9081796866016497 -0.909750207690009 -0.9102008124594138 -0.909750207690009 -0.9081796866016497 -0.9053026868288492 -0.900739538441414 -0.8945087917115718 -0.8861418128086092 -0.8733338200997013 -0.8555929047525291 -0.8328403054367077 -0.8006373220268199 -0.7547073409862682 -0.6977628646861885 -0.6196404437739197 -0.4883807497747008 -0.2939352184311845 0
-0.2041024671510107 -0.4118967590240338 -0.5810592923628722 -0.6863206107597042 -0.7398626192250589 -0.7925536150658798 -0.8299960635962339 -0.8555929047525291 -0.87551668544606 -0.8893194294538015 -0.8985959752769372 -0.9059038173017198 -0.9105768066701488 -0.9128721229601963 -0.9141470611635282 -0.9147643435749798 -0.9149452979248871 -0.9147643435749798 -0.9141470611635282 -0.9128721229601963 -0.9105768066701488 -0.9059038173017198 -0.8985959752769372 -0.8893194294538015 -0.87551668544606 -0.8555929047525291 -0.8299960635962339 -0.7925536150658798 -0.7398626192250589 -0.6863206107597042 -0.5810592923628722 -0.4118967590240338 -0.2041024671510107
-0.3007654235104238 -0.5061513378512631 -0.6318756420972096 -0.7132593632894316 -0.7754836793070982 -0.821266408947402 -0.8504784838328046 -0.8733338200997013 -0.8893194294538015 -0.9000374325637868 -0.9081796866016496 -0.9125804965750692 -0.9147643435749798 -0.9157681787919808 -0.9161057004291524 -0.9160967930674413 -0.916019674751284 -0.9160967930674413 -0.9161057004291524 -0.9157681787919808 -0.9147643435749798 -0.9125804965750692 -0.9081796866016496 -0.9000374325637868 -0.8893194294538015 -0.8733338200997013 -0.8504784838328046 -0.821266408947402 -0.7754836793070982 -0.7132593632894316 -0.6318756420972096 -0.5061513378512631 -0.3007654235104238
-0.3924440246515935 -0.5764853072980854 -0.6876512385061363 -0.7473873110980503 -0.802614454099756 -0.8398019298240335 -0.8665205092060133 -0.8861418128086092 -0.8985959752769372 -0.9081796866016496 -0.9131515773818415 -0.9154132721909546 -0.9161347468397198 -0.9156029993276759 -0.9148358436346875 -0.9142421383789766 -0.91402171106706 -0.9142421383789766 -0.9148358436346875 -0.9156029993276759 -0.9161347468397198 -0.9154132721909546 -0.9131515773818415 -0.9081796866016496 -0.8985959752769372 -0.8861418128086092 -0.8665205092060133 -0.8398019298240335 -0.802614454099756 -0.7473873110980503 -0.6876512385061363 -0.5764853072980854 -0.3924440246515935
-0.4633119866719625 -0.6196404437739196 -0.7048121847134381 -0.773260126392125 -0.8227414609574347 -0.8543287371329067 -0.8787054260428159 -0.8945087917115718 -0.9059038173017198 -0.9125804965750692 -0.9154132721909546 -0.9160967930674414 -0.9150113878130012 -0.9135467398007195 -0.9121573409765218 -0.9111023906416168 -0.9107161669124552 -0.9111023906416168 -0.9121573409765218 -0.9135467398007195 -0.9150113878130012 -0.9160967930674414 -0.9154132721909546 -0.9125804965750692 -0.9059038173017198 -0.8945087917115718 -0.8787054260428159 -0.8543287371329067 -0.8227414609574347 -0.773260126392125 -0.7048121847134381 -0.6196404437739196 -0.4633119866719625
-0.5178630264341865 -0.6373359233421388 -0.7295051411242907 -0.7925536150658798 -0.8356507849690165 -0.8653473914527919 -0.8869506357391103 -0.900739538441414 -0.9105768066701488 -0.9147643435749798 -0.9161347468397198 -0.9150113878130012 -0.9130258756816425 -0.9107161669124552 -0.9086290329724578 -0.9072502153363705 -0.9067691843960792 -0.9072502153363705 -0.9086290329724578 -0.9107161669124552 -0.9130258756816425 -0.9150113878130012 -0.9161347468397198 -0.9147643435749798 -0.9105768066701488 -0.900739538441414 -0.8869506357391103 -0.8653473914527919 -0.8356507849690165 -0.7925536150658798 -0.7295051411242907 -0.6373359233421388 -0.5178630264341865
-0.5563996020295445 -0.6343291453503372 -0.7473873110980508 -0.8065184752695005 -0.8452131246856553 -0.8733338200997013 -0.892342829457919 -0.9053026868288492 -0.9128721229601963 -0.9157681787919808 -0.9156029993276759 -0.9135467398007195 -0.9107161669124552 -0.9077204919327378 -0.9052608436004544 -0.9036082879616598 -0.903032020915372 -0.9036082879616598 -0.9052608436004544 -0.9077204919327378 -0.9107161669124552 -0.9135467398007195 -0.9156029993276759 -0.9157681787919808 -0.9128721229601963 -0.9053026868288492 -0.892342829457919 -0.8733338200997013 -0.8452131246856553 -0.8065184752695005 -0.7473873110980508 -0.6343291453503372 -0.5563996020295445
-0.5810592923628722 -0.6918175774745454 -0.7594756854610704 -0.8160021882249281 -0.8517714435287915 -0.878705426042816 -0.8959042666455993 -0.9081796866016497 -0.9141470611635282 -0.9161057004291524 -0.9148358436346875 -0.9121573409765218 -0.9086290329724578 -0.9052608436004544 -0.9024457541358403 -0.9006270583236529 -0.9000012283880174 -0.9006270583236529 -0.9024457541358403 -0.9052608436004544 -0.9086290329724578 -0.9121573409765218 -0.9148358436346875 -0.9161057004291524 -0.9141470611635282 -0.9081796866016497 -0.8959042666455993 -0.878705426042816 -0.8517714435287915 -0.8160021882249281 -0.7594756854610704 -0.6918175774745454 -0.5810592923628722
-0.5942582897759532 -0.6962361554312779 -0.7664640956474049 -0.8212664089474021 -0.8555929047525291 -0.8817888972079969 -0.8979245946714466 -0.909750207690009 -0.9147643435749798 -0.9160967930674413 -0.9142421383789766 -0.9111023906416168 -0.9072502153363705 -0.9036082879616598 -0.9006270583236529 -0.8987161284172742 -0.8980551914461194 -0.8987161284172742 -0.9006270583236529 -0.9036082879616598 -0.9072502153363705 -0.9111023906416168 -0.9142421383789766 -0.9160967930674413 -0.9147643435749798 -0.909750207690009 -0.8979245946714466 -0.8817888972079969 -0.8555929047525291 -0.8212664089474021 -0.7664640956474049 -0.6962361554312779 -0.5942582897759532
-0.5984819422280914 -0.6977628646861888 -0.768750547705577 -0.8227414609574347 -0.8568473071884287 -0.8827928047283624 -0.8985959752769372 -0.9102008124594138 -0.9149452979248871 -0.916019674751284 -0.91402171106706 -0.9107161669124552 -0.9067691843960792 -0.903032020915372 -0.9000012283880174 -0.8980551914461194 -0.8973990860013438 -0.8980551914461194 -0.9000012283880174 -0.903032020915372 -0.9067691843960792 -0.9107161669124552 -0.91402171106706 -0.916019674751284 -0.9149452979248871 -0.9102008124594138 -0.8985959752769372 -0.8827928047283624 -0.8568473071884287 -0.8227414609574347 -0.768750547705577 -0.6977628646861888 -0.5984819422280914
-0.5942582897759532 -0.6962361554312779 -0.7664640956474049 -0.8212664089474021 -0.8555929047525291 -0.8817888972079969 -0.8979245946714466 -0.909750207690009 -0.9147643435749798 -0.9160967930674413 -0.9142421383789766 -0.9111023906416168 -0.9072502153363705 -0.9036082879616598 -0.9006270583236529 -0.8987161284172742 -0.8980551914461194 -0.8987161284172742 -0.9006270583236529 -0.9036082879616598 -0.9072502153363705 -0.9111023906416168 -0.9142421383789766 -0.9160967930674413 -0.9147643435749798 -0.909750207690009 -0.8979245946714466 -0.8817888972079969 -0.8555929047525291 -0.8212664089474021 -0.7664640956474049 -0.6962361554312779 -0.5942582897759532
-0.5810592923628722 -0.6918175774745454 -0.7594756854610704 -0.8160021882249281 -0.8517714435287915 -0.878705426042816 -0.8959042666455993 -0.9081796866016497 -0.9141470611635282 -0.9161057004291524 -0.9148358436346875 -0.9121573409765218 -0.9086290329724578 -0.9052608436004544 -0.9024457541358403 -0.9006270583236529 -0.9000012283880174 -0.9006270583236529 -0.9024457541358403 -0.9052608436004544 -0.9086290329724578 -0.9121573409765218 -0.9148358436346875 -0.9161057004291524 -0.9141470611635282 -0.9081796866016497 -0.8959042666455993 -0.878705426042816 -0.8517714435287915 -0.8160021882249281 -0.7594756854610704 -0.6918175774745454 -0.5810592923628722
-0.5563996020295445 -0.6343291453503372 -0.7473873110980508 -0.8065184752695005 -0.8452131246856553 -0.8733338200997013 -0.892342829457919 -0.9053026868288492 -0.9128721229601963 -0.9157681787919808 -0.9156029993276759 -0.9135467398007195 -0.9107161669124552 -0.9077204919327378 -0.9052608436004544 -0.9036082879616598 -0.903032020915372 -0.9036082879616598 -0.9052608436004544 -0.9077204919327378 -0.9107161669124552 -0.9135467398007195 -0.9156029993276759 -0.9157681787919808 -0.9128721229601963 -0.9053026868288492 -0.892342829457919 -0.8733338200997013 -0.8452131246856553 -0.8065184752695005 -0.7473873110980508 -0.6343291453503372 -0.5563996020295445
-0.5178630264341865 -0.6373359233421388 -0.7295051411242907 -0.7925536150658798 -0.8356507849690165 -0.8653473914527919 -0.8869506357391103 -0.900739538441414 -0.9105768066701488 -0.9147643435749798 -0.9161347468397198 -0.9150113878130012 -0.9130258756816425 -0.9107161669124552 -0.9086290329724578 -0.9072502153363705 -0.9067691843960792 -0.9072502153363705 -0.9086290329724578 -0.9107161669124552 -0.9130258756816425 -0.9150113878130012 -0.9161347468397198 -0.9147643435749798 -0.9105768066701488 -0.900739538441414 -0.8869506357391103 -0.8653473914527919 -0.8356507849690165 -0.7925536150658798 -0.7295051411242907 -0.6373359233421388 -0.5178630264341865
-0.4633119866719625 -0.6196404437739196 -0.7048121847134381 -0.773260126392125 -0.8227414609574347 -0.8543287371329067 -0.8787054260428159 -0.8945087917115718 -0.9059038173017198 -0.9125804965750692 -0.9154132721909546 -0.9160967930674414 -0.9150113878130012 -0.9135467398007195 -0.9121573409765218 -0.9111023906416168 -0.9107161669124552 -0.9111023906416168 -0.9121573409765218 -0.9135467398007195 -0.9150113878130012 -0.9160967930674414 -0.9154132721909546 -0.9125804965750692 -0.9059038173017198 -0.8945087917115718 -0.8787054260428159 -0.8543287371329067 -0.8227414609574347 -0.773260126392125 -0.7048121847134381 -0.6196404437739196 -0.4633119866719625
-0.3924440246515935 -0.5764853072980854 -0.6876512385061363 -0.7473873110980503 -0.802614454099756 -0.8398019298240335 -0.8665205092060133 -0.8861418128086092 -0.8985959752769372 -0.9081796866016496 -0.9131515773818415 -0.9154132721909546 -0.9161347468397198 -0.9156029993276759 -0.9148358436346875 -0.9142421383789766 -0.91402171106706 -0.9142421383789766 -0.9148358436346875 -0.9156029993276759 -0.9161347468397198 -0.9154132721909546 -0.9131515773818415 -0.9081796866016496 -0.8985959752769372 -0.8861418128086092 -0.8665205092060133 -0.8398019298240335 -0.802614454099756 -0.7473873110980503 -0.6876512385061363 -0.5764853072980854 -0.3924440246515935
-0.3007654235104238 -0.5061513378512631 -0.6318756420972096 -0.7132593632894316 -0.7754836793070982 -0.821266408947402 -0.8504784838328046 -0.8733338200997013 -0.8893194294538015 -0.9000374325637868 -0.9081796866016496 -0.9125804965750692 -0.9147643435749798 -0.9157681787919808 -0.9161057004291524 -0.9160967930674413 -0.916019674751284 -0.9160967930674413 -0.9161057004291524 -0.9157681787919808 -0.9147643435749798 -0.9125804965750692 -0.9081796866016496 -0.9000374325637868 -0.8893194294538015 -0.8733338200997013 -0.8504784838328046 -0.821266408947402 -0.7754836793070982 -0.7132593632894316 -0.6318756420972096 -0.5061513378512631 -0.3007654235104238
-0.2041024671510107 -0.4118967590240338 -0.5810592923628722 -0.6863206107597042 -0.7398626192250589 -0.7925536150658798 -0.8299960635962339 -0.8555929047525291 -0.87551668544606 -0.8893194294538015 -0.8985959752769372 -0.9059038173017198 -0.9105768066701488 -0.9128721229601963 -0.9141470611635282 -0.9147643435749798 -0.9149452979248871 -0.9147643435749798 -0.9141470611635282 -0.9128721229601963 -0.9105768066701488 -0.9059038173017198 -0.8985959752769372 -0.8893194294538015 -0.87551668544606 -0.8555929047525291 -0.8299960635962339 -0.7925536150658798 -0.7398626192250589 -0.6863206107597042 -0.5810592923628722 -0.4118967590240338 -0.2041024671510107
0 -0.2939352184311845 -0.4883807497747008 -0.6196404437739197 -0.6977628646861885 -0.7547073409862682 -0.8006373220268199 -0.8328403054367077 -0.8555929047525291 -0.8733338200997013 -0.8861418128086092 -0.8945087917115718 -0.900739538441414 -0.9053026868288492 -0.9081796866016497 -0.909750207690009 -0.9102008124594138 -0.909750207690009 -0.9081796866016497 -0.9053026868288492 -0.900739538441414 -0.8945087917115718 -0.8861418128086092 -0.8733338200997013 -0.8555929047525291 -0.8328403054367077 -0.8006373220268199 -0.7547073409862682 -0.6977628646861885 -0.6196404437739197 -0.4883807497747008 -0.2939352184311845 0
0 -0.1761428916231454 -0.3641338992556181 -0.535131188756807 -0.6335466101553276 -0.7048121847134381 -0.75947568546107 -0.8006373220268199 -0.8299960635962339 -0.8504784838328046 -0.8665205092060133 -0.8787054260428159 -0.8869506357391103 -0.892342829457919 -0.8959042666455993 -0.8979245946714466 -0.8985959752769372 -0.8979245946714466 -0.8959042666455993 -0.892342829457919 -0.8869506357391103 -0.8787054260428159 -0.8665205092060133 -0.8504784838328046 -0.8299960635962339 -0.8006373220268199 -0.75947568546107 -0.7048121847134381 -0.6335466101553276 -0.535131188756807 -0.3641338992556181 -0.1761428916231454 0
0 0 -0.2223059673924885 -0.4053946492208207 -0.5563996020295456 -0.6362780122251794 -0.7048121847134381 -0.7547073409862682 -0.7925536150658798 -0.821266408947402 -0.8398019298240335 -0.8543287371329067 -0.8653473914527919 -0.8733338200997013 -0.878705426042816 -0.8817888972079969 -0.8827928047283624 -0.8817888972079969 -0.878705426042816 -0.8733338200997013 -0.8653473914527919 -0.8543287371329067 -0.8398019298240335 -0.821266408947402 -0.7925536150658798 -0.7547073409862682 -0.7048121847134381 -0.6362780122251794 -0.5563996020295456 -0.4053946492208207 -0.2223059673924885 0 0
0 0 0 -0.2475374594892472 -0.4184168575272529 -0.5563996020295456 -0.6335466101553276 -0.6977628646861885 -0.7398626192250589 -0.7754836793070982 -0.802614454099756 -0.8227414609574347 -0.8356507849690165 -0.8452131246856553 -0.8517714435287915 -0.8555929047525291 -0.8568473071884287 -0.8555929047525291 -0.8517714435287915 -0.8452131246856553 -0.8356507849690165 -0.8227414609574347 -0.802614454099756 -0.7754836793070982 -0.7398626192250589 -0.6977628646861885 -0.6335466101553276 -0.5563996020295456 -0.4184168575272529 -0.2475374594892472 0 0 0
0 0 0 0 -0.2475374594892472 -0.4053946492208207 -0.535131188756807 -0.6196404437739197 -0.6863206107597042 -0.7132593632894316 -0.7473873110980503 -0.773260126392125 -0.7925536150658798 -0.8065184752695005 -0.8160021882249281 -0.8212664089474021 -0.8227414609574347 -0.8212664089474021 -0.8160021882249281 -0.8065184752695005 -0.7925536150658798 -0.773260126392125 -0.7473873110980503 -0.7132593632894316 -0.6863206107597042 -0.6196404437739197 -0.535131188756807 -0.4053946492208207 -0.2475374594892472 0 0 0 0
0 0 0 0 0 -0.2223059673924885 -0.3641338992556181 -0.4883807497747008 -0.5810592923628722 -0.6318756420972096 -0.6876512385061363 -0.7048121847134381 -0.7295051411242907 -0.7473873110980508 -0.7594756854610704 -0.7664640956474049 -0.768750547705577 -0.7664640956474049 -0.7594756854610704 -0.7473873110980508 -0.7295051411242907 -0.7048121847134381 -0.6876512385061363 -0.6318756420972096 -0.5810592923628722 -0.4883807497747008 -0.3641338992556181 -0.2223059673924885 0 0 0 0 0
0 0 0 0 0 0 -0.1761428916231454 -0.2939352184311845 -0.4118967590240338 -0.5061513378512631 -0.5764853072980854 -0.6196404437739196 -0.6373359233421388 -0.6343291453503372 -0.6918175774745454 -0.6962361554312779 -0.6977628646861888 -0.6962361554312779 -0.6918175774745454 -0.6343291453503372 -0.6373359233421388 -0.6196404437739196 -0.5764853072980854 -0.5061513378512631 -0.4118967590240338 -0.2939352184311845 -0.1761428916231454 0 0 0 0 0 0
0 0 0 0 0 0 0 0 -0.2041024671510107 -0.3007654235104238 -0.3924440246515935 -0.4633119866719625 -0.5178630264341865 -0.5563996020295445 -0.5810592923628722 -0.5942582897759532 -0.5984819422280914 -0.5942582897759532 -0.5810592923628722 -0.5563996020295445 -0.5178630264341865 -0.4633119866719625 -0.3924440246515935 -0.3007654235104238 -0.2041024671510107 0 0 0 0 0 0 0 0
0 0 0 0 0 0 -0.3380081371907186 -0.4280570493059219 -0.5061090889866753 -0.5757749928614067 -0.6319165634191362 -0.680010146433116 -0.718789266791373 -0.7474456251617624 -0.768348040934328 -0.7804357383326862 -0.7843884640724014 -0.7804357383326862 -0.768348040934328 -0.7474456251617624 -0.718789266791373 -0.680010146433116 -0.6319165634191362 -0.5757749928614067 -0.5061090889866753 -0.4280570493059219 -0.3380081371907186 0 0 0 0 0 0
0 0 0 0 0 -0.3857774932979041 -0.4826231150181797 -0.5712820562863163 -0.6452071502507951 -0.710391743113018 -0.7642428440398382 -0.8072867712576731 -0.8409150427046916 -0.8658084551390488 -0.8831487307590051 -0.8934056808705506 -0.8967889254111433 -0.8934056808705506 -0.8831487307590051 -0.8658084551390488 -0.8409150427046916 -0.8072867712576731 -0.7642428440398382 -0.710391743113018 -0.6452071502507951 -0.5712820562863163 -0.4826231150181797 -0.3857774932979041 0 0 0 0 0
0 0 0 0 -0.4140660202041437 -0.5204091596008875 -0.6151119653712741 -0.6975572985532744 -0.768348040934328 -0.825266449125064 -0.8727780934795225 -0.9101872136545395 -0.939331254864976 -0.9606894624476109 -0.9750511714791902 -0.9831231797623592 -0.9857503408807218 -0.9831231797623592 -0.9750511714791902 -0.9606894624476109 -0.939331254864976 -0.9101872136545395 -0.8727780934795225 -0.825266449125064 -0.768348040934328 -0.6975572985532744 -0.6151119653712741 -0.5204091596008875 -0.4140660202041437 0 0 0 0
0 0 0 -0.4234062856312287 -0.5392032199182926 -0.6407661527072823 -0.7311425367334387 -0.8072867712576738 -0.869298814254967 -0.9200910143820541 -0.9606894624476099 -0.9909079378455412 -1.010901846703065 -1.021384235003542 -1.03991442359848 -1.045273215042925 -1.047027078004985 -1.045273215042925 -1.03991442359848 -1.021384235003542 -1.010901846703065 -0.9909079378455412 -0.9606894624476099 -0.9200910143820541 -0.869298814254967 -0.8072867712576738 -0.7311425367334387 -0.6407661527072823 -0.5392032199182926 -0.4234062856312287 0 0 0
0 0 -0.4140660202041437 -0.5392032199182926 -0.6496191359198638 -0.7474456251617622 -0.8300141168193211 -0.896788925411141 -0.9517166025278251 -0.9934378750998833 -1.018743403259188 -1.047027078004985 -1.062046295461206 -1.072467983236376 -1.078762607611189 -1.082297405711415 -1.083435253964576 -1.082297405711415 -1.078762607611189 -1.072467983236376 -1.062046295461206 -1.047027078004985 -1.018743403259188 -0.9934378750998833 -0.9517166025278251 -0.896788925411141 -0.8300141168193211 -0.7474456251617622 -0.6496191359198638 -0.5392032199182926 -0.4140660202041437 0 0
0 -0.3857774932979041 -0.5204091596008875 -0.6407661527072823 -0.7474456251617622 -0.8372959749176665 -0.9101872136545395 -0.9694420481320354 -1.010901846703065 -1.045273215042925 -1.066730980585676 -1.081139340144041 -1.090833333012907 -1.097059469781163 -1.099240217904789 -1.100316879071394 -1.100637113351626 -1.100316879071394 -1.099240217904789 -1.097059469781163 -1.090833333012907 -1.081139340144041 -1.066730980585676 -1.045273215042925 -1.010901846703065 -0.9694420481320354 -0.9101872136545395 -0.8372959749176665 -0.7474456251617622 -0.6407661527072823 -0.5204091596008875 -0.3857774932979041 0
-0.3380081371907186 -0.4826231150181797 -0.6151119653712741 -0.7311425367334387 -0.8300141168193211 -0.9101872136545395 -0.9750511714791916 -1.017317602698032 -1.05554508114337 -1.07754396893414 -1.091809149617997 -1.09924021790479 -1.101948388926615 -1.102973261715474 -1.103127730604887 -1.102990337925664 -1.102906323646534 -1.102990337925664 -1.103127730604887 -1.102973261715474 -1.101948388926615 -1.09924021790479 -1.091809149617997 -1.07754396893414 -1.05554508114337 -1.017317602698032 -0.9750511714791916 -0.9101872136545395 -0.8300141168193211 -0.7311425367334387 -0.6151119653712741 -0.4826231150181797 -0.3380081371907186
-0.4280570493059219 -0.5712820562863163 -0.6975572985532744 -0.8072867712576738 -0.896788925411141 -0.9694420481320354 -1.017317602698032 -1.058831417298944 -1.082297405711415 -1.097059469781163 -1.10172477949512 -1.103123558261492 -1.102539994186712 -1.100259248956682 -1.097312298691934 -1.095316891697686 -1.09461443944652 -1.095316891697686 -1.097312298691934 -1.100259248956682 -1.102539994186712 -1.103123558261492 -1.10172477949512 -1.097059469781163 -1.082297405711415 -1.058831417298944 -1.017317602698032 -0.9694420481320354 -0.896788925411141 -0.8072867712576738 -0.6975572985532744 -0.5712820562863163 -0.4280570493059219
