# Created by Octave 4.4.1, Thu Jun 11 16:49:15 2020 CEST <peter@peter-debian>
# name: x_opt
# type: matrix
# rows: 12
# columns: 1
 -0.00022735551320969603
 4.0752702312583326e-05
 0.0076602834628960136
 0.001227223536896162
 0.024409991434450468
 0.0032428541000184539
 -0.0091730166525177542
 0.0045345302704708473
 -0.0040895537260494854
 -0.0032324829235199923
 -0.0045678174923982568
 -0.00086415737767678985


# name: obj_opt
# type: scalar
7525122.7264168952


