# Created by Octave 4.4.1, Sat Jun 13 06:19:41 2020 CEST <peter@peter-debian>
# name: x_opt
# type: matrix
# rows: 12
# columns: 1
 0.00036283189916011896
 4.3384430996469515e-05
 0.0080310598544212561
 -0.0045352352271702178
 0.024703790987739151
 0.0070897460046648606
 -0.0084654986971195497
 0.0039335196298279805
 -0.0034956120120442111
 -0.0028301305408119431
 -0.0060308416910495955
 -0.0029388220182329076


# name: obj_opt
# type: scalar
6834392.4501786586


