# Created by Octave 4.4.1, Sat Jun 13 09:54:44 2020 CEST <peter@peter-debian>
# name: volume_constraint_init
# type: scalar
-3.5962685512162125


# name: volume_constraint_opt
# type: scalar
-35.536996587924364


# name: obj_init
# type: scalar
8141148.5541995


# name: obj_opt
# type: scalar
6834392.4501786586


# name: max_init
# type: scalar
10405685.57085388


# name: max_opt
# type: scalar
7884046.6879122686


