# Created by Octave 5.2.0, Thu Jul 30 06:56:41 2020 CEST <peter@peter-fedora>
# name: x_opt
# type: matrix
# rows: 14
# columns: 1
 0.00027598096861222867
 4.8440148100389696e-05
 0.0012981875579987868
 -0.00036378447010249916
 0.00074067365404395014
 -0.0015909650095884207
 0.00072848531536791317
 -0.0023763543817213384
 -0.0015799748691280831
 0.004376519702169508
 0.00021856717763570646
 -0.00028143801886908366
 0.0098706356849769684
 -0.0037818709120687999


# name: obj_opt
# type: scalar
8918732.9754119273


