# Created by Octave 5.2.0, Mon Jul 27 14:17:47 2020 CEST <peter@peter-fedora>
# name: x_opt
# type: matrix
# rows: 12
# columns: 1
 -0.00014858690084007254
 5.8909915183897281e-05
 1.892938812106979e-07
 -1.7371557905811867e-05
 3.5303399427046943e-06
 -6.4804102547971184e-05
 -4.0641841268908844e-05
 -9.268029311339624e-06
 -3.0027996035847814e-05
 -5.167197095438282e-05
 0.00014117885767907676
 -2.9928997901939591e-05


# name: obj_opt
# type: scalar
8980285.8782731611


