# Created by Octave 5.2.0, Wed Jul 22 23:13:42 2020 CEST <peter@peter-lenovo>
# name: x_opt
# type: matrix
# rows: 10
# columns: 1
 -0.012361233376693254
 0.00039422605356451926
 0.0096230536801977483
 0.014346030800087272
 0.012367464879874253
 0.024883508434444791
 -0.0012855520712799144
 -0.00047828049682420426
 -0.0059103383328176357
 0.0052128679079008911


# name: obj_opt
# type: scalar
8985590.1279403064


