# Created by Octave 5.2.0, Sun Sep 13 04:13:14 2020 CEST <peter@peter-fedora>
# name: x_opt
# type: matrix
# rows: 14
# columns: 1
 0.0025813489457377371
 0.0003574701205477032
 0.00049289676927492159
 0.00036626519028969411
 0.004413377788562706
 -0.002239346787799384
 0.0029415280148733743
 -0.0016854919569415196
 -0.0036923039296479017
 0.00021907878209700518
 -0.0022194959104858913
 -0.0020934613520976132
 0.0087270323777106952
 0.0030819210639196092


# name: obj_opt
# type: scalar
8913786.7328643091


