# Created by Octave 5.2.0, Sat Sep 05 11:44:30 2020 CEST <peter@peter-fedora>
# name: x_opt
# type: matrix
# rows: 16
# columns: 1
 -0.00081005074172354888
 4.2085379303424892e-05
 0.00015915329673244559
 -0.00073141665039188719
 0.00053470921624667721
 -0.00099813974283906684
 0.0019455992410773771
 -0.00059921290644472463
 0.00072186976590384337
 -0.0020032832143104286
 0.0010786445644496423
 0.0012658420588756874
 0.0051084598042986807
 -0.00073817013004015802
 0.0058137499463988881
 -0.00019540408437023431


# name: obj_opt
# type: scalar
8831395.4407137521


