# Created by Octave 5.2.0, Mon Sep 14 00:32:43 2020 CEST <peter@peter-fedora>
# name: x_opt
# type: matrix
# rows: 16
# columns: 1
 3.1391848583608262e-07
 6.2686572391435412e-07
 1.1067254922813194e-06
 -5.5684797545699151e-07
 5.8482172877559438e-06
 -1.0508053023648325e-06
 -1.234555956246413e-06
 -2.4113427368237257e-06
 -2.5421558130160876e-07
 -2.1934217359529669e-06
 -2.6091646513681253e-06
 -4.0101771620105525e-06
 8.6428417141274841e-08
 -1.0899437571457817e-06
 5.2246479388807177e-06
 -3.1165769099673276e-06


# name: obj_opt
# type: scalar
8913729.029910082


