# Created by Octave 5.2.0, Thu Aug 27 05:23:53 2020 CEST <peter@peter-fedora>
# name: x_opt
# type: matrix
# rows: 12
# columns: 1
 3.0848597873928561e-05
 2.236733006181646e-06
 -4.3369575367174462e-05
 -9.8439156169487184e-05
 4.7841087825379129e-05
 -0.00020992798789335281
 2.996908278029589e-05
 0.00011143679676372342
 0.00036047460239160432
 -0.00061107310106286647
 5.5826627177221856e-05
 -9.6998165611311511e-05


# name: obj_opt
# type: scalar
8976045.0146987308


