# Created by Octave 5.2.0, Fri Jul 31 06:58:03 2020 CEST <peter@peter-fedora>
# name: x_opt
# type: matrix
# rows: 16
# columns: 1
 0.00017455937826203898
 1.718732841942523e-05
 8.6025597926253747e-05
 2.711717846357195e-06
 0.00094140806305730127
 0.00010218962276791231
 1.2146386550138966e-05
 -6.3055320133049571e-05
 -0.00072901834701443553
 -0.00050527423828394726
 0.00096522064368820379
 -4.8401828283066571e-05
 0.00054677426787183949
 -0.00012471124629704166
 0.00022437269784483921
 0.0005502697070613366


# name: obj_opt
# type: scalar
8894927.6158258934


