# Created by Octave 5.2.0, Tue Sep 08 12:08:50 2020 CEST <peter@peter-fedora>
# name: x_opt
# type: matrix
# rows: 22
# columns: 1
 0.00013776791826119723
 0.00059153837285449778
 -2.9897113394739025e-05
 -2.6809421226772118e-05
 -0.00033130509945499459
 -8.3296042133250932e-05
 0.00076265883167150005
 0.0001239555668224679
 0.00035285215222108525
 -6.8176042526441969e-05
 -0.00038912676767670226
 -0.00065718271413483132
 -0.00056161641966629154
 0.00036250462957081425
 4.6546317830198566e-05
 0.00013081573197328981
 -0.00026095898277532969
 0.00016764790069618822
 -0.001270797240647437
 0.00043841413802406357
 0.0087573729714971495
 -5.9829433780966834e-05


# name: obj_opt
# type: scalar
8795856.2667117231


