# Created by Octave 4.4.1, Sun Mar 24 18:31:17 2019 CET <peter@peter-ubuntu>
# name: N_it
# type: scalar
5


# name: errh1
# type: matrix
# rows: 1
# columns: 5
 NaN 71636698636.418945 155159.68455675957 9766.2748268488631 9766.1740965860045


# name: errl2
# type: matrix
# rows: 1
# columns: 5
 NaN 416420191.22118753 380.13165509736081 84.259546666325349 84.653717367603164


