# Created by Octave 4.4.1, Sun Mar 24 19:58:14 2019 CET <peter@peter-ubuntu>
# name: N_it
# type: scalar
5


# name: errh1
# type: matrix
# rows: 1
# columns: 6
 19225.978759133512 11508.887855911702 5421.1415385611699 2154.8284278789824 829.51728550047403 355.92897143735649


# name: errl2
# type: matrix
# rows: 1
# columns: 6
 263.86132182957374 91.943922103234073 22.130423588597349 4.2474846972770495 0.73227350762215548 0.1300765401056686


