# Created by Octave 4.4.1, Sun Mar 24 17:18:57 2019 CET <peter@peter-ubuntu>
# name: N_it
# type: scalar
4


# name: errh1
# type: matrix
# rows: 1
# columns: 4
 NaN 5668187.6047229329 19224.422010687154 19221.097814183886


# name: errl2
# type: matrix
# rows: 1
# columns: 4
 NaN 23291.88479413544 263.8536357658104 264.01513706970371


