# Created by Octave 4.0.3, Tue May 21 17:01:15 2019 CEST <abele@phobos>
# name: normh1_ref
# type: matrix
# rows: 1
# columns: 9
 1696.690378635342 1696.690378635342 1696.690378635342 1696.690378635342 1696.690378635342 1696.690378635342 1696.690378635342 1696.690378635342 1696.690378635342


# name: normh1
# type: matrix
# rows: 1
# columns: 9
 1696.669476121304 1696.635955679485 1696.664216023534 1696.680601798653 1696.686530742112 1696.688883635272 1696.68982203494 1696.690195127321 1696.690343099103


# name: norml2_ref
# type: matrix
# rows: 1
# columns: 9
 1696.481361092888 1696.481361092888 1696.481361092888 1696.481361092888 1696.481361092888 1696.481361092888 1696.481361092888 1696.481361092888 1696.481361092888


# name: norml2
# type: matrix
# rows: 1
# columns: 9
 1696.481960386205 1696.488525190183 1696.484841468325 1696.482663805281 1696.48187322398 1696.481560078897 1696.481435258164 1696.481385584157 1696.481365850922


