# Created by Octave 4.0.3, Tue May 28 20:34:47 2019 CEST <abele@phobos>
# name: normh1_ref
# type: matrix
# rows: 1
# columns: 8
 1696.690284867754 1696.690284867754 1696.690284867754 1696.690284867754 1696.690284867754 1696.690284867754 1696.690284867754 1696.690284867754


# name: normh1
# type: matrix
# rows: 1
# columns: 8
 1696.525861871843 1696.526206553652 1696.549956473683 1696.617670968033 1696.660486201197 1696.678889177948 1696.686014212507 1696.688732138855


# name: norml2_ref
# type: matrix
# rows: 1
# columns: 8
 1696.48137359353 1696.48137359353 1696.48137359353 1696.48137359353 1696.48137359353 1696.48137359353 1696.48137359353 1696.48137359353


# name: norml2
# type: matrix
# rows: 1
# columns: 8
 1696.525861871843 1696.526192665097 1696.505116795495 1696.491362293558 1696.485260658511 1696.482857810228 1696.481936431114 1696.481581002076


