# Created by Octave 4.0.3, Tue May 28 01:22:09 2019 CEST <abele@phobos>
# name: normh1_ref
# type: matrix
# rows: 1
# columns: 8
 1696.690284867754 1696.690284867754 1696.690284867754 1696.690284867754 1696.690284867754 1696.690284867754 1696.690284867754 1696.690284867754


# name: normh1
# type: matrix
# rows: 1
# columns: 8
 1696.610775937774 1696.631667755215 1696.642982134681 1696.671323615456 1696.683066537714 1696.687522681786 1696.689282642026 1696.689981422096


# name: norml2_ref
# type: matrix
# rows: 1
# columns: 8
 1696.48137359353 1696.48137359353 1696.48137359353 1696.48137359353 1696.48137359353 1696.48137359353 1696.48137359353 1696.48137359353


# name: norml2
# type: matrix
# rows: 1
# columns: 8
 1696.496423394557 1696.48769119148 1696.48772576198 1696.483894983694 1696.482335613615 1696.481742065563 1696.481507515337 1696.481414274569


