# Created by Octave 4.0.3, Wed May 29 01:36:30 2019 CEST <abele@phobos>
# name: normh1_ref
# type: matrix
# rows: 1
# columns: 8
 1696.690284867754 1696.690284867754 1696.690284867754 1696.690284867754 1696.690284867754 1696.690284867754 1696.690284867754 1696.690284867754


# name: normh1
# type: matrix
# rows: 1
# columns: 8
 1696.525861871843 1696.526263511697 1696.549896809054 1696.617671758142 1696.660488191665 1696.678889485464 1696.686014249038 1696.688732142879


# name: norml2_ref
# type: matrix
# rows: 1
# columns: 8
 1696.48137359353 1696.48137359353 1696.48137359353 1696.48137359353 1696.48137359353 1696.48137359353 1696.48137359353 1696.48137359353


# name: norml2
# type: matrix
# rows: 1
# columns: 8
 1696.525861871843 1696.526244886453 1696.505134675679 1696.491362123304 1696.485260402275 1696.482857773958 1696.481936426972 1696.481581001622


