# Created by Octave 4.0.3, Tue May 21 16:49:22 2019 CEST <abele@phobos>
# name: normh1_ref
# type: matrix
# rows: 1
# columns: 9
 1696.690378635342 1696.690378635342 1696.690378635342 1696.690378635342 1696.690378635342 1696.690378635342 1696.690378635342 1696.690378635342 1696.690378635342


# name: normh1
# type: matrix
# rows: 1
# columns: 9
 1696.670618758038 1696.63601900946 1696.66422237917 1696.680602164881 1696.686530779737 1696.688883638929 1696.689822035307 1696.690195127351 1696.690343099096


# name: norml2_ref
# type: matrix
# rows: 1
# columns: 9
 1696.481361092888 1696.481361092888 1696.481361092888 1696.481361092888 1696.481361092888 1696.481361092888 1696.481361092888 1696.481361092888 1696.481361092888


# name: norml2
# type: matrix
# rows: 1
# columns: 9
 1696.481799649637 1696.488515559843 1696.484840679208 1696.482663763895 1696.48187321981 1696.481560078494 1696.481435258121 1696.481385584154 1696.481365850917


