# Created by Octave 4.0.3, Tue May 28 01:28:42 2019 CEST <abele@phobos>
# name: normh1_ref
# type: matrix
# rows: 1
# columns: 8
 1696.690284867754 1696.690284867754 1696.690284867754 1696.690284867754 1696.690284867754 1696.690284867754 1696.690284867754 1696.690284867754


# name: normh1
# type: matrix
# rows: 1
# columns: 8
 1696.610391449846 1696.631606285506 1696.643004990434 1696.671327785093 1696.683066881573 1696.687522716886 1696.689282645644 1696.689981422458


# name: norml2_ref
# type: matrix
# rows: 1
# columns: 8
 1696.48137359353 1696.48137359353 1696.48137359353 1696.48137359353 1696.48137359353 1696.48137359353 1696.48137359353 1696.48137359353


# name: norml2
# type: matrix
# rows: 1
# columns: 8
 1696.496498597261 1696.487699297773 1696.487722352297 1696.483894475234 1696.48233557474 1696.481742061682 1696.481507514941 1696.481414274525


