# Created by Octave 4.4.1, Sun Feb 09 13:42:21 2020 CET <peter@peter-ubuntu>
# name: errh1
# type: matrix
# rows: 5
# columns: 1
 84555.231255382547
 48773.820788470242
 25595.837214059185
 10985.558883924516
 5633.5997802328775


# name: errl2
# type: matrix
# rows: 5
# columns: 1
 1346.0270038787148
 416.78942907284534
 103.77550009303327
 18.30230081324763
 6.3334297960907797


